 1.968428803337686 -0.5358686979256944 0.0 -0.5358686979256944 0.5080193900355404 0.0 0.0 0.0 1.1462585630694726  0.013828465210497807 -0.004780854764151226 0.0 -0.004780854764151226 0.008373232076421816 0.0 0.0 0.0 0.01480570458793607 
 0.7474163135195555 -0.6855488548051738 0.0 -0.6855488548051738 1.3379424316965165 0.0 0.0 0.0 1.992516217926147  0.4631487004086478 -0.13095583519423606 0.0 -0.13095583519423606 0.3110568502147254 0.0 0.0 0.0 0.3835133783345999 
 2.7854870026057936 -0.5571240569857425 0.0 -0.5571240569857425 0.35900364965426534 0.0 0.0 0.0 1.8344297857308043  110.69627649174018 -31.85488157431681 0.0 -31.85488157431681 23.692508359481486 0.0 0.0 0.0 54.62057100315286 
 1.2683883541553596 -0.6242543919115382 0.0 -0.6242543919115382 0.7884020668621766 0.0 0.0 0.0 1.2045209949707347  0.03666814645446738 -0.020456083979761296 0.0 -0.020456083979761296 0.02720804122140389 0.0 0.0 0.0 0.03442502447689363 
 0.89790995828663 -0.36026716615538484 0.0 -0.36026716615538484 1.113697415616345 0.0 0.0 0.0 1.1970607167533627  0.544161188921431 -0.8384807339298946 0.0 -0.8384807339298946 4.640431588138641 0.0 0.0 0.0 2.166881534214628 
 0.642542821013009 -0.4941809529775867 0.0 -0.4941809529775867 1.5563165088724162 0.0 0.0 0.0 1.2676445674399488  15.41142607888641 -17.244013727626733 0.0 -17.244013727626733 127.88805746128241 0.0 0.0 0.0 54.02288808199849 
 1.6393432534140702 -0.44538973052044006 0.0 -0.44538973052044006 0.6100003754048555 0.0 0.0 0.0 1.3833312884319457  0.11912995585913627 -0.02571366031351883 0.0 -0.02571366031351883 0.027405569074476856 0.0 0.0 0.0 0.07955588506687902 
 0.8462537887817276 -0.4399580659143791 0.0 -0.4399580659143791 1.1816786090135045 0.0 0.0 0.0 1.1791519960215175  0.27177642137455355 -0.03782015620254235 0.0 -0.03782015620254235 0.028601808225276186 0.0 0.0 0.0 0.1293997555361423 
 0.6464943981567531 -0.33182255489420115 0.0 -0.33182255489420115 1.5468038127648767 0.0 0.0 0.0 1.033079145658847  0.42390334399171636 -0.09850009511326362 0.0 -0.09850009511326362 0.20213712778585224 0.0 0.0 0.0 0.30958733004611627 
 0.3974344013866144 -0.6994840542873408 0.0 -0.6994840542873408 2.5161385036400628 0.0 0.0 0.0 1.3347608960147805  2.062283572865646 -2.519775639837722 0.0 -2.519775639837722 9.277607171107304 0.0 0.0 0.0 5.22921096359136 
 0.4913750526328172 -0.536298494195014 0.0 -0.536298494195014 2.03510535311457 0.0 0.0 0.0 1.0163914736144377  0.09760054589639096 -0.08769558798878695 0.0 -0.08769558798878695 0.16890776309489938 0.0 0.0 0.0 0.16140629727759478 
 1.4916857736885356 -0.6444747623417206 0.0 -0.6444747623417206 0.6703824744049616 0.0 0.0 0.0 1.0368311189268467  11.540105094185371 -10.006839808276139 0.0 -10.006839808276139 68.97190681760969 0.0 0.0 0.0 38.69407833180562 
 2.3890047220698927 -0.61944416127015 0.0 -0.61944416127015 0.41858435471553834 0.0 0.0 0.0 1.8916132675140027  23.80434625874621 -3.0749315901179957 0.0 -3.0749315901179957 2.7115752576582137 0.0 0.0 0.0 8.782090687822075 
 1.0889112442748894 -0.4530981413774864 0.0 -0.4530981413774864 0.9183484928249632 0.0 0.0 0.0 1.4100949190450311  0.05165016890975228 -0.04468203826039152 0.0 -0.04468203826039152 0.18451458518278652 0.0 0.0 0.0 0.14701322057510133 
 1.2312037231229602 -0.5417829541502066 0.0 -0.5417829541502066 0.812213268380549 0.0 0.0 0.0 1.1266569340667896  45.29376056908331 -19.542622234818595 0.0 -19.542622234818595 32.649339586950006 0.0 0.0 0.0 61.94975977918544 
 0.9062955787191803 -0.3465644693904525 0.0 -0.3465644693904525 1.1033927820912988 0.0 0.0 0.0 1.8232430016060854  46.82139362183796 -37.50722779120456 0.0 -37.50722779120456 98.8551884521124 0.0 0.0 0.0 121.54637972082372 
 1.1229979656136126 -0.33416744494054673 0.0 -0.33416744494054673 0.8904735632834332 0.0 0.0 0.0 1.6524366513327027  3.816065631548266 -0.8346377447403862 0.0 -0.8346377447403862 2.003651845980837 0.0 0.0 0.0 3.1538649832152346 
 2.999144871572693 -0.4071115919363852 0.0 -0.4071115919363852 0.33342837469389053 0.0 0.0 0.0 1.361601615578591  3.1878526322664733 -3.338462627955243 0.0 -3.338462627955243 10.864117529204321 0.0 0.0 0.0 6.695888777746409 
 1.466486680629668 -0.40811404755641956 0.0 -0.40811404755641956 0.6819018632822688 0.0 0.0 0.0 1.485893360141221  8.893882219248198 -1.9911119045034433 0.0 -1.9911119045034433 1.8046482786099285 0.0 0.0 0.0 6.71823876621623 
 1.3234693195771556 -0.6080515328767824 0.0 -0.6080515328767824 0.7555898615915758 0.0 0.0 0.0 1.420508147574955  0.7775786834396317 -0.5439380624760676 0.0 -0.5439380624760676 1.4201646261391632 0.0 0.0 0.0 1.845766375001707 
 2.4936403237499087 -0.5286413703680863 0.0 -0.5286413703680863 0.4010201433124931 0.0 0.0 0.0 1.048217340199198  4.8036417209692335 -1.4791622024578628 0.0 -1.4791622024578628 2.3829376457606455 0.0 0.0 0.0 4.00555973824034 
 0.9330849243596486 -0.37661843969919084 0.0 -0.37661843969919084 1.071713810708359 0.0 0.0 0.0 1.766654084609374  30.545894155246526 -20.293489144523658 0.0 -20.293489144523658 32.89871596196167 0.0 0.0 0.0 32.93160913848298 
 2.640853359736657 -0.41919630089012055 0.0 -0.41919630089012055 0.3786654780785401 0.0 0.0 0.0 1.7211529465662787  19.695786773759735 -3.8751415571737 0.0 -3.8751415571737 4.714831604726779 0.0 0.0 0.0 18.119317947820182 
 0.6154404615814363 -0.33904897315532145 0.0 -0.33904897315532145 1.624852544518115 0.0 0.0 0.0 1.3783747863523765  0.28569767996668693 -0.294472662532891 0.0 -0.294472662532891 0.9936147170116745 0.0 0.0 0.0 0.7731443848053343 
 1.8262293144449797 -0.4648403233664704 0.0 -0.4648403233664704 0.5475763597102897 0.0 0.0 0.0 1.5470936188676323  62.045371102484765 -9.792311107979225 0.0 -9.792311107979225 8.170368243493582 0.0 0.0 0.0 32.98734131223343 
 1.7676119166825497 -0.32829990031457235 0.0 -0.32829990031457235 0.5657350409114676 0.0 0.0 0.0 1.0111579802116817  0.006012766909141703 -0.00737121045089215 0.0 -0.00737121045089215 0.05283126974914396 0.0 0.0 0.0 0.028399636365518753 
 2.1715216345661674 -0.518230119879152 0.0 -0.518230119879152 0.46050657938749145 0.0 0.0 0.0 1.1659144819455036  35.43033964451683 -11.637786446861849 0.0 -11.637786446861849 36.49597013174416 0.0 0.0 0.0 54.36559983413266 
 0.43860645840502 -0.48666552851737066 0.0 -0.48666552851737066 2.2799481878047847 0.0 0.0 0.0 1.1111194335738215  0.04279061871709328 -0.07561666904547393 0.0 -0.07561666904547393 0.34051087380060546 0.0 0.0 0.0 0.13893537831297526 
 1.8444214302084785 -0.604323931003987 0.0 -0.604323931003987 0.5421754397458763 0.0 0.0 0.0 1.2115361455822042  0.4444136982897075 -0.14202224301140257 0.0 -0.14202224301140257 0.3728047289385194 0.0 0.0 0.0 0.444092620621774 
 2.748659725740954 -0.697019667550853 0.0 -0.697019667550853 0.36381367640202567 0.0 0.0 0.0 1.8959960250340437  27.142204853032364 -6.141454303751017 0.0 -6.141454303751017 9.603734332105416 0.0 0.0 0.0 25.029625904198188 
 1.051034244772889 -0.4569470689440658 0.0 -0.4569470689440658 0.9514437849892162 0.0 0.0 0.0 1.1270101264614636  12.223028374600563 -4.133708738993436 0.0 -4.133708738993436 3.671643543402657 0.0 0.0 0.0 8.905771856753637 
 1.2985317186416443 -0.4216205118133662 0.0 -0.4216205118133662 0.7701005571477841 0.0 0.0 0.0 1.1216197548685343  1.9244090943006933 -0.8982143376351389 0.0 -0.8982143376351389 3.912728902640751 0.0 0.0 0.0 3.4391631333704105 
 0.35649751933160306 -0.5849112926111698 0.0 -0.5849112926111698 2.805068607138976 0.0 0.0 0.0 1.4268215757609939  5.283841869745213 -1.1471076627966315 0.0 -1.1471076627966315 0.7550810553929221 0.0 0.0 0.0 3.4659638544988782 
 1.2026331793931329 -0.5806845602579284 0.0 -0.5806845602579284 0.8315087402666002 0.0 0.0 0.0 1.445894183686526  27.282422988591666 -7.533281259605196 0.0 -7.533281259605196 12.291027837140506 0.0 0.0 0.0 27.903382665172437 
 0.6776116601774308 -0.4883938278926848 0.0 -0.4883938278926848 1.4757715351860277 0.0 0.0 0.0 1.1014187814004042  7.860176094295456 -11.870492317627436 0.0 -11.870492317627436 70.94049108031686 0.0 0.0 0.0 26.153061366764817 
 0.5631283356968383 -0.49091747020078835 0.0 -0.49091747020078835 1.7757941424889563 0.0 0.0 0.0 1.9821463009737583  29.90993736707352 -12.75196996900319 0.0 -12.75196996900319 12.72438273290058 0.0 0.0 0.0 31.54037301124847 
 0.7881875126145494 -0.4053245144442591 0.0 -0.4053245144442591 1.268733624924903 0.0 0.0 0.0 1.5303697587224192  44.507188220412125 -35.721298614164866 0.0 -35.721298614164866 142.75569656118392 0.0 0.0 0.0 81.5776108872206 
 0.37324042133100144 -0.598826329382999 0.0 -0.598826329382999 2.6792382144300717 0.0 0.0 0.0 1.7396227038538108  0.08871879411937647 -0.019430403075392712 0.0 -0.019430403075392712 0.009255842380825182 0.0 0.0 0.0 0.030932402106889415 
 0.3887949765983904 -0.47497021775237064 0.0 -0.47497021775237064 2.5720496924860217 0.0 0.0 0.0 1.4079756050933119  10.23163593124804 -3.8377792377115196 0.0 -3.8377792377115196 7.236043201954897 0.0 0.0 0.0 8.640045052777879 
 1.4323950245783288 -0.5913830578735646 0.0 -0.5913830578735646 0.6981314391917703 0.0 0.0 0.0 1.464078800049406  34.468510221014945 -9.530528377120707 0.0 -9.530528377120707 6.670072584898933 0.0 0.0 0.0 16.261170571110906 
 1.596180950421611 -0.41220570672275547 0.0 -0.41220570672275547 0.6264953855863664 0.0 0.0 0.0 1.2179864512231209  4.3742376159752245 -1.590794605106906 0.0 -1.590794605106906 4.2149233115005105 0.0 0.0 0.0 5.253996716119842 
 0.7763500767236756 -0.41441304254565203 0.0 -0.41441304254565203 1.2880787031285728 0.0 0.0 0.0 1.372898267760129  100.05635559891405 -44.67459550577528 0.0 -44.67459550577528 42.898508955532634 0.0 0.0 0.0 107.14627997968297 
 2.8818133156377166 -0.4736106032066737 0.0 -0.4736106032066737 0.347003740517699 0.0 0.0 0.0 1.131567518984655  1.1174258468720666 -0.7943756037801183 0.0 -0.7943756037801183 1.2843634461675806 0.0 0.0 0.0 2.094095881024417 
 1.9357135179037128 -0.3841214662148976 0.0 -0.3841214662148976 0.5166053709657167 0.0 0.0 0.0 1.8417948026138786  0.13891692505842507 -0.18371819089633976 0.0 -0.18371819089633976 0.5309787262150573 0.0 0.0 0.0 0.27349011692793046 
 2.0007597953708656 -0.3737420188632397 0.0 -0.3737420188632397 0.4998101232910059 0.0 0.0 0.0 1.2147101441776293  1.0052120009313548 -0.2729511892992747 0.0 -0.2729511892992747 0.22972605939519833 0.0 0.0 0.0 0.5925317564168051 
 0.8100986297687491 -0.5450622317318035 0.0 -0.5450622317318035 1.2344175921954839 0.0 0.0 0.0 1.6248867736010162  0.6197293124459856 -0.30581804002262253 0.0 -0.30581804002262253 0.6583634992663877 0.0 0.0 0.0 0.7365267604176287 
 0.8700406530025341 -0.5693800177505642 0.0 -0.5693800177505642 1.1493715799933861 0.0 0.0 0.0 1.9105359499335743  0.030449235393987886 -0.023176970213193305 0.0 -0.023176970213193305 0.03927891145242712 0.0 0.0 0.0 0.04271993534926682 
 1.5269318755051062 -0.6277640167316496 0.0 -0.6277640167316496 0.6549080650171127 0.0 0.0 0.0 1.4512129697104676  0.11991452653709854 -0.0744656193609439 0.0 -0.0744656193609439 0.2692179647668913 0.0 0.0 0.0 0.2920551484461849 
 2.4118657803417642 -0.42281186437099055 0.0 -0.42281186437099055 0.4146167701995004 0.0 0.0 0.0 1.2973062713446102  1.1701249819081243 -1.0490303411628892 0.0 -1.0490303411628892 3.9393340062467264 0.0 0.0 0.0 2.2485643834336977 
 0.43003303892265715 -0.4001655143604324 0.0 -0.4001655143604324 2.325402723719219 0.0 0.0 0.0 1.197915981890656  2.3171208445029716 -3.4617851057364732 0.0 -3.4617851057364732 12.707842942326256 0.0 0.0 0.0 8.82740265295566 
 2.792656448373358 -0.43678822881342827 0.0 -0.43678822881342827 0.3580819977274581 0.0 0.0 0.0 1.4594440913352347  74.44018064724925 -50.37829572646574 0.0 -50.37829572646574 130.38257048301253 0.0 0.0 0.0 110.42896054285586 
 2.550975146415276 -0.48326199386897367 0.0 -0.48326199386897367 0.3920069552246468 0.0 0.0 0.0 1.0940196959120456  27.681085746786636 -9.737760949369852 0.0 -9.737760949369852 10.478862003736968 0.0 0.0 0.0 18.213202832700556 
 0.7292813486627798 -0.4846461954351611 0.0 -0.4846461954351611 1.3712129095768233 0.0 0.0 0.0 1.3277289056846808  1.0335874203499478 -0.35300363582810873 0.0 -0.35300363582810873 0.7865851674448386 0.0 0.0 0.0 1.2054518894956434 
 0.6662703924661635 -0.6799054725565448 0.0 -0.6799054725565448 1.5008921472535417 0.0 0.0 0.0 1.2319135822387575  2.7607219504770906 -1.8509692746180852 0.0 -1.8509692746180852 3.0833910948459993 0.0 0.0 0.0 5.812662412978178 
 3.1088354051253635 -0.34307276352021904 0.0 -0.34307276352021904 0.3216638611202625 0.0 0.0 0.0 1.6555731963283196  0.01536774013292987 -0.012440115367730266 0.0 -0.012440115367730266 0.10004742780961047 0.0 0.0 0.0 0.07740761644672331 
 0.33012506262871827 -0.4318876882056852 0.0 -0.4318876882056852 3.0291550482026564 0.0 0.0 0.0 1.8855081546670756  0.20177178607140908 -0.2052751091245112 0.0 -0.2052751091245112 0.988224841403715 0.0 0.0 0.0 0.4711133048588493 
 0.600340669356106 -0.3513562237228336 0.0 -0.3513562237228336 1.665720899889304 0.0 0.0 0.0 1.5091466038401125  0.024271584042740282 -0.005970363470771554 0.0 -0.005970363470771554 0.005356710426206367 0.0 0.0 0.0 0.012706904470721748 
 0.8870991524875137 -0.35555267854214717 0.0 -0.35555267854214717 1.1272697050785148 0.0 0.0 0.0 1.053589886911775  0.13718535205077112 -0.02739777096130133 0.0 -0.02739777096130133 0.01602106647437315 0.0 0.0 0.0 0.050452300917641066 
 1.8921108159816107 -0.5897497596602903 0.0 -0.5897497596602903 0.5285102709384433 0.0 0.0 0.0 1.4903963290746554  0.02807563797330459 -0.03354140384764777 0.0 -0.03354140384764777 0.22137279317476016 0.0 0.0 0.0 0.11121742821427424 
 0.5219450434968461 -0.6538349361800931 0.0 -0.6538349361800931 1.9159105205796298 0.0 0.0 0.0 1.5399781240538566  0.5760528670244573 -0.13999915212724062 0.0 -0.13999915212724062 0.13953950761060535 0.0 0.0 0.0 0.5447762433475056 
 0.3270718163398976 -0.4936213920734938 0.0 -0.4936213920734938 3.057432496601254 0.0 0.0 0.0 1.2764352149388634  0.01797769680027798 -0.006464403667558862 0.0 -0.006464403667558862 0.010040619249845112 0.0 0.0 0.0 0.022164413663989236 
 0.40037078728972325 -0.33689976511390907 0.0 -0.33689976511390907 2.497684725625006 0.0 0.0 0.0 1.564515852095115  1.5756535626053896 -1.7016582219017098 0.0 -1.7016582219017098 7.879716898977745 0.0 0.0 0.0 4.651278107707464 
 2.299234166847946 -0.6563783220065229 0.0 -0.6563783220065229 0.43492742688793407 0.0 0.0 0.0 1.5529679876532576  0.00811168988225103 -0.008507593846525673 0.0 -0.008507593846525673 0.02551048476748634 0.0 0.0 0.0 0.016875728876882896 
 1.455392341083823 -0.6515185446998104 0.0 -0.6515185446998104 0.687099946709425 0.0 0.0 0.0 1.5695492495530046  1.7018651808641383 -0.43562508569292585 0.0 -0.43562508569292585 0.28455569970284705 0.0 0.0 0.0 1.0913169516820103 
 0.8147062837013601 -0.5470331495253313 0.0 -0.5470331495253313 1.2274362184329997 0.0 0.0 0.0 1.43976722348843  0.07619090271229739 -0.014977802563095773 0.0 -0.014977802563095773 0.015868907093373505 0.0 0.0 0.0 0.04323083692619653 
 0.7698268385871438 -0.6388763097545775 0.0 -0.6388763097545775 1.2989934227745175 0.0 0.0 0.0 1.0765512491502252  11.9650006732907 -3.6131608051060886 0.0 -3.6131608051060886 2.255874388317137 0.0 0.0 0.0 6.134214501137981 
 0.3168297987521448 -0.5793092847592545 0.0 -0.5793092847592545 3.156268772503617 0.0 0.0 0.0 1.2383298982334887  0.010886423493420262 -0.009521630228975482 0.0 -0.009521630228975482 0.0233104203845383 0.0 0.0 0.0 0.02323461800453417 
 2.0844875772432996 -0.5307403667602382 0.0 -0.5307403667602382 0.4797342094609571 0.0 0.0 0.0 1.8097736075811426  0.3660456087443721 -0.6452515328555396 0.0 -0.6452515328555396 2.423564973710336 0.0 0.0 0.0 1.0479555018296314 
 0.3623187891476749 -0.3949971811935392 0.0 -0.3949971811935392 2.7600003917887275 0.0 0.0 0.0 1.7051554796515171  0.034750631853026646 -0.05959247292565575 0.0 -0.05959247292565575 0.28935831771260384 0.0 0.0 0.0 0.11753539046375079 
 0.6591041539970055 -0.5559578968234935 0.0 -0.5559578968234935 1.5172108898657364 0.0 0.0 0.0 1.2253282889812904  0.0570111204720398 -0.01747205914087576 0.0 -0.01747205914087576 0.018278338561376138 0.0 0.0 0.0 0.033623945505034857 
 0.5868445567584268 -0.6309096086760604 0.0 -0.6309096086760604 1.7040287559685887 0.0 0.0 0.0 1.3453156390790688  2.3035180226904384 -0.4115406220138324 0.0 -0.4115406220138324 0.6634243903842297 0.0 0.0 0.0 1.3958361404308197 
 0.45702016557200204 -0.30287838242469906 0.0 -0.30287838242469906 2.1880872559494384 0.0 0.0 0.0 1.2554372334436756  0.1283861678673636 -0.13475089857459074 0.0 -0.13475089857459074 0.3099323762975952 0.0 0.0 0.0 0.28874730814235655 
 0.7162877227686671 -0.4630224607792338 0.0 -0.4630224607792338 1.3960870306902646 0.0 0.0 0.0 1.4956379650886205  1.9042205857726582 -0.8136820385311071 0.0 -0.8136820385311071 1.1095030432912647 0.0 0.0 0.0 2.6904782641737133 
 1.061910784796939 -0.6943664003839076 0.0 -0.6943664003839076 0.9416986947648548 0.0 0.0 0.0 1.0403745410945937  66.63437717483095 -47.39833969210577 0.0 -47.39833969210577 119.13666074600245 0.0 0.0 0.0 173.08701554064476 
 0.6874161605402143 -0.6887564350635651 0.0 -0.6887564350635651 1.4547228555321394 0.0 0.0 0.0 1.398992297250468  2.7125544338962726 -2.8810048710267204 0.0 -2.8810048710267204 8.334050881260232 0.0 0.0 0.0 8.216664139959873 
 1.2547841619553854 -0.658695323802819 0.0 -0.658695323802819 0.7969498104292742 0.0 0.0 0.0 1.6145238696069504  62.1393470588358 -34.236191512338145 0.0 -34.236191512338145 138.00065135508336 0.0 0.0 0.0 163.90727614130464 
 1.6122044757884828 -0.5628350939631788 0.0 -0.5628350939631788 0.6202687159213652 0.0 0.0 0.0 1.1821940116333542  0.03942330350844696 -0.038963230652436516 0.0 -0.038963230652436516 0.17210686083882262 0.0 0.0 0.0 0.12779968604161707 
 0.5778662073312414 -0.5828318416430973 0.0 -0.5828318416430973 1.730504375084154 0.0 0.0 0.0 1.1711946932734583  0.029571658111298933 -0.019066720572586536 0.0 -0.019066720572586536 0.07885153735720118 0.0 0.0 0.0 0.06527836839488502 
 1.0455583444753613 -0.551809819552702 0.0 -0.551809819552702 0.9564267793221798 0.0 0.0 0.0 1.365426021975379  52.149860108957924 -20.703475481300753 0.0 -20.703475481300753 26.516164468135365 0.0 0.0 0.0 62.599515306464575 
 0.36559573553179403 -0.3633748950018974 0.0 -0.3633748950018974 2.7352616642133536 0.0 0.0 0.0 1.025682717243207  0.4642108992650094 -0.17323107083413292 0.0 -0.17323107083413292 0.13444095088054933 0.0 0.0 0.0 0.3540261826314678 
 0.7626059947327756 -0.4474637119064336 0.0 -0.4474637119064336 1.31129312765291 0.0 0.0 0.0 1.0966021063570246  0.06991423987116831 -0.018403139877897216 0.0 -0.018403139877897216 0.050963497190137104 0.0 0.0 0.0 0.07648934548077538 
 0.33719250894006636 -0.34197367150452784 0.0 -0.34197367150452784 2.9656649346790296 0.0 0.0 0.0 1.8684665971418009  3.023879850911412 -1.6843123970811682 0.0 -1.6843123970811682 1.9805123439507126 0.0 0.0 0.0 2.962273295074793 
 0.8018818579841803 -0.46838212226800524 0.0 -0.46838212226800524 1.247066497443727 0.0 0.0 0.0 1.6735480077130964  0.006690064058771004 -0.006711621998769127 0.0 -0.006711621998769127 0.03708821514700089 0.0 0.0 0.0 0.01838173379935627 
 1.7885781147101716 -0.5165156702010331 0.0 -0.5165156702010331 0.5591033412382126 0.0 0.0 0.0 1.05990458548486  0.15356034029097082 -0.13052057944300957 0.0 -0.13052057944300957 0.23564019260699987 0.0 0.0 0.0 0.21589885549743015 
 0.46407947959919954 -0.411979757856566 0.0 -0.411979757856566 2.1548033127076556 0.0 0.0 0.0 1.7157848766125119  1.1640831519257873 -0.47383455990080475 0.0 -0.47383455990080475 1.37537672044576 0.0 0.0 0.0 1.3725468391020248 
 0.5453983860046003 -0.3924607166566352 0.0 -0.3924607166566352 1.833522110920888 0.0 0.0 0.0 1.8581365138610235  0.18842804390399454 -0.10409672686767654 0.0 -0.10409672686767654 0.265524231891939 0.0 0.0 0.0 0.3788127129513186 
 1.702390315516892 -0.6118572045161492 0.0 -0.6118572045161492 0.5874093566470817 0.0 0.0 0.0 1.698273073371452  1.20525267852986 -0.5715367328229068 0.0 -0.5715367328229068 2.4949310159367264 0.0 0.0 0.0 2.3376822702889557 
 1.0040431574688533 -0.6410731402788015 0.0 -0.6410731402788015 0.9959731238256273 0.0 0.0 0.0 1.1509257242681263  0.016053536465684283 -0.011249282306054677 0.0 -0.011249282306054677 0.040568022527601576 0.0 0.0 0.0 0.04743661068405325 
 2.616048035643705 -0.5045331828291273 0.0 -0.5045331828291273 0.38225597786240184 0.0 0.0 0.0 1.081248916775259  0.008867180763397505 -0.010340150335927016 0.0 -0.010340150335927016 0.03334133254423075 0.0 0.0 0.0 0.018888316182662797 
 0.9364231106624045 -0.30740705416382275 0.0 -0.30740705416382275 1.0678933364775915 0.0 0.0 0.0 1.1026403284543627  38.94060458229624 -16.70600408124043 0.0 -16.70600408124043 15.870407028057809 0.0 0.0 0.0 28.91981667236435 
 1.7435764181494733 -0.31960419630424575 0.0 -0.31960419630424575 0.5735337950150413 0.0 0.0 0.0 1.0874363590767118  13.363634766708735 -3.4472008293737852 0.0 -3.4472008293737852 2.302367192417722 0.0 0.0 0.0 7.664176346321567 
 0.5025608022829239 -0.6812921942814554 0.0 -0.6812921942814554 1.989808985216152 0.0 0.0 0.0 1.0800551316363645  10.27778730127146 -14.662533464215578 0.0 -14.662533464215578 65.55077506954507 0.0 0.0 0.0 42.9759288557558 
 2.5228282456788156 -0.3455138298165821 0.0 -0.3455138298165821 0.3963805311411244 0.0 0.0 0.0 1.0572722655981772  0.4518057990604549 -0.20480462110589737 0.0 -0.20480462110589737 0.26699175168463035 0.0 0.0 0.0 0.6694066071771626 
 1.1080484442942387 -0.5738820048345549 0.0 -0.5738820048345549 0.9024876169894728 0.0 0.0 0.0 1.3892876441715727  0.2459558365097016 -0.10901032251922552 0.0 -0.10901032251922552 0.3906576463409213 0.0 0.0 0.0 0.41640478054943564 
 2.0930414869053604 -0.38071692549568054 0.0 -0.38071692549568054 0.4777736161735318 0.0 0.0 0.0 1.0150464163252848  2.0059773508628367 -0.27343044848972503 0.0 -0.27343044848972503 0.31727830362041043 0.0 0.0 0.0 0.8935000432535974 
 2.4522789496927295 -0.45862624327170687 0.0 -0.45862624327170687 0.40778395138338563 0.0 0.0 0.0 1.7975326085009684  3.2297594397158353 -1.215564268267597 0.0 -1.215564268267597 4.64140048039725 0.0 0.0 0.0 6.4484031904600245 
 2.6659845010044796 -0.6178027578034038 0.0 -0.6178027578034038 0.3750959540924652 0.0 0.0 0.0 1.9674558409691  85.47463054005698 -25.138347847742605 0.0 -25.138347847742605 27.857402301816197 0.0 0.0 0.0 56.69141665713946 
 2.915700970571052 -0.37413614287637653 0.0 -0.37413614287637653 0.34297069901655447 0.0 0.0 0.0 1.8102741997965608  0.08994560164371006 -0.024851733652434635 0.0 -0.024851733652434635 0.03053597836316079 0.0 0.0 0.0 0.10028337061093359 
 1.1926307803438314 -0.520494149048443 0.0 -0.520494149048443 0.8384824679031875 0.0 0.0 0.0 1.7519842357716382  24.120622364855613 -17.610096983922528 0.0 -17.610096983922528 121.34835604654944 0.0 0.0 0.0 107.35594630048199 
 0.4592589280989462 -0.628462918488805 0.0 -0.628462918488805 2.1774209249222314 0.0 0.0 0.0 1.4307488637364842  65.63271595143088 -22.93351162895037 0.0 -22.93351162895037 26.544970405223964 0.0 0.0 0.0 53.58915070297295 
 0.5354978039991882 -0.6683002475567816 0.0 -0.6683002475567816 1.8674212901188965 0.0 0.0 0.0 1.1535989827886568  0.03393754731528414 -0.008752663814997562 0.0 -0.008752663814997562 0.006645275621272811 0.0 0.0 0.0 0.01610372781232797 
 0.35244556916580216 -0.593222346427232 0.0 -0.593222346427232 2.837317553365429 0.0 0.0 0.0 1.5767109398168866  7.785651031732471 -4.394429365141128 0.0 -4.394429365141128 6.753658074609363 0.0 0.0 0.0 7.632359016201873 
 1.7238620771253443 -0.5228280626212295 0.0 -0.5228280626212295 0.5800928121045317 0.0 0.0 0.0 1.0047928338537981  0.03700580154134656 -0.009474727916328243 0.0 -0.009474727916328243 0.009465946468939243 0.0 0.0 0.0 0.026806725451021016 
 2.2161850789834676 -0.39744024022596386 0.0 -0.39744024022596386 0.45122585179514235 0.0 0.0 0.0 1.6267358807964087  0.05378627772958185 -0.0862638401583662 0.0 -0.0862638401583662 0.33197439801950845 0.0 0.0 0.0 0.21410310034977448 
 0.9678908633936196 -0.5491825314257056 0.0 -0.5491825314257056 1.033174335889275 0.0 0.0 0.0 1.313117842222361  7.170032879353924 -3.705569724381145 0.0 -3.705569724381145 14.25446589116697 0.0 0.0 0.0 18.187925502147067 
 2.033628297410783 -0.6636907342593417 0.0 -0.6636907342593417 0.49173194593781017 0.0 0.0 0.0 1.0075715645145755  0.10352028648739237 -0.021789241845797253 0.0 -0.021789241845797253 0.01878318132280937 0.0 0.0 0.0 0.05727168121770158 
 0.4236418936479526 -0.39191000534308057 0.0 -0.39191000534308057 2.3604842084645252 0.0 0.0 0.0 1.2215579861493409  0.12367754699158957 -0.14724124553606244 0.0 -0.14724124553606244 0.933811905518087 0.0 0.0 0.0 0.3899868065544062 
 0.3469920119727138 -0.4809128594966777 0.0 -0.4809128594966777 2.881910722713226 0.0 0.0 0.0 1.4773616012777206  0.07311510249362542 -0.03192374237776935 0.0 -0.03192374237776935 0.04991912070681364 0.0 0.0 0.0 0.07686720288025799 
 1.1653969334667127 -0.434648216875885 0.0 -0.434648216875885 0.8580767387342392 0.0 0.0 0.0 1.9546858588972449  5.6620104526946315 -0.6522569456457118 0.0 -0.6522569456457118 0.5677013542758018 0.0 0.0 0.0 2.3471352241876757 
 1.3555500074751126 -0.4328840614900581 0.0 -0.4328840614900581 0.7377079373579359 0.0 0.0 0.0 1.5329960976863672  11.248005850265114 -4.204450372646917 0.0 -4.204450372646917 4.310464830046066 0.0 0.0 0.0 7.283099743494987 
 0.733102823036569 -0.3693633309328604 0.0 -0.3693633309328604 1.364065133261828 0.0 0.0 0.0 1.9271880618620476  0.05922349205097497 -0.012037695294657575 0.0 -0.012037695294657575 0.00960319652816639 0.0 0.0 0.0 0.02460124888327982 
 1.5312564905591246 -0.5581159488647294 0.0 -0.5581159488647294 0.6530584563496994 0.0 0.0 0.0 1.2920420424019785  0.03263577142323356 -0.010604609264349484 0.0 -0.010604609264349484 0.026390487225715437 0.0 0.0 0.0 0.04985203476408192 
 2.0539017102313237 -0.4409146854192948 0.0 -0.4409146854192948 0.4868782157483931 0.0 0.0 0.0 1.3165770835582984  0.39894810831505206 -0.21459234342155104 0.0 -0.21459234342155104 0.5375327314349573 0.0 0.0 0.0 0.5090759760325857 
 0.7133035569093217 -0.6331612855896758 0.0 -0.6331612855896758 1.4019276790556148 0.0 0.0 0.0 1.1353922381677428  0.09926837022894817 -0.08344770758707534 0.0 -0.08344770758707534 0.25874643398102815 0.0 0.0 0.0 0.29352509881518857 
 2.706513520339628 -0.45180638878111556 0.0 -0.45180638878111556 0.36947903362940326 0.0 0.0 0.0 1.1445588058004326  0.14695743699233946 -0.07015704029094365 0.0 -0.07015704029094365 0.27908508359667106 0.0 0.0 0.0 0.3794481867353776 
 0.6056469421735402 -0.37898551938962455 0.0 -0.37898551938962455 1.6511269691401547 0.0 0.0 0.0 1.6116725333768942  0.11734753172597365 -0.0424275010509678 0.0 -0.0424275010509678 0.09751688511314678 0.0 0.0 0.0 0.12236603223630832 
 0.34505747524028346 -0.49932961006909976 0.0 -0.49932961006909976 2.8980679213039573 0.0 0.0 0.0 1.7751507717786026  0.5064733934593132 -0.33843499422082485 0.0 -0.33843499422082485 0.5125455004633751 0.0 0.0 0.0 0.5314895090917168 
 1.6947965142167554 -0.5084813802619151 0.0 -0.5084813802619151 0.5900413362970284 0.0 0.0 0.0 1.0346392021597288  0.3201413784677828 -0.09124729816787047 0.0 -0.09124729816787047 0.14821196909722525 0.0 0.0 0.0 0.3337347367954553 
 0.5158136403115513 -0.6343477494968861 0.0 -0.6343477494968861 1.9386846757212552 0.0 0.0 0.0 1.28309034768582  0.9443652405368584 -0.617738333584032 0.0 -0.617738333584032 3.7042622628210986 0.0 0.0 0.0 2.0625974687551922 
 1.3852066830359484 -0.35838836405643154 0.0 -0.35838836405643154 0.721913929702033 0.0 0.0 0.0 1.5095163202053794  16.014567686992642 -12.78468293978416 0.0 -12.78468293978416 26.644559643815995 0.0 0.0 0.0 26.016997816701647 
 0.4726442042366366 -0.36512555837521277 0.0 -0.36512555837521277 2.1157563999226245 0.0 0.0 0.0 1.6033457293934403  0.1409533408619786 -0.15562999869124486 0.0 -0.15562999869124486 0.3972573033337888 0.0 0.0 0.0 0.24300674323734828 
 1.2774531748007227 -0.39808998041583216 0.0 -0.39808998041583216 0.7828075578237893 0.0 0.0 0.0 1.8443472350000087  0.01928432766299643 -0.027629531177710356 0.0 -0.027629531177710356 0.09033751531490618 0.0 0.0 0.0 0.04922522997536279 
 0.5695180201278844 -0.49731818059362065 0.0 -0.49731818059362065 1.7558706918096314 0.0 0.0 0.0 1.386210991509845  7.655147866949502 -7.206505741905895 0.0 -7.206505741905895 20.61703959401869 0.0 0.0 0.0 16.0079530830852 
 0.8278163242601254 -0.5422162652168602 0.0 -0.5422162652168602 1.2079974394003001 0.0 0.0 0.0 1.0057122307268582  19.48360743111416 -4.191495992058047 0.0 -4.191495992058047 2.137250617117933 0.0 0.0 0.0 12.224153669799428 
 1.653453332382461 -0.6868935060633696 0.0 -0.6868935060633696 0.6047948136274883 0.0 0.0 0.0 1.3586004352615781  23.998575757451047 -3.5101365877010644 0.0 -3.5101365877010644 3.588275995279243 0.0 0.0 0.0 12.023487768173155 
 1.6601466368780735 -0.3899170440754568 0.0 -0.3899170440754568 0.6023564291167149 0.0 0.0 0.0 1.279606465820322  5.1272620286783415 -5.275328465306485 0.0 -5.275328465306485 36.21786045712258 0.0 0.0 0.0 14.027911956725859 
 0.7019562473613934 -0.3708807498886494 0.0 -0.3708807498886494 1.424590213077999 0.0 0.0 0.0 1.9413131718985737  8.402024996286006 -5.694433984903975 0.0 -5.694433984903975 24.901219497407133 0.0 0.0 0.0 20.351588304291965 
 2.2407724092113113 -0.36788670789435535 0.0 -0.36788670789435535 0.44627468451915286 0.0 0.0 0.0 1.0422131822237835  0.010531095684535665 -0.006885125225266354 0.0 -0.006885125225266354 0.044466467770907264 0.0 0.0 0.0 0.03711529679324249 
 1.1558076002436606 -0.6540989723546937 0.0 -0.6540989723546937 0.8651959026651026 0.0 0.0 0.0 1.161985015484285  21.252529156733935 -6.409489420420885 0.0 -6.409489420420885 5.617079215259987 0.0 0.0 0.0 15.28521033426995 
 1.0263828132097501 -0.6125749046051574 0.0 -0.6125749046051574 0.9742953478271479 0.0 0.0 0.0 1.0254472601661053  32.30542137684861 -6.608333221805945 0.0 -6.608333221805945 14.369198171020129 0.0 0.0 0.0 32.04235525440068 
 0.7534026221791382 -0.3004777337122131 0.0 -0.3004777337122131 1.3273115470551518 0.0 0.0 0.0 1.759965596640669  0.6463368937846482 -0.6200427481334017 0.0 -0.6200427481334017 3.683963557990292 0.0 0.0 0.0 2.2234208517537106 
 0.9561115622399622 -0.4785798505713026 0.0 -0.4785798505713026 1.0459030509548664 0.0 0.0 0.0 1.8711127462246893  63.7051763608786 -33.071520056753684 0.0 -33.071520056753684 77.81902743932824 0.0 0.0 0.0 128.5272517861198 
 0.9504904523514981 -0.5865849554104833 0.0 -0.5865849554104833 1.052088421852125 0.0 0.0 0.0 1.0513828782266563  0.09636562559648544 -0.04953031007114084 0.0 -0.04953031007114084 0.08881537738194266 0.0 0.0 0.0 0.121612072529811 
 0.3707538198505215 -0.3868215607628577 0.0 -0.3868215607628577 2.6972075443569925 0.0 0.0 0.0 1.070993091568046  0.02237959636829108 -0.004637279416305354 0.0 -0.004637279416305354 0.007505597923146392 0.0 0.0 0.0 0.02289996656686489 
 0.8379824326919622 -0.47712452166315356 0.0 -0.47712452166315356 1.1933424389191158 0.0 0.0 0.0 1.3317498630180387  0.3079439701584608 -0.3596184033198601 0.0 -0.3596184033198601 1.2456674015220721 0.0 0.0 0.0 0.9655460787110159 
 0.4153506932280006 -0.31561062235170173 0.0 -0.31561062235170173 2.4076040230684406 0.0 0.0 0.0 1.2428956386974046  49.19468628711612 -21.202260282239813 0.0 -21.202260282239813 71.17342899993281 0.0 0.0 0.0 70.96004270182225 
 1.347153584280762 -0.6745156586323147 0.0 -0.6745156586323147 0.7423058600507637 0.0 0.0 0.0 1.5176463536358171  1.1388580743070762 -0.6112974460745055 0.0 -0.6112974460745055 3.3098938321100353 0.0 0.0 0.0 2.859214773620082 
 2.9388628824648566 -0.5758586359906973 0.0 -0.5758586359906973 0.34026766133481157 0.0 0.0 0.0 1.1425508912307527  0.19440158049840411 -0.027071248375285437 0.0 -0.027071248375285437 0.021294896573423858 0.0 0.0 0.0 0.12012513842251916 
 1.1369195110789507 -0.5537969073407993 0.0 -0.5537969073407993 0.8795697410901038 0.0 0.0 0.0 1.7804134443687094  73.43692740913616 -21.486031820400534 0.0 -21.486031820400534 15.687575067447492 0.0 0.0 0.0 57.974925653379685 
 3.088194314512683 -0.5391766847991958 0.0 -0.5391766847991958 0.32381382068498493 0.0 0.0 0.0 1.2992555748360342  0.9388801901907594 -0.16748288422310764 0.0 -0.16748288422310764 0.11125899184455047 0.0 0.0 0.0 0.5949043330607128 
 0.5297370625274607 -0.4261867483003513 0.0 -0.4261867483003513 1.8877289711028322 0.0 0.0 0.0 1.1867634621216248  0.37561837758380645 -0.42396739106548337 0.0 -0.42396739106548337 1.6025284528789898 0.0 0.0 0.0 1.1597385103191644 
 0.6174673445547387 -0.40377863416259385 0.0 -0.40377863416259385 1.6195188439011443 0.0 0.0 0.0 1.1087363306473013  5.807908072399464 -9.351401840657134 0.0 -9.351401840657134 33.77816736072609 0.0 0.0 0.0 14.490228274117433 
 0.5595166718858926 -0.4718074137352146 0.0 -0.4718074137352146 1.7872568419264891 0.0 0.0 0.0 1.6349371865720732  0.022172400323671383 -0.02351560902504286 0.0 -0.02351560902504286 0.06281982832227018 0.0 0.0 0.0 0.0413820439371282 
 2.960660975052793 -0.5075391405266535 0.0 -0.5075391405266535 0.3377624146858519 0.0 0.0 0.0 1.10735412920444  5.549822759534792 -7.761709894251445 0.0 -7.761709894251445 28.904037845141588 0.0 0.0 0.0 13.708886185296057 
 1.178744750903885 -0.42413843339227175 0.0 -0.42413843339227175 0.84836008748559 0.0 0.0 0.0 1.3241392915465469  0.0353305387299512 -0.014656335057857635 0.0 -0.014656335057857635 0.01399297865520796 0.0 0.0 0.0 0.029546142662689612 
 0.39176657575800394 -0.4164681941722724 0.0 -0.4164681941722724 2.5525403693900235 0.0 0.0 0.0 1.3545715060633938  0.7663856642159061 -0.4033049297857291 0.0 -0.4033049297857291 0.9702213656462501 0.0 0.0 0.0 1.0528245025422944 
 0.9809211145950376 -0.6644158755203988 0.0 -0.6644158755203988 1.0194499691372623 0.0 0.0 0.0 1.3402579939647417  1.0232892286122464 -0.5912200984672543 0.0 -0.5912200984672543 0.9054620583070515 0.0 0.0 0.0 1.476685165584066 
 1.4085010709689483 -0.3335303831036289 0.0 -0.3335303831036289 0.7099746110324725 0.0 0.0 0.0 1.0620334556530928  0.057106366288196646 -0.03161469803645562 0.0 -0.03161469803645562 0.08887841550105194 0.0 0.0 0.0 0.08659224302604554 
 0.342366609979369 -0.5675417887291809 0.0 -0.5675417887291809 2.920845581466779 0.0 0.0 0.0 1.091517213747842  3.49375847109545 -1.0455829538092432 0.0 -1.0455829538092432 1.9081660013366861 0.0 0.0 0.0 3.7044498062611657 
 0.5914660441256289 -0.460807118631762 0.0 -0.460807118631762 1.690714133012169 0.0 0.0 0.0 1.5261561255507416  0.09713948660343896 -0.0624081478807049 0.0 -0.0624081478807049 0.22436789624191908 0.0 0.0 0.0 0.21053720515472552 
 0.4781780663947169 -0.5259363893128339 0.0 -0.5259363893128339 2.0912711608452152 0.0 0.0 0.0 1.474961347105797  0.06274534997360694 -0.00864045391329998 0.0 -0.00864045391329998 0.009548408450551165 0.0 0.0 0.0 0.02494002291897338 
 0.4827788877824091 -0.6422865112546964 0.0 -0.6422865112546964 2.071341612706778 0.0 0.0 0.0 1.6664930123232535  0.5371553010595596 -0.42169123201138553 0.0 -0.42169123201138553 0.888275917792102 0.0 0.0 0.0 1.3145421624000329 
 0.8778260254719962 -0.44387173134071733 0.0 -0.44387173134071733 1.1391778905875027 0.0 0.0 0.0 1.4174619229664491  42.47152168063449 -11.981340835515185 0.0 -11.981340835515185 7.542141102255647 0.0 0.0 0.0 25.470994635064468 
 0.4321867548767793 -0.6063741771677486 0.0 -0.6063741771677486 2.3138145459481048 0.0 0.0 0.0 1.6815583112041252  0.028788209573941223 -0.003722256040218863 0.0 -0.003722256040218863 0.00347687199093631 0.0 0.0 0.0 0.01644806048020192 
 0.921395398346076 -0.44910461410835395 0.0 -0.44910461410835395 1.0853103909516164 0.0 0.0 0.0 1.586444214712587  0.05278277889079983 -0.013411278623172363 0.0 -0.013411278623172363 0.006987127790711299 0.0 0.0 0.0 0.026219469690823498 
 0.5102509238109146 -0.5273066539163418 0.0 -0.5273066539163418 1.9598200676077038 0.0 0.0 0.0 1.597602255866162  0.16428587138170592 -0.16588013067001886 0.0 -0.16588013067001886 0.3898569774034405 0.0 0.0 0.0 0.3155550141856924 
 1.9875910886197627 -0.352570654661534 0.0 -0.352570654661534 0.5031215956469332 0.0 0.0 0.0 1.7869562293950962  8.174425415961617 -4.904425654841976 0.0 -4.904425654841976 10.101536313732598 0.0 0.0 0.0 10.223042643360538 
 1.9176872526281856 -0.6738130518465024 0.0 -0.6738130518465024 0.5214614628269039 0.0 0.0 0.0 1.2056056201296024  9.408980108718122 -2.022124339350857 0.0 -2.022124339350857 2.6363218849535985 0.0 0.0 0.0 6.323839833788516 
 2.1248410712586736 -0.3574094599004583 0.0 -0.3574094599004583 0.47062343321876715 0.0 0.0 0.0 1.9801922918697183  0.9599076183586834 -1.1834594965007537 0.0 -1.1834594965007537 5.8712898644471005 0.0 0.0 0.0 3.312480318131545 
 0.5413123348307772 -0.620439011180365 0.0 -0.620439011180365 1.8473623002007071 0.0 0.0 0.0 1.9197991474557305  17.77074305463985 -22.43450690803381 0.0 -22.43450690803381 127.30138302429319 0.0 0.0 0.0 61.41407376267978 
 2.156830943900362 -0.3136079051164334 0.0 -0.3136079051164334 0.46364319968055706 0.0 0.0 0.0 1.6429538036116627  0.7070008754304007 -0.4587493885139968 0.0 -0.4587493885139968 2.5856885060648316 0.0 0.0 0.0 2.0518046251155395 
 1.0795631428594608 -0.6609457492626111 0.0 -0.6609457492626111 0.9263006120709899 0.0 0.0 0.0 1.4988440737596194  2.054307253353819 -0.6141689179628503 0.0 -0.6141689179628503 0.5110330866721315 0.0 0.0 0.0 1.6390822377118597 
 2.3692587244821475 -0.5708120696173651 0.0 -0.5708120696173651 0.4220729419150167 0.0 0.0 0.0 1.167371348347168  2.5799161418451066 -3.8375781118085626 0.0 -3.8375781118085626 24.139667221325528 0.0 0.0 0.0 9.527355417445687 
 1.5025568995631795 -0.6237773433778784 0.0 -0.6237773433778784 0.6655322006712145 0.0 0.0 0.0 1.258981509155659  0.020030693729842366 -0.007758113658555335 0.0 -0.007758113658555335 0.007264485116274732 0.0 0.0 0.0 0.014958705786139732 
 1.3084736141058364 -0.6663462161839833 0.0 -0.6663462161839833 0.7642492666413941 0.0 0.0 0.0 1.020917462714916  2.9090493193090547 -1.655066964276137 0.0 -1.655066964276137 3.3156336545174554 0.0 0.0 0.0 4.212963314000183 
 3.134647848961453 -0.5971612455262258 0.0 -0.5971612455262258 0.3190151009566552 0.0 0.0 0.0 1.1369180791623166  54.11139921947465 -14.609611097479675 0.0 -14.609611097479675 16.3946166197916 0.0 0.0 0.0 58.621377251095794 
 0.6971773898700483 -0.6931783723093774 0.0 -0.6931783723093774 1.4343551792269065 0.0 0.0 0.0 1.2622820820083014  0.05822111912507282 -0.05084239383544691 0.0 -0.05084239383544691 0.39525261856922594 0.0 0.0 0.0 0.19523628130183027 
 1.8102027140691341 -0.5615021051827062 0.0 -0.5615021051827062 0.5524243181318137 0.0 0.0 0.0 1.1593898113991477  5.38104860263658 -1.4303419389511343 0.0 -1.4303419389511343 2.57632257629472 0.0 0.0 0.0 4.579245090568471 
 1.584622069230951 -0.32369151649406736 0.0 -0.32369151649406736 0.6310652990497098 0.0 0.0 0.0 1.0307098837054094  0.20466054561781225 -0.17190254727329063 0.0 -0.17190254727329063 1.5781361471118516 0.0 0.0 0.0 1.1132410005310536 
 1.3745063431405855 -0.6910260683949914 0.0 -0.6910260683949914 0.727533928810483 0.0 0.0 0.0 1.4691295335180157  0.09819640122567767 -0.04894426056198637 0.0 -0.04894426056198637 0.1458263615047356 0.0 0.0 0.0 0.1602266577731093 
 0.6268516729649759 -0.3263541664540183 0.0 -0.3263541664540183 1.5952737196505384 0.0 0.0 0.0 1.944444269058239  2.3012999270718546 -1.405127863099601 0.0 -1.405127863099601 4.44771380033827 0.0 0.0 0.0 4.178016224591823 
 0.44273855284907815 -0.38304772316385866 0.0 -0.38304772316385866 2.258669351392316 0.0 0.0 0.0 1.069294043261618  3.780720240748036 -8.213732385679558 0.0 -8.213732385679558 36.820726819657274 0.0 0.0 0.0 17.717380746505643 
 2.321028414416384 -0.5941641460662622 0.0 -0.5941641460662622 0.4308434975585799 0.0 0.0 0.0 1.3976154595352515  0.6689858865360583 -0.3506205705289611 0.0 -0.3506205705289611 0.5235428652691752 0.0 0.0 0.0 1.0299643452511105 
 0.6743624493078535 -0.6368998345933282 0.0 -0.6368998345933282 1.4828820925992716 0.0 0.0 0.0 1.5929842615294878  42.90893708909956 -20.241797340261016 0.0 -20.241797340261016 40.480083659281824 0.0 0.0 0.0 65.57518486666322 
 0.33241745292102726 -0.5773167065252336 0.0 -0.5773167065252336 3.008265634709532 0.0 0.0 0.0 1.000064405585245  1.503045828852559 -0.8708338945379304 0.0 -0.8708338945379304 1.359609992956555 0.0 0.0 0.0 1.980892706329009 
 1.5605624565322613 -0.3490821802617049 0.0 -0.3490821802617049 0.6407946031343777 0.0 0.0 0.0 1.1177108820590906  0.24140384458894812 -0.13539744126524847 0.0 -0.13539744126524847 0.7812301549098154 0.0 0.0 0.0 0.4346176198324931 
 0.4096040322026558 -0.30484468054973846 0.0 -0.30484468054973846 2.4413822164358963 0.0 0.0 0.0 1.0639776431279795  0.019980528231314763 -0.027990663841876255 0.0 -0.027990663841876255 0.08217091621844819 0.0 0.0 0.0 0.04878015448963334 
 0.6337069845952615 -0.6158890995204487 0.0 -0.6158890995204487 1.5780163771410598 0.0 0.0 0.0 1.045685441508244  16.840033799833446 -13.584084415247975 0.0 -13.584084415247975 41.54048960359978 0.0 0.0 0.0 44.25458518592556 
 0.41713233007482114 -0.6498693659666408 0.0 -0.6498693659666408 2.3973207730521144 0.0 0.0 0.0 1.0846665907922455  3.9740723601370607 -1.0222061761718275 0.0 -1.0222061761718275 1.2385046964872173 0.0 0.0 0.0 2.3591391931606545 
 2.5875534510110745 -0.3166400204845688 0.0 -0.3166400204845688 0.3864654465820811 0.0 0.0 0.0 1.6879010863479262  0.022394216983958284 -0.004418221064356629 0.0 -0.004418221064356629 0.0061075538055734065 0.0 0.0 0.0 0.013960748028747331 
 1.0156146973998306 -0.3257035828336055 0.0 -0.3257035828336055 0.9846253727522778 0.0 0.0 0.0 1.3496005101002106  21.667492720662334 -4.393511408553134 0.0 -4.393511408553134 5.600066286652705 0.0 0.0 0.0 11.174916033784513 
 0.37725244252155565 -0.5654822893786794 0.0 -0.5654822893786794 2.650744931738544 0.0 0.0 0.0 1.0749980454113421  0.18703227800400463 -0.022137434726326455 0.0 -0.022137434726326455 0.02533820581376254 0.0 0.0 0.0 0.13361205354173084 
 2.4602074392977427 -0.5155011016708902 0.0 -0.5155011016708902 0.40646978950906937 0.0 0.0 0.0 1.6763154728226126  0.4760494409868825 -0.6122326940730934 0.0 -0.6122326940730934 2.552167000324514 0.0 0.0 0.0 1.1267604265387083 
 2.2054322425271247 -0.3099901605462638 0.0 -0.3099901605462638 0.45342585490367926 0.0 0.0 0.0 1.2735029865383733  0.027449332057703783 -0.03793388494035865 0.0 -0.03793388494035865 0.25353246630339815 0.0 0.0 0.0 0.12847877525659235 
 0.552931923295103 -0.5330215612739118 0.0 -0.5330215612739118 1.8085409032646758 0.0 0.0 0.0 1.2296497825592412  0.04686287972581519 -0.006906832654174841 0.0 -0.006906832654174841 0.008705045817335793 0.0 0.0 0.0 0.02983416908851112 
 0.3823315896222208 -0.6034916196020599 0.0 -0.6034916196020599 2.615530673225545 0.0 0.0 0.0 1.116500126882136  0.00967793500968133 -0.014821334625776226 0.0 -0.014821334625776226 0.07164458539788573 0.0 0.0 0.0 0.033294462976066114 
 1.8800554343088671 -0.6472519120958415 0.0 -0.6472519120958415 0.5318992098589971 0.0 0.0 0.0 1.3072683190944119  0.38831352396335794 -0.25078689492875395 0.0 -0.25078689492875395 0.3812743264844322 0.0 0.0 0.0 0.4357090861205108 
 1.1101489480656377 -0.6766493415984266 0.0 -0.6766493415984266 0.9007800275291301 0.0 0.0 0.0 1.2879475327521968  0.18856679347742503 -0.06251055998797989 0.0 -0.06251055998797989 0.0697748076669174 0.0 0.0 0.0 0.17028983614720167 
 1.419901297220799 -0.4280504804378957 0.0 -0.4280504804378957 0.7042743055149818 0.0 0.0 0.0 1.2395879156278131  7.8966936396099845 -3.125887057848083 0.0 -3.125887057848083 4.93297598772456 0.0 0.0 0.0 10.746354001943795 
 0.4047875933488007 -0.6713904850493533 0.0 -0.6713904850493533 2.470431447088132 0.0 0.0 0.0 1.1759048019637843  0.10136428450729765 -0.033076400860453097 0.0 -0.033076400860453097 0.052527020536521626 0.0 0.0 0.0 0.07411796092595123 
 3.04602339936918 -0.6003487195933672 0.0 -0.6003487195933672 0.3282968870846811 0.0 0.0 0.0 1.0188234830962002  0.14107812426964444 -0.028332097174309345 0.0 -0.028332097174309345 0.019661499100692977 0.0 0.0 0.0 0.09564929779820124 
 0.8527657508466178 -0.4677773850863793 0.0 -0.4677773850863793 1.1726549747186839 0.0 0.0 0.0 1.556667694786047  26.96612416575724 -40.63563053687178 0.0 -40.63563053687178 269.33955879901396 0.0 0.0 0.0 101.36972680355942 
 0.4847947723082335 -0.3206897135292979 0.0 -0.3206897135292979 2.062728513425879 0.0 0.0 0.0 1.7322064865403168  95.91932060079837 -27.882403321808138 0.0 -27.882403321808138 60.63629153913452 0.0 0.0 0.0 135.91899896819373 
 1.2232990489184044 -0.6838645075993761 0.0 -0.6838645075993761 0.8174616017924341 0.0 0.0 0.0 1.2477615413064038  149.71956495932943 -17.50703112286689 0.0 -17.50703112286689 21.935845333053425 0.0 0.0 0.0 60.68641615548815 
 2.2664417167472415 -0.502933810519419 0.0 -0.502933810519419 0.44122025843893437 0.0 0.0 0.0 1.2532568696125392  75.1387225159485 -12.660870321800454 0.0 -12.660870321800454 12.288086234623636 0.0 0.0 0.0 48.22350458842212 
 0.3235304760922794 -0.513547462844211 0.0 -0.513547462844211 3.0908989226559713 0.0 0.0 0.0 1.1903175487713487  0.3447357659888954 -0.47555336655563746 0.0 -0.47555336655563746 1.6040168322730863 0.0 0.0 0.0 1.3408196473820901 
 0.4490623835234458 -0.4544774521371519 0.0 -0.4544774521371519 2.226862094646566 0.0 0.0 0.0 1.4381201066972278  0.4695248914024153 -0.09338343401774937 0.0 -0.09338343401774937 0.05883057756748306 0.0 0.0 0.0 0.2194421180558941 
 0.4964439856620788 -0.5015163807958801 0.0 -0.5015163807958801 2.0143259438753347 0.0 0.0 0.0 1.7311833408742587  0.18307308385534404 -0.0729290619320927 0.0 -0.0729290619320927 0.10507957868584218 0.0 0.0 0.0 0.13994601802800258 
 2.8418681095103815 -0.5109255815061347 0.0 -0.5109255815061347 0.3518812138584037 0.0 0.0 0.0 1.1925400083667914  51.84040110692246 -35.05479564651391 0.0 -35.05479564651391 70.74532459767656 0.0 0.0 0.0 70.11127595733926 
 0.9905030523201452 -0.3113164238413738 0.0 -0.3113164238413738 1.0095880044565326 0.0 0.0 0.0 1.305626396592631  208.079481539544 -40.40558893362243 0.0 -40.40558893362243 26.662315316617782 0.0 0.0 0.0 117.4567521417803 
