0  1.968428803337686 -0.5358686979256944 0.0 -0.5358686979256944 0.5080193900355404 0.0 0.0 0.0 1.1462585630694726  0.013828465210497807 -0.004780854764151226 0.0 -0.004780854764151226 0.008373232076421816 0.0 0.0 0.0 0.01480570458793607  0.11066225200260545 -0.02589872597496424 -0.006222827339252532 -0.025898747624248424 0.07712351082437786 -0.01532879958352966 -0.006222711003208852 -0.015328911618219393 0.13251451637626752 
1  0.7474163135195555 -0.6855488548051738 0.0 -0.6855488548051738 1.3379424316965165 0.0 0.0 0.0 1.992516217926147  0.4631487004086478 -0.13095583519423606 0.0 -0.13095583519423606 0.3110568502147254 0.0 0.0 0.0 0.3835133783345999  0.5593528936583569 -0.32226679479404263 0.00897272807328278 -0.3222667747497377 0.6640156509228788 -0.016124168488817214 0.008972867329048548 -0.01612438165234636 0.9035699677030751 
2  2.7854870026057936 -0.5571240569857425 0.0 -0.5571240569857425 0.35900364965426534 0.0 0.0 0.0 1.8344297857308043  110.69627649174018 -31.85488157431681 0.0 -31.85488157431681 23.692508359481486 0.0 0.0 0.0 54.62057100315286  18.577445503696637 -3.7405836062768607 -0.8875779905422719 -3.7405835624149124 4.961137376403001 -0.5013007681364348 -0.887574714017661 -0.5013021236010233 14.547147239578685 
3  1.2683883541553596 -0.6242543919115382 0.0 -0.6242543919115382 0.7884020668621766 0.0 0.0 0.0 1.2045209949707347  0.03666814645446738 -0.020456083979761296 0.0 -0.020456083979761296 0.02720804122140389 0.0 0.0 0.0 0.03442502447689363  0.19116378843881715 -0.07671835295958775 -0.005221298963857127 -0.07671837858081396 0.15681241217308298 -0.01945283091870154 -0.00522115695443694 -0.019452978274975115 0.21663145188016036 
4  0.89790995828663 -0.36026716615538484 0.0 -0.36026716615538484 1.113697415616345 0.0 0.0 0.0 1.1970607167533627  0.544161188921431 -0.8384807339298946 0.0 -0.8384807339298946 4.640431588138641 0.0 0.0 0.0 2.166881534214628  0.6821034999463361 -0.528941349494547 0.004286795252189285 -0.5289413488540923 2.39937243008233 -0.017108193613144765 0.004286925801617318 -0.017108293387688236 1.6400270182683883 
5  0.642542821013009 -0.4941809529775867 0.0 -0.4941809529775867 1.5563165088724162 0.0 0.0 0.0 1.2676445674399488  15.41142607888641 -17.244013727626733 0.0 -17.244013727626733 127.88805746128241 0.0 0.0 0.0 54.02288808199849  4.5853127891099215 -2.4525631957775786 -0.1185694402185531 -2.452562855892851 17.291178664564832 -2.4614086933473005 -0.11856790689306672 -2.4614117586739526 12.665861977354906 
6  1.6393432534140702 -0.44538973052044006 0.0 -0.44538973052044006 0.6100003754048555 0.0 0.0 0.0 1.3833312884319457  0.11912995585913627 -0.02571366031351883 0.0 -0.02571366031351883 0.027405569074476856 0.0 0.0 0.0 0.07955588506687902  0.4175813347135516 -0.09733090068902098 -0.0120992852263431 -0.097330931483225 0.1689129174209618 -0.01978416596169776 -0.012099075577030705 -0.01978434438908101 0.361823875148974 
7  0.8462537887817276 -0.4399580659143791 0.0 -0.4399580659143791 1.1816786090135045 0.0 0.0 0.0 1.1791519960215175  0.27177642137455355 -0.03782015620254235 0.0 -0.03782015620254235 0.028601808225276186 0.0 0.0 0.0 0.1293997555361423  0.4636542105574705 -0.11952938604430725 0.000392381651061896 -0.11952941850835745 0.2600104084415253 -0.025335700092111803 0.0003925411797569448 -0.025335926419534853 0.4317809576497502 
8  0.6464943981567531 -0.33182255489420115 0.0 -0.33182255489420115 1.5468038127648767 0.0 0.0 0.0 1.033079145658847  0.42390334399171636 -0.09850009511326362 0.0 -0.09850009511326362 0.20213712778585224 0.0 0.0 0.0 0.30958733004611627  0.5190423412958932 -0.1718893099135425 0.001115789722339122 -0.17188929870603237 0.5985056956712236 -0.015786919653217407 0.0011158760268943993 -0.015787096048153003 0.590192918983006 
9  0.3974344013866144 -0.6994840542873408 0.0 -0.6994840542873408 2.5161385036400628 0.0 0.0 0.0 1.3347608960147805  2.062283572865646 -2.519775639837722 0.0 -2.519775639837722 9.277607171107304 0.0 0.0 0.0 5.22921096359136  1.0283371303854285 -1.3020726730454293 0.010153693593742944 -1.3020726549471544 4.967991822013021 -0.07320563139645894 0.010153750154332425 -0.07320577201767174 2.824507814974107 
10  0.4913750526328172 -0.536298494195014 0.0 -0.536298494195014 2.03510535311457 0.0 0.0 0.0 1.0163914736144377  0.09760054589639096 -0.08769558798878695 0.0 -0.08769558798878695 0.16890776309489938 0.0 0.0 0.0 0.16140629727759478  0.22118186729018557 -0.18502191715425126 0.0005948835721672863 -0.1850219116952684 0.5888757060965525 -0.02482546430170185 0.0005949842307209857 -0.02482567336452003 0.4263509686942717 
11  1.4916857736885356 -0.6444747623417206 0.0 -0.6444747623417206 0.6703824744049616 0.0 0.0 0.0 1.0368311189268467  11.540105094185371 -10.006839808276139 0.0 -10.006839808276139 68.97190681760969 0.0 0.0 0.0 38.69407833180562  4.704100657760615 -1.943085141133294 -0.1328366450164996 -1.9430850860710946 9.696183775265585 -1.395788476124259 -0.1328354265759014 -1.3957901170150528 9.3999437987869 
12  2.3890047220698927 -0.61944416127015 0.0 -0.61944416127015 0.41858435471553834 0.0 0.0 0.0 1.8916132675140027  23.80434625874621 -3.0749315901179957 0.0 -3.0749315901179957 2.7115752576582137 0.0 0.0 0.0 8.782090687822075  7.824443839886187 -1.2965650632750771 -0.1337526460894994 -1.2965650125111778 1.3041370788530846 -0.03911627450446026 -0.13375208094552044 -0.03911653148286158 4.500068241213146 
13  1.0889112442748894 -0.4530981413774864 0.0 -0.4530981413774864 0.9183484928249632 0.0 0.0 0.0 1.4100949190450311  0.05165016890975228 -0.04468203826039152 0.0 -0.04468203826039152 0.18451458518278652 0.0 0.0 0.0 0.14701322057510133  0.260398724692912 -0.12408049997626784 -0.007916954064773713 -0.12408048860639555 0.4149211028993922 -0.014500701805826176 -0.007916792186311512 -0.014500866460705215 0.47988464683630117 
14  1.2312037231229602 -0.5417829541502066 0.0 -0.5417829541502066 0.812213268380549 0.0 0.0 0.0 1.1266569340667896  45.29376056908331 -19.542622234818595 0.0 -19.542622234818595 32.649339586950006 0.0 0.0 0.0 61.94975977918544  9.634127065686508 -3.009314336164221 -0.5757013217728635 -3.009314069322477 7.492311625379679 -1.1036158894405912 -0.5756987834206813 -1.1036173855726001 12.795359329107692 
15  0.9062955787191803 -0.3465644693904525 0.0 -0.3465644693904525 1.1033927820912988 0.0 0.0 0.0 1.8232430016060854  46.82139362183796 -37.50722779120456 0.0 -37.50722779120456 98.8551884521124 0.0 0.0 0.0 121.54637972082372  9.724350536079996 -3.848263990124657 -0.4167410493773679 -3.8482635601654676 15.459772693661145 -2.759682581913746 -0.4167374011310047 -2.75968627441417 21.274205166953113 
16  1.1229979656136126 -0.33416744494054673 0.0 -0.33416744494054673 0.8904735632834332 0.0 0.0 0.0 1.6524366513327027  3.816065631548266 -0.8346377447403862 0.0 -0.8346377447403862 2.003651845980837 0.0 0.0 0.0 3.1538649832152346  2.1741531522454043 -0.5406370765116182 -0.006673817203125795 -0.5406370651503273 1.387812037283364 -0.008151589627034682 -0.00667371349446199 -0.00815169614582169 2.3345765370054123 
17  2.999144871572693 -0.4071115919363852 0.0 -0.4071115919363852 0.33342837469389053 0.0 0.0 0.0 1.361601615578591  3.1878526322664733 -3.338462627955243 0.0 -3.338462627955243 10.864117529204321 0.0 0.0 0.0 6.695888777746409  2.856027138422721 -1.0979692708264954 0.039710680759302834 -1.0979692922412227 2.801852487109335 -0.11186594493231684 0.03971104321340833 -0.1118663103938787 3.360360946216267 
18  1.466486680629668 -0.40811404755641956 0.0 -0.40811404755641956 0.6819018632822688 0.0 0.0 0.0 1.485893360141221  8.893882219248198 -1.9911119045034433 0.0 -1.9911119045034433 1.8046482786099285 0.0 0.0 0.0 6.71823876621623  3.871014438685129 -0.9142760279011556 -0.03936721107916089 -0.9142759977731519 1.149393513342967 -0.013583066707267043 -0.03936695394865633 -0.013583219119729675 3.416484626785119 
19  1.3234693195771556 -0.6080515328767824 0.0 -0.6080515328767824 0.7555898615915758 0.0 0.0 0.0 1.420508147574955  0.7775786834396317 -0.5439380624760676 0.0 -0.5439380624760676 1.4201646261391632 0.0 0.0 0.0 1.845766375001707  1.013940829931588 -0.5652165329584501 0.0011665885618512013 -0.5652165331023891 1.0535552183938153 -0.0028012022633609724 0.0011667345820676432 -0.002801301891062103 1.6264238779873703 
20  2.4936403237499087 -0.5286413703680863 0.0 -0.5286413703680863 0.4010201433124931 0.0 0.0 0.0 1.048217340199198  4.8036417209692335 -1.4791622024578628 0.0 -1.4791622024578628 2.3829376457606455 0.0 0.0 0.0 4.00555973824034  3.480157336218678 -0.8819373415454591 -0.005715485490169542 -0.8819373402907269 1.1513416978007702 -0.0273333043829986 -0.005715280305407832 -0.027333430151505644 2.238845510217398 
21  0.9330849243596486 -0.37661843969919084 0.0 -0.37661843969919084 1.071713810708359 0.0 0.0 0.0 1.766654084609374  30.545894155246526 -20.293489144523658 0.0 -20.293489144523658 32.89871596196167 0.0 0.0 0.0 32.93160913848298  6.883785747116136 -3.1372585399612043 -0.05589178588678567 -3.1372582672707194 7.632029072519608 -0.6657644966819756 -0.05589051967083592 -0.6657656290420366 9.78660713565039 
22  2.640853359736657 -0.41919630089012055 0.0 -0.41919630089012055 0.3786654780785401 0.0 0.0 0.0 1.7211529465662787  19.695786773759735 -3.8751415571737 0.0 -3.8751415571737 4.714831604726779 0.0 0.0 0.0 18.119317947820182  7.732692530304724 -1.3588948547818487 -0.18678363876607382 -1.3588948281768038 1.8838405289713467 -0.1148325456410976 -0.1867827867767309 -0.11483294649484047 6.620972372027473 
23  0.6154404615814363 -0.33904897315532145 0.0 -0.33904897315532145 1.624852544518115 0.0 0.0 0.0 1.3783747863523765  0.28569767996668693 -0.294472662532891 0.0 -0.294472662532891 0.9936147170116745 0.0 0.0 0.0 0.7731443848053343  0.42345744917645844 -0.3187318299636821 -0.0014140618384954262 -0.31873182536589956 1.267999490039717 -0.0038337028640112857 -0.0014139593232002032 -0.00383384484592236 1.0338455967738482 
24  1.8262293144449797 -0.4648403233664704 0.0 -0.4648403233664704 0.5475763597102897 0.0 0.0 0.0 1.5470936188676323  62.045371102484765 -9.792311107979225 0.0 -9.792311107979225 8.170368243493582 0.0 0.0 0.0 32.98734131223343  12.221642573849476 -2.015648902425523 -0.6841953653529481 -2.0156487824205844 2.9327421754413012 -0.24468210843597746 -0.6841934817872484 -0.2446827908214979 9.637686230866679 
25  1.7676119166825497 -0.32829990031457235 0.0 -0.32829990031457235 0.5657350409114676 0.0 0.0 0.0 1.0111579802116817  0.006012766909141703 -0.00737121045089215 0.0 -0.00737121045089215 0.05283126974914396 0.0 0.0 0.0 0.028399636365518753  0.08112888480015328 -0.025054022902511425 -0.0037025226402427618 -0.025054008390087267 0.17523635832850223 -0.014844644044398737 -0.003702411258102186 -0.014844765838302257 0.19065689182021203 
26  2.1715216345661674 -0.518230119879152 0.0 -0.518230119879152 0.46050657938749145 0.0 0.0 0.0 1.1659144819455036  35.43033964451683 -11.637786446861849 0.0 -11.637786446861849 36.49597013174416 0.0 0.0 0.0 54.36559983413266  10.335951163323596 -2.250728771814285 -0.6406475898156925 -2.2507287285383644 7.121007982549848 -1.0933834431387743 -0.6406450746927725 -1.0933848808034712 12.579727754692465 
27  0.43860645840502 -0.48666552851737066 0.0 -0.48666552851737066 2.2799481878047847 0.0 0.0 0.0 1.1111194335738215  0.04279061871709328 -0.07561666904547393 0.0 -0.07561666904547393 0.34051087380060546 0.0 0.0 0.0 0.13893537831297526  0.15298707184632254 -0.16754236366181868 -0.0011696894240758456 -0.16754233046602524 0.8450604650541311 -0.024019798113070527 -0.0011695809472264788 -0.024020025206923357 0.4283016864134866 
28  1.8444214302084785 -0.604323931003987 0.0 -0.604323931003987 0.5421754397458763 0.0 0.0 0.0 1.2115361455822042  0.4444136982897075 -0.14202224301140257 0.0 -0.14202224301140257 0.3728047289385194 0.0 0.0 0.0 0.444092620621774  0.8964410867234817 -0.2909914687536764 -0.00508222139439748 -0.2909914634656927 0.4299937586360789 0.0014117652899564342 -0.005082054881042522 0.0014116723027163358 0.7481163976938867 
29  2.748659725740954 -0.697019667550853 0.0 -0.697019667550853 0.36381367640202567 0.0 0.0 0.0 1.8959960250340437  27.142204853032364 -6.141454303751017 0.0 -6.141454303751017 9.603734332105416 0.0 0.0 0.0 25.029625904198188  9.429371837014399 -1.9676197238152697 -0.3007491048030311 -1.9676196964692623 3.0565810309598773 -0.2644802952195503 -0.30074792024333175 -0.2644809208675214 8.429789343126656 
30  1.051034244772889 -0.4569470689440658 0.0 -0.4569470689440658 0.9514437849892162 0.0 0.0 0.0 1.1270101264614636  12.223028374600563 -4.133708738993436 0.0 -4.133708738993436 3.671643543402657 0.0 0.0 0.0 8.905771856753637  4.022279318242688 -1.3889977016920214 -0.0426798055651778 -1.3889976323837283 1.9091084270657859 -0.03870242387418392 -0.04267948258727124 -0.03870260435372173 3.6788427930877785 
31  1.2985317186416443 -0.4216205118133662 0.0 -0.4216205118133662 0.7701005571477841 0.0 0.0 0.0 1.1216197548685343  1.9244090943006933 -0.8982143376351389 0.0 -0.8982143376351389 3.912728902640751 0.0 0.0 0.0 3.4391631333704105  1.591196949733791 -0.607381877770621 0.0007935298381568382 -0.6073818738692138 1.922500276453735 -0.036493969063814066 0.0007936599843186197 -0.036494093274201146 2.0846550262971264 
32  0.35649751933160306 -0.5849112926111698 0.0 -0.5849112926111698 2.805068607138976 0.0 0.0 0.0 1.4268215757609939  5.283841869745213 -1.1471076627966315 0.0 -1.1471076627966315 0.7550810553929221 0.0 0.0 0.0 3.4659638544988782  1.7125335368185592 -0.6451563502429867 -0.010074987333086236 -0.6451563117383741 1.4485686781409148 0.029418390701964663 -0.010074873277070656 0.029418122584300994 2.2943506770175013 
33  1.2026331793931329 -0.5806845602579284 0.0 -0.5806845602579284 0.8315087402666002 0.0 0.0 0.0 1.445894183686526  27.282422988591666 -7.533281259605196 0.0 -7.533281259605196 12.291027837140506 0.0 0.0 0.0 27.903382665172437  7.169689459987349 -2.022643242936897 -0.3101193909835495 -2.022643071120268 4.25317695376306 -0.3896541971725302 -0.3101182056808427 -0.389654844373276 8.1607216274493 
34  0.6776116601774308 -0.4883938278926848 0.0 -0.4883938278926848 1.4757715351860277 0.0 0.0 0.0 1.1014187814004042  7.860176094295456 -11.870492317627436 0.0 -11.870492317627436 70.94049108031686 0.0 0.0 0.0 26.153061366764817  2.7978578071494984 -2.092967225779328 0.03413149921213075 -2.092967040897737 11.950386119998827 -1.1786609266903436 0.034132182810166944 -1.1786625571702949 7.461682782204799 
35  0.5631283356968383 -0.49091747020078835 0.0 -0.49091747020078835 1.7757941424889563 0.0 0.0 0.0 1.9821463009737583  29.90993736707352 -12.75196996900319 0.0 -12.75196996900319 12.72438273290058 0.0 0.0 0.0 31.54037301124847  6.269595391831341 -2.6366042268892658 -0.10625681812636634 -2.636603941831489 4.9364590020634465 -0.25259641168332647 -0.10625591412752966 -0.2525969871307559 9.26776879481642 
36  0.7881875126145494 -0.4053245144442591 0.0 -0.4053245144442591 1.268733624924903 0.0 0.0 0.0 1.5303697587224192  44.507188220412125 -35.721298614164866 0.0 -35.721298614164866 142.75569656118392 0.0 0.0 0.0 81.5776108872206  9.124797098176037 -3.363360840763539 -0.47634742736681734 -3.3633602733619328 18.20117854900442 -2.944215841629537 -0.47634413889074984 -2.944219776540101 18.14705370877547 
37  0.37324042133100144 -0.598826329382999 0.0 -0.598826329382999 2.6792382144300717 0.0 0.0 0.0 1.7396227038538108  0.08871879411937647 -0.019430403075392712 0.0 -0.019430403075392712 0.009255842380825182 0.0 0.0 0.0 0.030932402106889415  0.15760628903446028 -0.05815335057747486 0.001174343853218657 -0.05815344715721169 0.18035596120327504 -0.0354100875963208 0.0011744767223987188 -0.03541035363567933 0.2502126812072997 
38  0.3887949765983904 -0.47497021775237064 0.0 -0.47497021775237064 2.5720496924860217 0.0 0.0 0.0 1.4079756050933119  10.23163593124804 -3.8377792377115196 0.0 -3.8377792377115196 7.236043201954897 0.0 0.0 0.0 8.640045052777879  2.8788809098978776 -1.3432377276041325 -0.020260931231220036 -1.343237578205291 4.375795770883967 -0.07159602279230723 -0.020260667734773675 -0.07159624714203826 4.006579731624796 
39  1.4323950245783288 -0.5913830578735646 0.0 -0.5913830578735646 0.6981314391917703 0.0 0.0 0.0 1.464078800049406  34.468510221014945 -9.530528377120707 0.0 -9.530528377120707 6.670072584898933 0.0 0.0 0.0 16.261170571110906  7.8197685135293336 -2.1637945713469895 -0.17613455901727473 -2.1637944511862477 2.464825441477724 -0.10655008975953263 -0.1761337304078252 -0.1065504951147011 5.935366828753475 
40  1.596180950421611 -0.41220570672275547 0.0 -0.41220570672275547 0.6264953855863664 0.0 0.0 0.0 1.2179864512231209  4.3742376159752245 -1.590794605106906 0.0 -1.590794605106906 4.2149233115005105 0.0 0.0 0.0 5.253996716119842  2.7207828599786925 -0.8295922885474108 -0.008666213780185039 -0.8295922797232596 1.9117948133417084 -0.05486619545356995 -0.008666024044623518 -0.054866356759055615 2.7803900308321667 
41  0.7763500767236756 -0.41441304254565203 0.0 -0.41441304254565203 1.2880787031285728 0.0 0.0 0.0 1.372898267760129  100.05635559891405 -44.67459550577528 0.0 -44.67459550577528 42.898508955532634 0.0 0.0 0.0 107.14627997968297  12.620427946444567 -4.2383058836680005 -0.775712426428854 -4.238305341483376 9.115950262168335 -1.3176770344530586 -0.7757084206776478 -1.317679413922715 18.42382776926052 
42  2.8818133156377166 -0.4736106032066737 0.0 -0.4736106032066737 0.347003740517699 0.0 0.0 0.0 1.131567518984655  1.1174258468720666 -0.7943756037801183 0.0 -0.7943756037801183 1.2843634461675806 0.0 0.0 0.0 2.094095881024417  1.727798734999821 -0.6034981502951029 0.012216987441541713 -0.6034981721433261 0.7333820680238731 -0.006662813709930714 0.012217183575660361 -0.006662875698821477 1.5665922774884398 
43  1.9357135179037128 -0.3841214662148976 0.0 -0.3841214662148976 0.5166053709657167 0.0 0.0 0.0 1.8417948026138786  0.13891692505842507 -0.18371819089633976 0.0 -0.18371819089633976 0.5309787262150573 0.0 0.0 0.0 0.27349011692793046  0.5247200068316533 -0.22518296608810698 -0.019951792198561327 -0.22518296515531397 0.5172514374526884 0.0031321066241975434 -0.01995157208304271 0.0031320127717837294 0.7420449807418223 
44  2.0007597953708656 -0.3737420188632397 0.0 -0.3737420188632397 0.4998101232910059 0.0 0.0 0.0 1.2147101441776293  1.0052120009313548 -0.2729511892992747 0.0 -0.2729511892992747 0.22972605939519833 0.0 0.0 0.0 0.5925317564168051  1.4039542395356788 -0.318615227115724 -0.004258783770931692 -0.31861524543438763 0.3458859559681289 -0.002948814303018483 -0.004258635132469383 -0.002948918407032903 0.8557354550816966 
45  0.8100986297687491 -0.5450622317318035 0.0 -0.5450622317318035 1.2344175921954839 0.0 0.0 0.0 1.6248867736010162  0.6197293124459856 -0.30581804002262253 0.0 -0.30581804002262253 0.6583634992663877 0.0 0.0 0.0 0.7365267604176287  0.7043298836588139 -0.4068547032858943 0.0012897076822555547 -0.40685469861647067 0.904428351197301 -0.0046926227641855495 0.0012898164983193008 -0.0046927765812296305 1.1002490752514964 
46  0.8700406530025341 -0.5693800177505642 0.0 -0.5693800177505642 1.1493715799933861 0.0 0.0 0.0 1.9105359499335743  0.030449235393987886 -0.023176970213193305 0.0 -0.023176970213193305 0.03927891145242712 0.0 0.0 0.0 0.04271993534926682  0.16144489736173545 -0.08109371970914449 -0.003804571501346978 -0.08109373686806348 0.2269640338171199 -0.0293339521637902 -0.003804426445580482 -0.029334146423194346 0.2767354880628775 
47  1.5269318755051062 -0.6277640167316496 0.0 -0.6277640167316496 0.6549080650171127 0.0 0.0 0.0 1.4512129697104676  0.11991452653709854 -0.0744656193609439 0.0 -0.0744656193609439 0.2692179647668913 0.0 0.0 0.0 0.2920551484461849  0.44633965244377344 -0.19976157511137954 -0.00830869360745018 -0.19976157130379 0.39253519334013687 -0.0013879701368608702 -0.008308506884318837 -0.001388097805338372 0.661982906786843 
48  2.4118657803417642 -0.42281186437099055 0.0 -0.42281186437099055 0.4146167701995004 0.0 0.0 0.0 1.2973062713446102  1.1701249819081243 -1.0490303411628892 0.0 -1.0490303411628892 3.9393340062467264 0.0 0.0 0.0 2.2485643834336977  1.619398329478179 -0.5961260821399093 0.008841328884458216 -0.5961260995242768 1.5373943958144562 -0.01633640413654248 0.008841531210710884 -0.016336524767835838 1.7392242274548526 
49  0.43003303892265715 -0.4001655143604324 0.0 -0.4001655143604324 2.325402723719219 0.0 0.0 0.0 1.197915981890656  2.3171208445029716 -3.4617851057364732 0.0 -3.4617851057364732 12.707842942326256 0.0 0.0 0.0 8.82740265295566  1.1003265876666013 -1.2950703161563912 0.03246332473032293 -1.2950702884843386 5.650998132080528 -0.1552443611881453 0.032463398430664245 -0.155244469700736 3.6596986305775636 
50  2.792656448373358 -0.43678822881342827 0.0 -0.43678822881342827 0.3580819977274581 0.0 0.0 0.0 1.4594440913352347  74.44018064724925 -50.37829572646574 0.0 -50.37829572646574 130.38257048301253 0.0 0.0 0.0 110.42896054285586  16.43173353802133 -3.3867348202790692 -1.1389400127304006 -3.3867348666043777 11.789542306560534 -1.9834348495697776 -1.1389344201619587 -1.9834380787863515 22.43117390639927 
51  2.550975146415276 -0.48326199386897367 0.0 -0.48326199386897367 0.3920069552246468 0.0 0.0 0.0 1.0940196959120456  27.681085746786636 -9.737760949369852 0.0 -9.737760949369852 10.478862003736968 0.0 0.0 0.0 18.213202832700556  8.635325064580716 -2.1904939670609695 -0.16156122840862513 -2.190493958138305 2.9718200592483015 -0.20260732169479292 -0.16156019038659494 -0.20260785916377233 6.115385461037346 
52  0.7292813486627798 -0.4846461954351611 0.0 -0.4846461954351611 1.3712129095768233 0.0 0.0 0.0 1.3277289056846808  1.0335874203499478 -0.35300363582810873 0.0 -0.35300363582810873 0.7865851674448386 0.0 0.0 0.0 1.2054518894956434  0.869448200157285 -0.4094178454145755 0.0003964654629458579 -0.40941783770003876 1.0420821473471296 -0.0006761476860113507 0.0003965442273957022 -0.0006762858625498165 1.263998820505122 
53  0.6662703924661635 -0.6799054725565448 0.0 -0.6799054725565448 1.5008921472535417 0.0 0.0 0.0 1.2319135822387575  2.7607219504770906 -1.8509692746180852 0.0 -1.8509692746180852 3.0833910948459993 0.0 0.0 0.0 5.812662412978178  1.4714587110844246 -1.1148451243788646 0.000887571020855175 -1.114845098760265 2.1698324935541797 -0.02278136572706771 0.0008876307917655956 -0.022781451747828977 2.829518717865673 
54  3.1088354051253635 -0.34307276352021904 0.0 -0.34307276352021904 0.3216638611202625 0.0 0.0 0.0 1.6555731963283196  0.01536774013292987 -0.012440115367730266 0.0 -0.012440115367730266 0.10004742780961047 0.0 0.0 0.0 0.07740761644672331  0.1820709452694557 -0.034864200108054307 -0.011401998607288914 -0.03486419252331954 0.17692684682492452 -0.007228668186311018 -0.011401803008208302 -0.007228767545398549 0.36804458801577594 
55  0.33012506262871827 -0.4318876882056852 0.0 -0.4318876882056852 3.0291550482026564 0.0 0.0 0.0 1.8855081546670756  0.20177178607140908 -0.2052751091245112 0.0 -0.2052751091245112 0.988224841403715 0.0 0.0 0.0 0.4711133048588493  0.25801443526475953 -0.2880251050651613 0.0012342638772066766 -0.2880250935945199 1.7165841340394081 -0.02183339383171594 0.0012343515422046903 -0.021833663358779003 0.9738967640756665 
56  0.600340669356106 -0.3513562237228336 0.0 -0.3513562237228336 1.665720899889304 0.0 0.0 0.0 1.5091466038401125  0.024271584042740282 -0.005970363470771554 0.0 -0.005970363470771554 0.005356710426206367 0.0 0.0 0.0 0.012706904470721748  0.11175973596504907 -0.026808974579073736 -0.007577853498290881 -0.02680904511196223 0.10342652588394159 -0.025186279988398896 -0.007577716274764183 -0.0251864526593655 0.14252913309994136 
57  0.8870991524875137 -0.35555267854214717 0.0 -0.35555267854214717 1.1272697050785148 0.0 0.0 0.0 1.053589886911775  0.13718535205077112 -0.02739777096130133 0.0 -0.02739777096130133 0.01602106647437315 0.0 0.0 0.0 0.050452300917641066  0.33624935753643737 -0.0823044606932444 -0.0065288539621410685 -0.08230454807023459 0.18360759720160397 -0.02649553123145804 -0.006528676583605156 -0.026495743808950124 0.2773502344740515 
58  1.8921108159816107 -0.5897497596602903 0.0 -0.5897497596602903 0.5285102709384433 0.0 0.0 0.0 1.4903963290746554  0.02807563797330459 -0.03354140384764777 0.0 -0.03354140384764777 0.22137279317476016 0.0 0.0 0.0 0.11121742821427424  0.23606888785490193 -0.09593874765018973 -0.01043592137759214 -0.09593873207758623 0.3025658499320087 -0.0019961699012190116 -0.010435729396592463 -0.0019962873220599215 0.435063514637989 
59  0.5219450434968461 -0.6538349361800931 0.0 -0.6538349361800931 1.9159105205796298 0.0 0.0 0.0 1.5399781240538566  0.5760528670244573 -0.13999915212724062 0.0 -0.13999915212724062 0.13953950761060535 0.0 0.0 0.0 0.5447762433475056  0.5086621191680041 -0.2775583961939807 0.008432839197665637 -0.27755839319830156 0.6136560557967784 -0.022431921257429432 0.008432957415889755 -0.022432220639563454 0.9199133006244424 
60  0.3270718163398976 -0.4936213920734938 0.0 -0.4936213920734938 3.057432496601254 0.0 0.0 0.0 1.2764352149388634  0.01797769680027798 -0.006464403667558862 0.0 -0.006464403667558862 0.010040619249845112 0.0 0.0 0.0 0.022164413663989236  0.0761306133898448 -0.03038964511496439 -0.0023971192503961735 -0.030389669417700417 0.15801545179235135 -0.02959903082442886 -0.0023970360949698935 -0.02959921314514618 0.16526294077514533 
61  0.40037078728972325 -0.33689976511390907 0.0 -0.33689976511390907 2.497684725625006 0.0 0.0 0.0 1.564515852095115  1.5756535626053896 -1.7016582219017098 0.0 -1.7016582219017098 7.879716898977745 0.0 0.0 0.0 4.651278107707464  0.8757208382707723 -0.8230983683876545 0.007097147236935393 -0.8230983653753315 4.565248390984054 -0.046248312743396275 0.007097197997819171 -0.046248421333964784 2.8301762710805423 
62  2.299234166847946 -0.6563783220065229 0.0 -0.6563783220065229 0.43492742688793407 0.0 0.0 0.0 1.5529679876532576  0.00811168988225103 -0.008507593846525673 0.0 -0.008507593846525673 0.02551048476748634 0.0 0.0 0.0 0.016875728876882896  0.08613084820673951 -0.028964941878757356 -0.0029695485203740236 -0.02896494037474585 0.09467750587993724 -0.011543070727172677 -0.002969445331563652 -0.011543163666812897 0.15370339758066986 
63  1.455392341083823 -0.6515185446998104 0.0 -0.6515185446998104 0.687099946709425 0.0 0.0 0.0 1.5695492495530046  1.7018651808641383 -0.43562508569292585 0.0 -0.43562508569292585 0.28455569970284705 0.0 0.0 0.0 1.0913169516820103  1.5642724967136137 -0.5280302742522746 0.002492947477997138 -0.5280302672739842 0.4551241768031534 -0.002389617129808499 0.002493104180871442 -0.00238976840440746 1.3064411256896804 
64  0.8147062837013601 -0.5470331495253313 0.0 -0.5470331495253313 1.2274362184329997 0.0 0.0 0.0 1.43976722348843  0.07619090271229739 -0.014977802563095773 0.0 -0.014977802563095773 0.015868907093373505 0.0 0.0 0.0 0.04323083692619653  0.23386628077722407 -0.07595691296803696 -0.0035857826653377593 -0.07595695134998415 0.1837479118887255 -0.02863477060099398 -0.0035856082836061547 -0.028634993375140996 0.27586567954739416 
65  0.7698268385871438 -0.6388763097545775 0.0 -0.6388763097545775 1.2989934227745175 0.0 0.0 0.0 1.0765512491502252  11.9650006732907 -3.6131608051060886 0.0 -3.6131608051060886 2.255874388317137 0.0 0.0 0.0 6.134214501137981  3.440313831298002 -1.3479447247051508 -0.03427758431707154 -1.347944633746946 1.5709909424624424 0.004050087541218693 -0.03427735912591199 0.004049939226912312 2.864157042750503 
66  0.3168297987521448 -0.5793092847592545 0.0 -0.5793092847592545 3.156268772503617 0.0 0.0 0.0 1.2383298982334887  0.010886423493420262 -0.009521630228975482 0.0 -0.009521630228975482 0.0233104203845383 0.0 0.0 0.0 0.02323461800453417  0.05981896183847026 -0.03871694485469605 -0.0004341206761845714 -0.038716947903348495 0.21527429395897044 -0.03152639966121531 -0.00043404747276526917 -0.03152657714863705 0.1690576826917599 
67  2.0844875772432996 -0.5307403667602382 0.0 -0.5307403667602382 0.4797342094609571 0.0 0.0 0.0 1.8097736075811426  0.3660456087443721 -0.6452515328555396 0.0 -0.6452515328555396 2.423564973710336 0.0 0.0 0.0 1.0479555018296314  0.8662953678160235 -0.5100447113932618 -0.009108908135896382 -0.5100447140354155 1.1749355257695495 0.010761033798133368 -0.009108652995728538 0.010760941998425581 1.3771484188940561 
68  0.3623187891476749 -0.3949971811935392 0.0 -0.3949971811935392 2.7600003917887275 0.0 0.0 0.0 1.7051554796515171  0.034750631853026646 -0.05959247292565575 0.0 -0.05959247292565575 0.28935831771260384 0.0 0.0 0.0 0.11753539046375079  0.12923536233293806 -0.13297602087781527 -0.0018347324759613217 -0.13297598646557013 0.8542259367296566 -0.039981291427441716 -0.0018346130625002887 -0.03998158520198141 0.49058165650712143 
69  0.6591041539970055 -0.5559578968234935 0.0 -0.5559578968234935 1.5172108898657364 0.0 0.0 0.0 1.2253282889812904  0.0570111204720398 -0.01747205914087576 0.0 -0.01747205914087576 0.018278338561376138 0.0 0.0 0.0 0.033623945505034857  0.18147321095093888 -0.07147528071904789 -0.0026206001780046608 -0.07147531846676697 0.19213875258520868 -0.028956580937696857 -0.002620462552653264 -0.02895678542279933 0.22932645754207084 
70  0.5868445567584268 -0.6309096086760604 0.0 -0.6309096086760604 1.7040287559685887 0.0 0.0 0.0 1.3453156390790688  2.3035180226904384 -0.4115406220138324 0.0 -0.4115406220138324 0.6634243903842297 0.0 0.0 0.0 1.3958361404308197  1.1857747699708274 -0.4832409954104276 -0.0004669254587001342 -0.48324095940970346 1.0827383527654182 0.000491361885693758 -0.000466844063453825 0.0004911917565555556 1.3710177827215289 
71  0.45702016557200204 -0.30287838242469906 0.0 -0.30287838242469906 2.1880872559494384 0.0 0.0 0.0 1.2554372334436756  0.1283861678673636 -0.13475089857459074 0.0 -0.13475089857459074 0.3099323762975952 0.0 0.0 0.0 0.28874730814235655  0.2511864773773686 -0.19509698898229869 -0.0019340750805489268 -0.1950969790082308 0.8272112617332956 -0.024498658490077298 -0.0019339762620248137 -0.02449887819459555 0.6192973840810433 
72  0.7162877227686671 -0.4630224607792338 0.0 -0.4630224607792338 1.3960870306902646 0.0 0.0 0.0 1.4956379650886205  1.9042205857726582 -0.8136820385311071 0.0 -0.8136820385311071 1.1095030432912647 0.0 0.0 0.0 2.6904782641737133  1.2181627806136675 -0.6107559812518043 -0.0018868539104988163 -0.6107559763809013 1.228404035128952 0.0041895036730870425 -0.0018868003584556628 0.00418937516825317 2.033865217193529 
73  1.061910784796939 -0.6943664003839076 0.0 -0.6943664003839076 0.9416986947648548 0.0 0.0 0.0 1.0403745410945937  66.63437717483095 -47.39833969210577 0.0 -47.39833969210577 119.13666074600245 0.0 0.0 0.0 173.08701554064476  11.75855542670486 -3.9395517638946496 -1.0968070137703723 -3.9395515120211466 15.437703997186992 -3.567960804503382 -1.09680141160112 -3.5679648730877735 23.2714085542101 
74  0.6874161605402143 -0.6887564350635651 0.0 -0.6887564350635651 1.4547228555321394 0.0 0.0 0.0 1.398992297250468  2.7125544338962726 -2.8810048710267204 0.0 -2.8810048710267204 8.334050881260232 0.0 0.0 0.0 8.216664139959873  1.4579932924233947 -1.3773935511479638 0.01780674102067451 -1.3773935268489725 3.7882684432014884 -0.12103940243311291 0.0178068506413994 -0.1210395577502256 3.6422549608698658 
75  1.2547841619553854 -0.658695323802819 0.0 -0.658695323802819 0.7969498104292742 0.0 0.0 0.0 1.6145238696069504  62.1393470588358 -34.236191512338145 0.0 -34.236191512338145 138.00065135508336 0.0 0.0 0.0 163.90727614130464  13.048026769503513 -3.3225414349153573 -1.3814133736627394 -3.3225412849399487 16.878357652029273 -3.7928541481353846 -1.3814077350420906 -3.7928582662516312 26.115542791415784 
76  1.6122044757884828 -0.5628350939631788 0.0 -0.5628350939631788 0.6202687159213652 0.0 0.0 0.0 1.1821940116333542  0.03942330350844696 -0.038963230652436516 0.0 -0.038963230652436516 0.17210686083882262 0.0 0.0 0.0 0.12779968604161707  0.2607616157234784 -0.11205681904734915 -0.008875506754248669 -0.11205681016746392 0.30553174701264985 -0.0060973764882494745 -0.008875340793509844 -0.006097497150505232 0.4104309895922568 
77  0.5778662073312414 -0.5828318416430973 0.0 -0.5828318416430973 1.730504375084154 0.0 0.0 0.0 1.1711946932734583  0.029571658111298933 -0.019066720572586536 0.0 -0.019066720572586536 0.07885153735720118 0.0 0.0 0.0 0.06527836839488502  0.13830112238752323 -0.09086062976545956 -0.0007869170405586469 -0.09086061880752053 0.3648965537506357 -0.027921389881749963 -0.0007868036912159326 -0.02792159462919805 0.3026993309560715 
78  1.0455583444753613 -0.551809819552702 0.0 -0.551809819552702 0.9564267793221798 0.0 0.0 0.0 1.365426021975379  52.149860108957924 -20.703475481300753 0.0 -20.703475481300753 26.516164468135365 0.0 0.0 0.0 62.599515306464575  9.962934008539804 -3.1835034663226254 -0.5727510828987099 -3.18350314767997 6.864871889006838 -0.8999952374613155 -0.5727486219051109 -0.8999965925246842 13.135508382176457 
79  0.36559573553179403 -0.3633748950018974 0.0 -0.3633748950018974 2.7352616642133536 0.0 0.0 0.0 1.025682717243207  0.4642108992650094 -0.17323107083413292 0.0 -0.17323107083413292 0.13444095088054933 0.0 0.0 0.0 0.3540261826314678  0.40748573484167855 -0.2016419871424596 0.0024872053558904757 -0.20164200443106542 0.6421752450602055 -0.023529032602283215 0.002487262780628521 -0.0235293241239414 0.6153010636676899 
80  0.7626059947327756 -0.4474637119064336 0.0 -0.4474637119064336 1.31129312765291 0.0 0.0 0.0 1.0966021063570246  0.06991423987116831 -0.018403139877897216 0.0 -0.018403139877897216 0.050963497190137104 0.0 0.0 0.0 0.07648934548077538  0.23483814831961453 -0.08924831503856251 -0.003657861000539727 -0.08924831127240862 0.2943492787971526 -0.02608526872831852 -0.003657730379190425 -0.026085464611615955 0.32478845689978164 
81  0.33719250894006636 -0.34197367150452784 0.0 -0.34197367150452784 2.9656649346790296 0.0 0.0 0.0 1.8684665971418009  3.023879850911412 -1.6843123970811682 0.0 -1.6843123970811682 1.9805123439507126 0.0 0.0 0.0 2.962273295074793  1.240313979670318 -0.8159668821396444 0.0022089793781839475 -0.8159668601872124 2.2402219183714465 0.00807498909415185 0.002208937851338704 0.008074829259791099 2.378467745113549 
82  0.8018818579841803 -0.46838212226800524 0.0 -0.46838212226800524 1.247066497443727 0.0 0.0 0.0 1.6735480077130964  0.006690064058771004 -0.006711621998769127 0.0 -0.006711621998769127 0.03708821514700089 0.0 0.0 0.0 0.01838173379935627  0.07022957725242544 -0.03203271780902791 -0.002021202971410958 -0.032032703536188 0.20344036255984102 -0.025881124577091706 -0.002021099148840765 -0.025881299266445657 0.18221067589112735 
83  1.7885781147101716 -0.5165156702010331 0.0 -0.5165156702010331 0.5591033412382126 0.0 0.0 0.0 1.05990458548486  0.15356034029097082 -0.13052057944300957 0.0 -0.13052057944300957 0.23564019260699987 0.0 0.0 0.0 0.21589885549743015  0.5134123667733994 -0.21966269681107772 -0.01105476956400827 -0.21966270810230026 0.3557593099873809 -0.0030509709636683943 -0.011054611570657485 -0.0030510712700776025 0.4985112938689973 
84  0.46407947959919954 -0.411979757856566 0.0 -0.411979757856566 2.1548033127076556 0.0 0.0 0.0 1.7157848766125119  1.1640831519257873 -0.47383455990080475 0.0 -0.47383455990080475 1.37537672044576 0.0 0.0 0.0 1.3725468391020248  0.7650470725774636 -0.4273858417085849 0.0007429363871274433 -0.42738583915564343 1.7144454408351362 -0.0020418244208940785 0.0007429831794908187 -0.0020419888294135715 1.5329304179623147 
85  0.5453983860046003 -0.3924607166566352 0.0 -0.3924607166566352 1.833522110920888 0.0 0.0 0.0 1.8581365138610235  0.18842804390399454 -0.10409672686767654 0.0 -0.10409672686767654 0.265524231891939 0.0 0.0 0.0 0.3788127129513186  0.3265231831375145 -0.19302646294264145 -2.9209958876015306e-05 -0.1930264565216877 0.7416546711505061 -0.027490097218559877 -2.908675304231e-05 -0.027490355998473905 0.8504627693355244 
86  1.702390315516892 -0.6118572045161492 0.0 -0.6118572045161492 0.5874093566470817 0.0 0.0 0.0 1.698273073371452  1.20525267852986 -0.5715367328229068 0.0 -0.5715367328229068 2.4949310159367264 0.0 0.0 0.0 2.3376822702889557  1.4297179134857725 -0.576580284169697 0.0012594526065020358 -0.5765802854832978 1.3145668114527223 -0.008237903972750076 0.0012596169740878118 -0.008238023035173537 2.005440550435088 
87  1.0040431574688533 -0.6410731402788015 0.0 -0.6410731402788015 0.9959731238256273 0.0 0.0 0.0 1.1509257242681263  0.016053536465684283 -0.011249282306054677 0.0 -0.011249282306054677 0.040568022527601576 0.0 0.0 0.0 0.04743661068405325  0.12488735853406345 -0.06129706473968551 -0.0022477925684137754 -0.0612970628713895 0.19985365396751706 -0.020103864588025294 -0.002247666628716773 -0.020104023326376473 0.23886326385857104 
88  2.616048035643705 -0.5045331828291273 0.0 -0.5045331828291273 0.38225597786240184 0.0 0.0 0.0 1.081248916775259  0.008867180763397505 -0.010340150335927016 0.0 -0.010340150335927016 0.03334133254423075 0.0 0.0 0.0 0.018888316182662797  0.09460999014996628 -0.029000156318616285 -0.003987503402828777 -0.029000151141510305 0.10943101634295961 -0.01092593042344753 -0.00398740251199938 -0.010926017933089607 0.15628760653023877 
89  0.9364231106624045 -0.30740705416382275 0.0 -0.30740705416382275 1.0678933364775915 0.0 0.0 0.0 1.1026403284543627  38.94060458229624 -16.70600408124043 0.0 -16.70600408124043 15.870407028057809 0.0 0.0 0.0 28.91981667236435  7.4863331379993365 -2.6496758286848143 -0.17426351063316226 -2.649675582807378 4.654789501117886 -0.33005510168473234 -0.1742622460362208 -0.3300557961562017 7.932665270141548 
90  1.7435764181494733 -0.31960419630424575 0.0 -0.31960419630424575 0.5735337950150413 0.0 0.0 0.0 1.0874363590767118  13.363634766708735 -3.4472008293737852 0.0 -3.4472008293737852 2.302367192417722 0.0 0.0 0.0 7.664176346321567  5.026966413319503 -1.1605701033348284 -0.0505699874657874 -1.1605700803893633 1.1898841741149204 -0.01646427891626472 -0.05056962378952715 -0.01646444738842271 3.359431275007132 
91  0.5025608022829239 -0.6812921942814554 0.0 -0.6812921942814554 1.989808985216152 0.0 0.0 0.0 1.0800551316363645  10.27778730127146 -14.662533464215578 0.0 -14.662533464215578 65.55077506954507 0.0 0.0 0.0 42.9759288557558  3.0986898495756545 -2.7407066463462852 0.06618400600228769 -2.7407063684873045 13.197612540785283 -1.5615658403231878 0.06618489420193686 -1.5615676448531923 9.469538353283705 
92  2.5228282456788156 -0.3455138298165821 0.0 -0.3455138298165821 0.3963805311411244 0.0 0.0 0.0 1.0572722655981772  0.4518057990604549 -0.20480462110589737 0.0 -0.20480462110589737 0.26699175168463035 0.0 0.0 0.0 0.6694066071771626  1.0408918172114054 -0.2510770425742466 -0.0062412864768181895 -0.2510770610979401 0.32555862596768603 -0.0005439283249157711 -0.006241120648277156 -0.0005440061493206955 0.8411593069945121 
93  1.1080484442942387 -0.5738820048345549 0.0 -0.5738820048345549 0.9024876169894728 0.0 0.0 0.0 1.3892876441715727  0.2459558365097016 -0.10901032251922552 0.0 -0.10901032251922552 0.3906576463409213 0.0 0.0 0.0 0.41640478054943564  0.5307775556480753 -0.2562201764115916 -0.0024933466207233764 -0.25622016827365135 0.5823187409291067 -0.0034384434843251666 -0.002493196153397388 -0.0034385842601046893 0.7749616163496879 
94  2.0930414869053604 -0.38071692549568054 0.0 -0.38071692549568054 0.4777736161735318 0.0 0.0 0.0 1.0150464163252848  2.0059773508628367 -0.27343044848972503 0.0 -0.27343044848972503 0.31727830362041043 0.0 0.0 0.0 0.8935000432535974  2.0463137205932442 -0.32262166276330845 0.00014618070104486575 -0.3226216557124693 0.3909039249859735 -0.00023853986655282102 0.00014631759177915243 -0.00023861936972737795 0.9515952168385486 
95  2.4522789496927295 -0.45862624327170687 0.0 -0.45862624327170687 0.40778395138338563 0.0 0.0 0.0 1.7975326085009684  3.2297594397158353 -1.215564268267597 0.0 -1.215564268267597 4.64140048039725 0.0 0.0 0.0 6.4484031904600245  2.8137227167151284 -0.7208856831369573 0.004202768279632795 -0.7208856854386273 1.8221896556653308 -0.06468374545737249 0.004203022088965569 -0.06468396576130672 3.6066042182908644 
96  2.6659845010044796 -0.6178027578034038 0.0 -0.6178027578034038 0.3750959540924652 0.0 0.0 0.0 1.9674558409691  85.47463054005698 -25.138347847742605 0.0 -25.138347847742605 27.857402301816197 0.0 0.0 0.0 56.69141665713946  16.99427062819699 -3.4411890933708635 -0.8916105152362718 -3.4411890554214 5.904955500611186 -0.6928990776004215 -0.8916072582478444 -0.6929005954366365 15.07093714677195 
97  2.915700970571052 -0.37413614287637653 0.0 -0.37413614287637653 0.34297069901655447 0.0 0.0 0.0 1.8102741997965608  0.08994560164371006 -0.024851733652434635 0.0 -0.024851733652434635 0.03053597836316079 0.0 0.0 0.0 0.10028337061093359  0.4526782786227476 -0.07632204488967156 -0.02300349024729015 -0.0763220724278789 0.12575555976390385 -0.013992929485952885 -0.023003255726662102 -0.013993073422639918 0.4270808764168426 
98  1.1926307803438314 -0.520494149048443 0.0 -0.520494149048443 0.8384824679031875 0.0 0.0 0.0 1.7519842357716382  24.120622364855613 -17.610096983922528 0.0 -17.610096983922528 121.34835604654944 0.0 0.0 0.0 107.35594630048199  7.449693654354014 -2.4509687444832524 -0.47819646912579905 -2.4509685882721364 15.772473561949823 -3.0385430869240673 -0.47819370056272914 -3.0385463901759424 19.477838607931094 
99  0.4592589280989462 -0.628462918488805 0.0 -0.628462918488805 2.1774209249222314 0.0 0.0 0.0 1.4307488637364842  65.63271595143088 -22.93351162895037 0.0 -22.93351162895037 26.544970405223964 0.0 0.0 0.0 53.58915070297295  9.113621356568945 -3.2296513201764854 -0.497896569073631 -3.2296506823882654 8.519721710962362 -0.8209703788837767 -0.4978942319991261 -0.8209718276537535 12.689678292000982 
