0  1.968428803337686 -0.5358686979256944 0.0 -0.5358686979256944 0.5080193900355404 0.0 0.0 0.0 1.1462585630694726  0.013828465210497807 -0.004780854764151226 0.0 -0.004780854764151226 0.008373232076421816 0.0 0.0 0.0 0.01480570458793607  0.0918276148925523 -0.025668149345249434 0.004151897983415637 -0.025668137778523947 0.08228978079257415 -0.00020905727112112708 0.004151978104737857 -0.00020916234627421814 0.11572056663941249 
1  0.7474163135195555 -0.6855488548051738 0.0 -0.6855488548051738 1.3379424316965165 0.0 0.0 0.0 1.992516217926147  0.4631487004086478 -0.13095583519423606 0.0 -0.13095583519423606 0.3110568502147254 0.0 0.0 0.0 0.3835133783345999  0.5600171518778332 -0.3232593250399062 0.0013433703744044315 -0.32325932407016855 0.6654321452394153 -0.00285182805964528 0.0013435882100618353 -0.0028520778794680875 0.902074231270643 
2  2.7854870026057936 -0.5571240569857425 0.0 -0.5571240569857425 0.35900364965426534 0.0 0.0 0.0 1.8344297857308043  110.69627649174018 -31.85488157431681 0.0 -31.85488157431681 23.692508359481486 0.0 0.0 0.0 54.62057100315286  16.549305364538096 -3.727627568751956 0.6693056563789183 -3.7276276709372214 5.457981014933321 -0.5398214121020879 0.6693069966576259 -0.5398224334987376 14.323251760338035 
3  1.2683883541553596 -0.6242543919115382 0.0 -0.6242543919115382 0.7884020668621766 0.0 0.0 0.0 1.2045209949707347  0.03666814645446738 -0.020456083979761296 0.0 -0.020456083979761296 0.02720804122140389 0.0 0.0 0.0 0.03442502447689363  0.1656564966031915 -0.07173176592797767 0.005123740979812869 -0.0717317541860868 0.16296768191870178 -0.001435019578634671 0.005123851715685803 -0.0014351628390574258 0.20454623969226246 
4  0.89790995828663 -0.36026716615538484 0.0 -0.36026716615538484 1.113697415616345 0.0 0.0 0.0 1.1970607167533627  0.544161188921431 -0.8384807339298946 0.0 -0.8384807339298946 4.640431588138641 0.0 0.0 0.0 2.166881534214628  0.680235206595094 -0.5370923766983015 -0.0024996125576291542 -0.5370923609418188 2.4366274891246777 0.00119479210917191 -0.002499454484402024 0.0011945308172967583 1.6425501734204901 
5  0.642542821013009 -0.4941809529775867 0.0 -0.4941809529775867 1.5563165088724162 0.0 0.0 0.0 1.2676445674399488  15.41142607888641 -17.244013727626733 0.0 -17.244013727626733 127.88805746128241 0.0 0.0 0.0 54.02288808199849  4.055538408973029 -2.2449344390210624 0.48571844935306335 -2.244934337623616 19.43233327061403 -1.0022042347096727 0.485719678198153 -1.0022065826396955 12.340462206821188 
6  1.6393432534140702 -0.44538973052044006 0.0 -0.44538973052044006 0.6100003754048555 0.0 0.0 0.0 1.3833312884319457  0.11912995585913627 -0.02571366031351883 0.0 -0.02571366031351883 0.027405569074476856 0.0 0.0 0.0 0.07955588506687902  0.37987990274970584 -0.091461333710737 0.008325536185854592 -0.09146133785314618 0.17602241808632427 -0.0020554303652403814 0.008325759395588578 -0.002055645079916074 0.3587238234490279 
7  0.8462537887817276 -0.4399580659143791 0.0 -0.4399580659143791 1.1816786090135045 0.0 0.0 0.0 1.1791519960215175  0.27177642137455355 -0.03782015620254235 0.0 -0.03782015620254235 0.028601808225276186 0.0 0.0 0.0 0.1293997555361423  0.45647352594100293 -0.12122941565541903 0.003932058090220623 -0.12122944040907026 0.28219242977418457 -0.0009237445656153565 0.003932291460621233 -0.000924081838064758 0.42715719212879044 
8  0.6464943981567531 -0.33182255489420115 0.0 -0.33182255489420115 1.5468038127648767 0.0 0.0 0.0 1.033079145658847  0.42390334399171636 -0.09850009511326362 0.0 -0.09850009511326362 0.20213712778585224 0.0 0.0 0.0 0.30958733004611627  0.5179968850409289 -0.17343026701836323 0.0010402284737373467 -0.17343026696610603 0.617253409816356 0.0011251275452210366 0.0010403704848928493 0.0011249158416798462 0.5880392322982558 
9  0.3974344013866144 -0.6994840542873408 0.0 -0.6994840542873408 2.5161385036400628 0.0 0.0 0.0 1.3347608960147805  2.062283572865646 -2.519775639837722 0.0 -2.519775639837722 9.277607171107304 0.0 0.0 0.0 5.22921096359136  0.9919853495614608 -1.2761878356438685 0.024953555881845172 -1.2761878803364342 4.995468439934228 -0.015373301281725458 0.024953945146604203 -0.015373950838380035 2.837305425158069 
10  0.4913750526328172 -0.536298494195014 0.0 -0.536298494195014 2.03510535311457 0.0 0.0 0.0 1.0163914736144377  0.09760054589639096 -0.08769558798878695 0.0 -0.08769558798878695 0.16890776309489938 0.0 0.0 0.0 0.16140629727759478  0.21388534659605568 -0.18235131728509998 0.0031480830622555855 -0.18235129906871436 0.6106776077809314 0.0008451121219831181 0.0031481787268381064 0.0008449007349821784 0.4205903498974698 
11  1.4916857736885356 -0.6444747623417206 0.0 -0.6444747623417206 0.6703824744049616 0.0 0.0 0.0 1.0368311189268467  11.540105094185371 -10.006839808276139 0.0 -10.006839808276139 68.97190681760969 0.0 0.0 0.0 38.69407833180562  4.514978193795727 -2.028521394071491 0.2707435366314875 -2.0285211754925006 11.177733539808795 -0.8698559104986646 0.2707447776271009 -0.8698577087574659 9.421652204292897 
12  2.3890047220698927 -0.61944416127015 0.0 -0.61944416127015 0.41858435471553834 0.0 0.0 0.0 1.8916132675140027  23.80434625874621 -3.0749315901179957 0.0 -3.0749315901179957 2.7115752576582137 0.0 0.0 0.0 8.782090687822075  7.35644585188331 -1.2603675023154948 0.09942564154081335 -1.2603675353575763 1.3318197995723335 -0.021827973521843944 0.09942663690221182 -0.021828395691243715 4.5343440262654635 
13  1.0889112442748894 -0.4530981413774864 0.0 -0.4530981413774864 0.9183484928249632 0.0 0.0 0.0 1.4100949190450311  0.05165016890975228 -0.04468203826039152 0.0 -0.04468203826039152 0.18451458518278652 0.0 0.0 0.0 0.14701322057510133  0.23503393573189651 -0.11632098683528341 0.007331488022529534 -0.11632096002158931 0.4172770953470589 -0.0013341188707305918 0.007331597478327434 -0.0013342599632474774 0.472807776660844 
14  1.2312037231229602 -0.5417829541502066 0.0 -0.5417829541502066 0.812213268380549 0.0 0.0 0.0 1.1266569340667896  45.29376056908331 -19.542622234818595 0.0 -19.542622234818595 32.649339586950006 0.0 0.0 0.0 61.94975977918544  8.44747583273388 -2.819906139005895 0.6103688164067229 -2.8199060980824826 7.978154745283108 -0.7587541859365892 0.6103698670083838 -0.758755542633895 12.616343548981177 
15  0.9062955787191803 -0.3465644693904525 0.0 -0.3465644693904525 1.1033927820912988 0.0 0.0 0.0 1.8232430016060854  46.82139362183796 -37.50722779120456 0.0 -37.50722779120456 98.8551884521124 0.0 0.0 0.0 121.54637972082372  8.277139773138728 -3.506522097620915 1.1844555275709463 -3.5065219703893855 17.05858957186698 -1.7515712824228735 1.1844565211664837 -1.7515731993730217 20.46160478181318 
16  1.1229979656136126 -0.33416744494054673 0.0 -0.33416744494054673 0.8904735632834332 0.0 0.0 0.0 1.6524366513327027  3.816065631548266 -0.8346377447403862 0.0 -0.8346377447403862 2.003651845980837 0.0 0.0 0.0 3.1538649832152346  2.1329367930847334 -0.5343909676599744 0.01124372256244077 -0.5343909838985069 1.393851142005671 -0.0017885087744048973 0.011244099825968017 -0.0017888110815582887 2.3373168933634814 
17  2.999144871572693 -0.4071115919363852 0.0 -0.4071115919363852 0.33342837469389053 0.0 0.0 0.0 1.361601615578591  3.1878526322664733 -3.338462627955243 0.0 -3.338462627955243 10.864117529204321 0.0 0.0 0.0 6.695888777746409  2.879108917176049 -1.1825784543437916 0.0035367362430182504 -1.1825784657738678 3.086633322812681 -0.031368675727205315 0.003537089549380974 -0.031369022178576116 3.3987756159695226 
18  1.466486680629668 -0.40811404755641956 0.0 -0.40811404755641956 0.6819018632822688 0.0 0.0 0.0 1.485893360141221  8.893882219248198 -1.9911119045034433 0.0 -1.9911119045034433 1.8046482786099285 0.0 0.0 0.0 6.71823876621623  3.7230163749791423 -0.888357922910436 0.05609117076937245 -0.8883579383893918 1.1501950966229786 -0.01368335476990891 0.056091758316570116 -0.013683762971998685 3.4398766200804323 
19  1.3234693195771556 -0.6080515328767824 0.0 -0.6080515328767824 0.7555898615915758 0.0 0.0 0.0 1.420508147574955  0.7775786834396317 -0.5439380624760676 0.0 -0.5439380624760676 1.4201646261391632 0.0 0.0 0.0 1.845766375001707  1.0099893964769957 -0.5644304974520492 -0.0011209542162547244 -0.5644304892778141 1.0572627015235303 0.00036887588864542266 -0.0011207455909896418 0.0003686630171248406 1.6270629458615753 
20  2.4936403237499087 -0.5286413703680863 0.0 -0.5286413703680863 0.4010201433124931 0.0 0.0 0.0 1.048217340199198  4.8036417209692335 -1.4791622024578628 0.0 -1.4791622024578628 2.3829376457606455 0.0 0.0 0.0 4.00555973824034  3.4706434243032396 -0.8890920443189088 0.01349355402941609 -0.8890920574461236 1.1796446052274305 -0.008764408571708885 0.013493959361105054 -0.008764662592509246 2.250978026175527 
21  0.9330849243596486 -0.37661843969919084 0.0 -0.37661843969919084 1.071713810708359 0.0 0.0 0.0 1.766654084609374  30.545894155246526 -20.293489144523658 0.0 -20.293489144523658 32.89871596196167 0.0 0.0 0.0 32.93160913848298  6.095993265954149 -2.8715850760794632 0.46923702434863845 -2.8715852006361295 7.960592235687779 -0.4067592306313482 0.4692381148869917 -0.40676038614705157 9.86821489012573 
22  2.640853359736657 -0.41919630089012055 0.0 -0.41919630089012055 0.3786654780785401 0.0 0.0 0.0 1.7211529465662787  19.695786773759735 -3.8751415571737 0.0 -3.8751415571737 4.714831604726779 0.0 0.0 0.0 18.119317947820182  7.404686586716999 -1.3424853019932053 0.160677176319772 -1.3424853636843173 1.9591661941290386 -0.06383674471694264 0.16067820144493647 -0.0638373070968337 6.726503566867419 
23  0.6154404615814363 -0.33904897315532145 0.0 -0.33904897315532145 1.624852544518115 0.0 0.0 0.0 1.3783747863523765  0.28569767996668693 -0.294472662532891 0.0 -0.294472662532891 0.9936147170116745 0.0 0.0 0.0 0.7731443848053343  0.4199407517921341 -0.3182910730560958 0.0017497367577326358 -0.3182910616502625 1.2700406090657244 0.0006445923007263837 0.0017498614562039497 0.000644359586696944 1.0331883752638642 
24  1.8262293144449797 -0.4648403233664704 0.0 -0.4648403233664704 0.5475763597102897 0.0 0.0 0.0 1.5470936188676323  62.045371102484765 -9.792311107979225 0.0 -9.792311107979225 8.170368243493582 0.0 0.0 0.0 32.98734131223343  10.641839840724682 -1.8777799969221944 0.392838296176905 -1.877780090282924 3.0388475383429787 -0.16429558655695345 0.39283963773214353 -0.16429642204754158 9.705808614495972 
25  1.7676119166825497 -0.32829990031457235 0.0 -0.32829990031457235 0.5657350409114676 0.0 0.0 0.0 1.0111579802116817  0.006012766909141703 -0.00737121045089215 0.0 -0.00737121045089215 0.05283126974914396 0.0 0.0 0.0 0.028399636365518753  0.07432676071772781 -0.02576046435276272 0.005866077536511195 -0.025760434168129256 0.1800340057717719 0.00018727830625200193 0.005866134958478083 0.00018720647594845703 0.1742578157664731 
26  2.1715216345661674 -0.518230119879152 0.0 -0.518230119879152 0.46050657938749145 0.0 0.0 0.0 1.1659144819455036  35.43033964451683 -11.637786446861849 0.0 -11.637786446861849 36.49597013174416 0.0 0.0 0.0 54.36559983413266  9.580595318659965 -2.3380767103837226 0.46020902663493307 -2.338076591466662 8.086193988002977 -0.8835774946018761 0.46021043693935704 -0.883579116526413 12.434906686582735 
27  0.43860645840502 -0.48666552851737066 0.0 -0.48666552851737066 2.2799481878047847 0.0 0.0 0.0 1.1111194335738215  0.04279061871709328 -0.07561666904547393 0.0 -0.07561666904547393 0.34051087380060546 0.0 0.0 0.0 0.13893537831297526  0.14316808555554889 -0.16101012363781883 0.004146480022941233 -0.16101007965492778 0.8583520479627097 0.0015973213018114557 0.00414655528395203 0.0015971508457059793 0.41965768094888645 
28  1.8444214302084785 -0.604323931003987 0.0 -0.604323931003987 0.5421754397458763 0.0 0.0 0.0 1.2115361455822042  0.4444136982897075 -0.14202224301140257 0.0 -0.14202224301140257 0.3728047289385194 0.0 0.0 0.0 0.444092620621774  0.8748109934077133 -0.2839536373773965 0.005595997298140309 -0.28395362708838073 0.4276967697356818 -0.0018334546222025325 0.005596200295613559 -0.0018335891710939943 0.7489877240873053 
29  2.748659725740954 -0.697019667550853 0.0 -0.697019667550853 0.36381367640202567 0.0 0.0 0.0 1.8959960250340437  27.142204853032364 -6.141454303751017 0.0 -6.141454303751017 9.603734332105416 0.0 0.0 0.0 25.029625904198188  8.933628475360534 -1.9832180646062785 0.23752451763993082 -1.9832181142799947 3.285961285357909 -0.15603857375819072 0.23752582246867537 -0.1560392706425722 8.561897837042178 
30  1.051034244772889 -0.4569470689440658 0.0 -0.4569470689440658 0.9514437849892162 0.0 0.0 0.0 1.1270101264614636  12.223028374600563 -4.133708738993436 0.0 -4.133708738993436 3.671643543402657 0.0 0.0 0.0 8.905771856753637  3.758652170620652 -1.319014242036073 0.10337980268990789 -1.3190142908033162 1.9028579904058147 -0.03865181922403629 0.10338048051287689 -0.03865235020637827 3.7185928890232596 
31  1.2985317186416443 -0.4216205118133662 0.0 -0.4216205118133662 0.7701005571477841 0.0 0.0 0.0 1.1216197548685343  1.9244090943006933 -0.8982143376351389 0.0 -0.8982143376351389 3.912728902640751 0.0 0.0 0.0 3.4391631333704105  1.5893348063912829 -0.6110505431450426 0.004658216696595061 -0.6110505494523852 1.9631229863700494 -0.0025139232202669535 0.004658491343645317 -0.002514217619509073 2.0941225153913785 
32  0.35649751933160306 -0.5849112926111698 0.0 -0.5849112926111698 2.805068607138976 0.0 0.0 0.0 1.4268215757609939  5.283841869745213 -1.1471076627966315 0.0 -1.1471076627966315 0.7550810553929221 0.0 0.0 0.0 3.4659638544988782  1.5425643752603544 -0.6303254812675876 0.03047270099454259 -0.6303254879018395 1.4684959398644506 -0.00492372634206026 0.03047319714197319 -0.004924397357018792 2.2951358222652787 
33  1.2026331793931329 -0.5806845602579284 0.0 -0.5806845602579284 0.8315087402666002 0.0 0.0 0.0 1.445894183686526  27.282422988591666 -7.533281259605196 0.0 -7.533281259605196 12.291027837140506 0.0 0.0 0.0 27.903382665172437  6.408252023164768 -1.897191651048469 0.31586926822438555 -1.897191725028553 4.414272689675892 -0.19274659671091557 0.3158704070265659 -0.19274749173851932 8.291565684408285 
34  0.6776116601774308 -0.4883938278926848 0.0 -0.4883938278926848 1.4757715351860277 0.0 0.0 0.0 1.1014187814004042  7.860176094295456 -11.870492317627436 0.0 -11.870492317627436 70.94049108031686 0.0 0.0 0.0 26.153061366764817  2.6122247398828886 -2.026966734817342 0.21408197649077879 -2.026966756004282 13.11601653190134 -0.41594730028217836 0.2140828863831307 -0.4159489159842783 7.526500773784555 
35  0.5631283356968383 -0.49091747020078835 0.0 -0.49091747020078835 1.7757941424889563 0.0 0.0 0.0 1.9821463009737583  29.90993736707352 -12.75196996900319 0.0 -12.75196996900319 12.72438273290058 0.0 0.0 0.0 31.54037301124847  5.20734824364484 -2.257685193099205 0.4574623486686376 -2.2576852582291935 4.862285397275111 -0.20828594499000602 0.45746345708971253 -0.20828701312564665 9.37140100945717 
36  0.7881875126145494 -0.4053245144442591 0.0 -0.4053245144442591 1.268733624924903 0.0 0.0 0.0 1.5303697587224192  44.507188220412125 -35.721298614164866 0.0 -35.721298614164866 142.75569656118392 0.0 0.0 0.0 81.5776108872206  7.654465493378068 -3.0103391934440227 0.9529312500343329 -3.0103389661553286 20.656561408563952 -1.7212882463112633 0.9529321976178573 -1.7212906432874755 17.216919473136596 
37  0.37324042133100144 -0.598826329382999 0.0 -0.598826329382999 2.6792382144300717 0.0 0.0 0.0 1.7396227038538108  0.08871879411937647 -0.019430403075392712 0.0 -0.019430403075392712 0.009255842380825182 0.0 0.0 0.0 0.030932402106889415  0.1554195083067297 -0.0633354018451865 0.0034826643573645875 -0.06333544573617968 0.21293482047753085 -0.0053707533848282325 0.0034828467583216333 -0.005371206705293507 0.23263901939708526 
38  0.3887949765983904 -0.47497021775237064 0.0 -0.47497021775237064 2.5720496924860217 0.0 0.0 0.0 1.4079756050933119  10.23163593124804 -3.8377792377115196 0.0 -3.8377792377115196 7.236043201954897 0.0 0.0 0.0 8.640045052777879  2.494476631254277 -1.2119868906773712 0.1186213493553782 -1.2119869603895759 4.356531819089797 -0.03870394546900129 0.11862202122265371 -0.03870475149423746 4.019122369534958 
39  1.4323950245783288 -0.5913830578735646 0.0 -0.5913830578735646 0.6981314391917703 0.0 0.0 0.0 1.464078800049406  34.468510221014945 -9.530528377120707 0.0 -9.530528377120707 6.670072584898933 0.0 0.0 0.0 16.261170571110906  7.031758146361938 -2.0247232740542955 0.22791101042281198 -2.0247233529081607 2.491877495089369 -0.09106569756797839 0.22791211077388676 -0.09106637202838627 6.002251853303964 
40  1.596180950421611 -0.41220570672275547 0.0 -0.41220570672275547 0.6264953855863664 0.0 0.0 0.0 1.2179864512231209  4.3742376159752245 -1.590794605106906 0.0 -1.590794605106906 4.2149233115005105 0.0 0.0 0.0 5.253996716119842  2.693166243402197 -0.8320919007051021 0.023687730416325957 -0.8320919258331049 1.9636149596913608 -0.012854611430312607 0.023688144090637235 -0.012854963264850902 2.8001436089000737 
41  0.7763500767236756 -0.41441304254565203 0.0 -0.41441304254565203 1.2880787031285728 0.0 0.0 0.0 1.372898267760129  100.05635559891405 -44.67459550577528 0.0 -44.67459550577528 42.898508955532634 0.0 0.0 0.0 107.14627997968297  9.948521853598882 -3.5146225527121224 1.1695278825172868 -3.514622540754612 9.265770768547462 -0.9512690194910852 1.1695279340124962 -0.9512700996815625 17.54660925892335 
42  2.8818133156377166 -0.4736106032066737 0.0 -0.4736106032066737 0.347003740517699 0.0 0.0 0.0 1.131567518984655  1.1174258468720666 -0.7943756037801183 0.0 -0.7943756037801183 1.2843634461675806 0.0 0.0 0.0 2.094095881024417  1.7097122486960248 -0.6106520452470229 -0.005087814256876645 -0.6106520486475371 0.7436585696469765 -0.0005807120275778117 -0.005087621445089561 -0.0005808686432577976 1.5691087053554142 
43  1.9357135179037128 -0.3841214662148976 0.0 -0.3841214662148976 0.5166053709657167 0.0 0.0 0.0 1.8417948026138786  0.13891692505842507 -0.18371819089633976 0.0 -0.18371819089633976 0.5309787262150573 0.0 0.0 0.0 0.27349011692793046  0.4812203843586646 -0.22018537868857263 0.011387360057214385 -0.2201853502826695 0.5167218556619037 -0.0012998546270154923 0.011387510865948188 -0.0012999800479440485 0.741628870777601 
44  2.0007597953708656 -0.3737420188632397 0.0 -0.3737420188632397 0.4998101232910059 0.0 0.0 0.0 1.2147101441776293  1.0052120009313548 -0.2729511892992747 0.0 -0.2729511892992747 0.22972605939519833 0.0 0.0 0.0 0.5925317564168051  1.3944103748569494 -0.3178296399630316 0.002790091506410908 -0.31782964767520444 0.34706756202473704 -0.00018889296204238008 0.002790335149849183 -0.0001890747486640142 0.8559656204006066 
45  0.8100986297687491 -0.5450622317318035 0.0 -0.5450622317318035 1.2344175921954839 0.0 0.0 0.0 1.6248867736010162  0.6197293124459856 -0.30581804002262253 0.0 -0.30581804002262253 0.6583634992663877 0.0 0.0 0.0 0.7365267604176287  0.7039201293055923 -0.4068728094845155 0.0008206157948463537 -0.40687280793758873 0.905579443434324 -0.000558563397730503 0.0008208075231686669 -0.0005587994204838871 1.099761839469523 
46  0.8700406530025341 -0.5693800177505642 0.0 -0.5693800177505642 1.1493715799933861 0.0 0.0 0.0 1.9105359499335743  0.030449235393987886 -0.023176970213193305 0.0 -0.023176970213193305 0.03927891145242712 0.0 0.0 0.0 0.04271993534926682  0.14151334004103208 -0.0769692180666531 0.0058958206789702415 -0.07696919610511525 0.23677139342175568 -0.0009295013148116135 0.005895923066281979 -0.0009296814346467222 0.25739586267252856 
47  1.5269318755051062 -0.6277640167316496 0.0 -0.6277640167316496 0.6549080650171127 0.0 0.0 0.0 1.4512129697104676  0.11991452653709854 -0.0744656193609439 0.0 -0.0744656193609439 0.2692179647668913 0.0 0.0 0.0 0.2920551484461849  0.41490101141771213 -0.18848900232138957 0.008486579090115104 -0.18848898769476435 0.3888398325432885 -0.003017556360854787 0.00848673093069781 -0.0030176935857494807 0.662100409772631 
48  2.4118657803417642 -0.42281186437099055 0.0 -0.42281186437099055 0.4146167701995004 0.0 0.0 0.0 1.2973062713446102  1.1701249819081243 -1.0490303411628892 0.0 -1.0490303411628892 3.9393340062467264 0.0 0.0 0.0 2.2485643834336977  1.6095095731910598 -0.6111657122584443 -0.00382020530804635 -0.6111657002737795 1.6009214750440526 -0.000504725894987838 -0.003819984503464463 -0.0005049090645079028 1.7420382155893546 
49  0.43003303892265715 -0.4001655143604324 0.0 -0.4001655143604324 2.325402723719219 0.0 0.0 0.0 1.197915981890656  2.3171208445029716 -3.4617851057364732 0.0 -3.4617851057364732 12.707842942326256 0.0 0.0 0.0 8.82740265295566  1.0666445018409305 -1.2656088031331514 0.03974137065637826 -1.2656088515431547 5.6892043142672 -0.04070606923664782 0.03974176695082328 -0.04070684382473986 3.6968306845267134 
50  2.792656448373358 -0.43678822881342827 0.0 -0.43678822881342827 0.3580819977274581 0.0 0.0 0.0 1.4594440913352347  74.44018064724925 -50.37829572646574 0.0 -50.37829572646574 130.38257048301253 0.0 0.0 0.0 110.42896054285586  15.13668866972024 -3.9568639492318503 1.0659837530929708 -3.9568633609038457 15.105705164967839 -2.7614023521647013 1.0659849471238183 -2.761404762117115 21.083689939616207 
51  2.550975146415276 -0.48326199386897367 0.0 -0.48326199386897367 0.3920069552246468 0.0 0.0 0.0 1.0940196959120456  27.681085746786636 -9.737760949369852 0.0 -9.737760949369852 10.478862003736968 0.0 0.0 0.0 18.213202832700556  8.274866822832783 -2.2172439685529777 0.2153934629545538 -2.217244060550139 3.1660658652867504 -0.1644944362025676 0.21539447654949612 -0.16449511355707436 6.172664398594586 
52  0.7292813486627798 -0.4846461954351611 0.0 -0.4846461954351611 1.3712129095768233 0.0 0.0 0.0 1.3277289056846808  1.0335874203499478 -0.35300363582810873 0.0 -0.35300363582810873 0.7865851674448386 0.0 0.0 0.0 1.2054518894956434  0.8684238039393729 -0.4107257618716258 -0.00026626617942696875 -0.41072576425967555 1.04388716110029 4.905247861595762e-06 -0.0002660588231190845 4.643098591065023e-06 1.2639119690650205 
53  0.6662703924661635 -0.6799054725565448 0.0 -0.6799054725565448 1.5008921472535417 0.0 0.0 0.0 1.2319135822387575  2.7607219504770906 -1.8509692746180852 0.0 -1.8509692746180852 3.0833910948459993 0.0 0.0 0.0 5.812662412978178  1.4346638286362474 -1.0979995630075892 0.030081241283569312 -1.097999579625898 2.166675018980233 -0.015344083148099494 0.030081648054104272 -0.015344569204657143 2.8507866502464023 
54  3.1088354051253635 -0.34307276352021904 0.0 -0.34307276352021904 0.3216638611202625 0.0 0.0 0.0 1.6555731963283196  0.01536774013292987 -0.012440115367730266 0.0 -0.012440115367730266 0.10004742780961047 0.0 0.0 0.0 0.07740761644672331  0.1653108235583067 -0.03453639686459639 0.009766432278319153 -0.03453637578571653 0.17794742773887093 -0.001054521589607305 0.00976653782113562 -0.0010545987064825462 0.35423502279606084 
55  0.33012506262871827 -0.4318876882056852 0.0 -0.4318876882056852 3.0291550482026564 0.0 0.0 0.0 1.8855081546670756  0.20177178607140908 -0.2052751091245112 0.0 -0.2052751091245112 0.988224841403715 0.0 0.0 0.0 0.4711133048588493  0.25721645678216304 -0.2881783386823012 0.0012883504434339583 -0.28817832836674334 1.7315215121377543 0.0035328482060456305 0.0012884696648980461 0.00353257184787519 0.9676781057849937 
56  0.600340669356106 -0.3513562237228336 0.0 -0.3513562237228336 1.665720899889304 0.0 0.0 0.0 1.5091466038401125  0.024271584042740282 -0.005970363470771554 0.0 -0.005970363470771554 0.005356710426206367 0.0 0.0 0.0 0.012706904470721748  0.09718654142569912 -0.02868059157040803 0.003924331319442405 -0.028680595191749616 0.1161460861199124 -0.002073014450553908 0.0039244428129672085 -0.0020732336970395197 0.12229273482925207 
57  0.8870991524875137 -0.35555267854214717 0.0 -0.35555267854214717 1.1272697050785148 0.0 0.0 0.0 1.053589886911775  0.13718535205077112 -0.02739777096130133 0.0 -0.02739777096130133 0.01602106647437315 0.0 0.0 0.0 0.050452300917641066  0.31929687042967936 -0.0825821905015052 0.00511976485857603 -0.08258222865148743 0.20668630443195224 -0.002435170185097751 0.005119976094240103 -0.002435473605873856 0.2695221118763091 
58  1.8921108159816107 -0.5897497596602903 0.0 -0.5897497596602903 0.5285102709384433 0.0 0.0 0.0 1.4903963290746554  0.02807563797330459 -0.03354140384764777 0.0 -0.03354140384764777 0.22137279317476016 0.0 0.0 0.0 0.11121742821427424  0.20964502739712226 -0.08908548006482299 0.008373779536627685 -0.08908544997293079 0.30101093365480663 -0.0022343735409951723 0.008373886064479792 -0.0022344638996623033 0.4267825859124146 
59  0.5219450434968461 -0.6538349361800931 0.0 -0.6538349361800931 1.9159105205796298 0.0 0.0 0.0 1.5399781240538566  0.5760528670244573 -0.13999915212724062 0.0 -0.13999915212724062 0.13953950761060535 0.0 0.0 0.0 0.5447762433475056  0.5116990669055282 -0.287718978455277 -0.0018549543238092813 -0.2877189862893512 0.6365829622924895 0.00021587576665996498 -0.0018547271701412264 0.00021547043906747774 0.9172966844882214 
60  0.3270718163398976 -0.4936213920734938 0.0 -0.4936213920734938 3.057432496601254 0.0 0.0 0.0 1.2764352149388634  0.01797769680027798 -0.006464403667558862 0.0 -0.006464403667558862 0.010040619249845112 0.0 0.0 0.0 0.022164413663989236  0.06836725240289222 -0.030829614948156538 0.0032468173569279632 -0.030829604059211615 0.17866332653068315 3.269693461174677e-05 0.0032468861030871435 3.247890017282872e-05 0.14690063776755252 
61  0.40037078728972325 -0.33689976511390907 0.0 -0.33689976511390907 2.497684725625006 0.0 0.0 0.0 1.564515852095115  1.5756535626053896 -1.7016582219017098 0.0 -1.7016582219017098 7.879716898977745 0.0 0.0 0.0 4.651278107707464  0.8554910704641867 -0.8090163956653477 0.014307822044845864 -0.8090164315336901 4.588338772160418 -0.007597375838671551 0.014308128115889796 -0.007597968944782357 2.835750610360549 
62  2.299234166847946 -0.6563783220065229 0.0 -0.6563783220065229 0.43492742688793407 0.0 0.0 0.0 1.5529679876532576  0.00811168988225103 -0.008507593846525673 0.0 -0.008507593846525673 0.02551048476748634 0.0 0.0 0.0 0.016875728876882896  0.07489258318082041 -0.029063983530710307 0.005272929499219583 -0.02906396291543864 0.09686866146145427 -0.0007430878536854895 0.005272982349175752 -0.0007431514020076568 0.1338659920512278 
63  1.455392341083823 -0.6515185446998104 0.0 -0.6515185446998104 0.687099946709425 0.0 0.0 0.0 1.5695492495530046  1.7018651808641383 -0.43562508569292585 0.0 -0.43562508569292585 0.28455569970284705 0.0 0.0 0.0 1.0913169516820103  1.5647703645933562 -0.5297388888296588 -0.0005724286230787544 -0.5297388915935631 0.45676928949559564 -0.00036554585882401743 -0.0005720897409574463 -0.00036582725662939703 1.3064317816212452 
64  0.8147062837013601 -0.5470331495253313 0.0 -0.5470331495253313 1.2274362184329997 0.0 0.0 0.0 1.43976722348843  0.07619090271229739 -0.014977802563095773 0.0 -0.014977802563095773 0.015868907093373505 0.0 0.0 0.0 0.04323083692619653  0.21714218260425658 -0.0745112507424975 0.005636899440537242 -0.07451125708951072 0.20169415653105394 -0.001935808440726305 0.005637088579176132 -0.0019360914914813494 0.2643769962838322 
65  0.7698268385871438 -0.6388763097545775 0.0 -0.6388763097545775 1.2989934227745175 0.0 0.0 0.0 1.0765512491502252  11.9650006732907 -3.6131608051060886 0.0 -3.6131608051060886 2.255874388317137 0.0 0.0 0.0 6.134214501137981  3.1382683706274337 -1.2691460919420872 0.07924897642569204 -1.2691461249519431 1.5507073041710568 -0.021426173987247908 0.07924966043693137 -0.021426703840109265 2.8835750843337165 
66  0.3168297987521448 -0.5793092847592545 0.0 -0.5793092847592545 3.156268772503617 0.0 0.0 0.0 1.2383298982334887  0.010886423493420262 -0.009521630228975482 0.0 -0.009521630228975482 0.0233104203845383 0.0 0.0 0.0 0.02323461800453417  0.052940711540930746 -0.037618378032410485 0.0030416878890558315 -0.03761835395957595 0.23293086554684495 0.0022902794341431118 0.003041736263944523 0.0022901255442308254 0.149643393812527 
67  2.0844875772432996 -0.5307403667602382 0.0 -0.5307403667602382 0.4797342094609571 0.0 0.0 0.0 1.8097736075811426  0.3660456087443721 -0.6452515328555396 0.0 -0.6452515328555396 2.423564973710336 0.0 0.0 0.0 1.0479555018296314  0.8320895790127946 -0.5096994175860201 0.005275097071261596 -0.5096993807996373 1.1995730426599303 -0.001085032172083197 0.0052752740971164355 -0.0010851569032496824 1.3782534722440472 
68  0.3623187891476749 -0.3949971811935392 0.0 -0.3949971811935392 2.7600003917887275 0.0 0.0 0.0 1.7051554796515171  0.034750631853026646 -0.05959247292565575 0.0 -0.05959247292565575 0.28935831771260384 0.0 0.0 0.0 0.11753539046375079  0.12078656726804522 -0.12840143587769196 0.005364246462010051 -0.1284013870992774 0.8806307176584619 0.004275959569885888 0.005364327071084372 0.004275759581134447 0.4724367543458422 
69  0.6591041539970055 -0.5559578968234935 0.0 -0.5559578968234935 1.5172108898657364 0.0 0.0 0.0 1.2253282889812904  0.0570111204720398 -0.01747205914087576 0.0 -0.01747205914087576 0.018278338561376138 0.0 0.0 0.0 0.033623945505034857  0.16781734008814067 -0.07088445733334657 0.00453296926108034 -0.07088445892915027 0.21237289190939632 -0.0016637172674836727 0.004533108884055314 -0.0016639552274908317 0.2161595463857544 
70  0.5868445567584268 -0.6309096086760604 0.0 -0.6309096086760604 1.7040287559685887 0.0 0.0 0.0 1.3453156390790688  2.3035180226904384 -0.4115406220138324 0.0 -0.4115406220138324 0.6634243903842297 0.0 0.0 0.0 1.3958361404308197  1.1572362672999403 -0.4915314448503117 0.0004526714769009586 -0.49153145841864193 1.0887105869328293 1.0788415942638792e-06 0.00045297457611893167 7.547155293427191e-07 1.3710534715876934 
71  0.45702016557200204 -0.30287838242469906 0.0 -0.30287838242469906 2.1880872559494384 0.0 0.0 0.0 1.2554372334436756  0.1283861678673636 -0.13475089857459074 0.0 -0.13475089857459074 0.3099323762975952 0.0 0.0 0.0 0.28874730814235655  0.24548924984726966 -0.1937069105141035 0.003353111753215497 -0.1937068901286313 0.8539167524257881 0.002877920348410561 0.003353208178499085 0.0028776743764436 0.614208969537831 
72  0.7162877227686671 -0.4630224607792338 0.0 -0.4630224607792338 1.3960870306902646 0.0 0.0 0.0 1.4956379650886205  1.9042205857726582 -0.8136820385311071 0.0 -0.8136820385311071 1.1095030432912647 0.0 0.0 0.0 2.6904782641737133  1.2031137703526913 -0.605668917797349 0.006104122257799 -0.6056689254619789 1.2274483663224443 -0.0021745159385575153 0.0061044063251481755 -0.002174897634380154 2.035258200731134 
73  1.061910784796939 -0.6943664003839076 0.0 -0.6943664003839076 0.9416986947648548 0.0 0.0 0.0 1.0403745410945937  66.63437717483095 -47.39833969210577 0.0 -47.39833969210577 119.13666074600245 0.0 0.0 0.0 173.08701554064476  9.911568160980027 -3.8008011670939914 1.1090557749177847 -3.8008002042762534 16.962156213359933 -2.8994160966498277 1.1090560730957024 -2.899418331354749 20.602604568572307 
74  0.6874161605402143 -0.6887564350635651 0.0 -0.6887564350635651 1.4547228555321394 0.0 0.0 0.0 1.398992297250468  2.7125544338962726 -2.8810048710267204 0.0 -2.8810048710267204 8.334050881260232 0.0 0.0 0.0 8.216664139959873  1.4291576486842295 -1.367792052174165 0.036498155082724464 -1.3677920783749384 3.8482151318105626 -0.03031260942754989 0.036498600970494025 -0.030313170452289994 3.6885971845291525 
75  1.2547841619553854 -0.658695323802819 0.0 -0.658695323802819 0.7969498104292742 0.0 0.0 0.0 1.6145238696069504  62.1393470588358 -34.236191512338145 0.0 -34.236191512338145 138.00065135508336 0.0 0.0 0.0 163.90727614130464  11.080069901108839 -3.3609647110493994 1.188967026864969 -3.3609637001615256 19.553755224172182 -3.0471182157937355 1.1889676616473241 -3.0471208033677284 23.771710209113863 
76  1.6122044757884828 -0.5628350939631788 0.0 -0.5628350939631788 0.6202687159213652 0.0 0.0 0.0 1.1821940116333542  0.03942330350844696 -0.038963230652436516 0.0 -0.038963230652436516 0.17210686083882262 0.0 0.0 0.0 0.12779968604161707  0.2305190040465146 -0.10361063164152101 0.006979782066750008 -0.10361060691633249 0.3044058804007188 -0.001772310892569537 0.0069798845606710135 -0.0017724142113165204 0.40481897082380125 
77  0.5778662073312414 -0.5828318416430973 0.0 -0.5828318416430973 1.730504375084154 0.0 0.0 0.0 1.1711946932734583  0.029571658111298933 -0.019066720572586536 0.0 -0.019066720572586536 0.07885153735720118 0.0 0.0 0.0 0.06527836839488502  0.12469412003491914 -0.08408922350332765 0.004468071207255711 -0.0840891982843356 0.37769544968869717 0.0009571859154952155 0.004468153071557527 0.0009570285869545637 0.29021539088527115 
78  1.0455583444753613 -0.551809819552702 0.0 -0.551809819552702 0.9564267793221798 0.0 0.0 0.0 1.365426021975379  52.149860108957924 -20.703475481300753 0.0 -20.703475481300753 26.516164468135365 0.0 0.0 0.0 62.599515306464575  8.48065243702807 -2.8679400942563094 0.6704974988397824 -2.867940122786857 7.136236599887634 -0.5884208861061033 0.6704984927757542 -0.5884220419275684 13.030984866121246 
79  0.36559573553179403 -0.3633748950018974 0.0 -0.3633748950018974 2.7352616642133536 0.0 0.0 0.0 1.025682717243207  0.4642108992650094 -0.17323107083413292 0.0 -0.17323107083413292 0.13444095088054933 0.0 0.0 0.0 0.3540261826314678  0.4075518002918914 -0.20670840318147016 -0.0009927515267287147 -0.2067084123546301 0.6982237626286295 0.002611463346633774 -0.0009926220980150005 0.002611086024308623 0.6121248458643053 
80  0.7626059947327756 -0.4474637119064336 0.0 -0.4474637119064336 1.31129312765291 0.0 0.0 0.0 1.0966021063570246  0.06991423987116831 -0.018403139877897216 0.0 -0.018403139877897216 0.050963497190137104 0.0 0.0 0.0 0.07648934548077538  0.21702051461787936 -0.08448720770204647 0.004994911825068685 -0.08448719394399808 0.3116777430620924 9.695378699634534e-05 0.004995034703767104 9.676220519916737e-05 0.31665787501209275 
81  0.33719250894006636 -0.34197367150452784 0.0 -0.34197367150452784 2.9656649346790296 0.0 0.0 0.0 1.8684665971418009  3.023879850911412 -1.6843123970811682 0.0 -1.6843123970811682 1.9805123439507126 0.0 0.0 0.0 2.962273295074793  1.1634049514001874 -0.7702622063341709 0.011189928315551672 -0.7702622135852424 2.2225614557809865 -0.007423759559543068 0.011190272546781184 -0.007424392687659088 2.3783696533736736 
82  0.8018818579841803 -0.46838212226800524 0.0 -0.46838212226800524 1.247066497443727 0.0 0.0 0.0 1.6735480077130964  0.006690064058771004 -0.006711621998769127 0.0 -0.006711621998769127 0.03708821514700089 0.0 0.0 0.0 0.01838173379935627  0.06122702674108757 -0.03183900267929154 0.004838798682700858 -0.03183896610711117 0.21146838857389225 0.0015588889148933673 0.004838854278704937 0.0015587881795875167 0.1584115484854898 
83  1.7885781147101716 -0.5165156702010331 0.0 -0.5165156702010331 0.5591033412382126 0.0 0.0 0.0 1.05990458548486  0.15356034029097082 -0.13052057944300957 0.0 -0.13052057944300957 0.23564019260699987 0.0 0.0 0.0 0.21589885549743015  0.4760783209247396 -0.21209172673358892 0.00721714288931492 -0.21209171535427832 0.35516665466748076 -0.0014949875378470138 0.007217279398273488 -0.0014951131039063466 0.4976697063086526 
84  0.46407947959919954 -0.411979757856566 0.0 -0.411979757856566 2.1548033127076556 0.0 0.0 0.0 1.7157848766125119  1.1640831519257873 -0.47383455990080475 0.0 -0.47383455990080475 1.37537672044576 0.0 0.0 0.0 1.3725468391020248  0.7561794035849209 -0.42682322203971323 -0.0015169780011232228 -0.4268232331579465 1.7168837026493744 0.0005495598454359367 -0.001516760207426601 0.0005492282478538875 1.5326092623815462 
85  0.5453983860046003 -0.3924607166566352 0.0 -0.3924607166566352 1.833522110920888 0.0 0.0 0.0 1.8581365138610235  0.18842804390399454 -0.10409672686767654 0.0 -0.10409672686767654 0.265524231891939 0.0 0.0 0.0 0.3788127129513186  0.3215920961463981 -0.19190506224067722 0.003988668974476669 -0.19190505330185761 0.759693661559514 0.001477409822469489 0.003988809885136381 0.0014771252259329433 0.8447952261408969 
86  1.702390315516892 -0.6118572045161492 0.0 -0.6118572045161492 0.5874093566470817 0.0 0.0 0.0 1.698273073371452  1.20525267852986 -0.5715367328229068 0.0 -0.5715367328229068 2.4949310159367264 0.0 0.0 0.0 2.3376822702889557  1.4272485829121144 -0.5756998674338236 -0.0011528150556688506 -0.5756998505985457 1.3370927641206383 0.0004652678014857422 -0.001152546700452721 0.0004650617873551706 2.0067087595954547 
87  1.0040431574688533 -0.6410731402788015 0.0 -0.6410731402788015 0.9959731238256273 0.0 0.0 0.0 1.1509257242681263  0.016053536465684283 -0.011249282306054677 0.0 -0.011249282306054677 0.040568022527601576 0.0 0.0 0.0 0.04743661068405325  0.1079652199713054 -0.05555493406576672 0.004689443226454469 -0.05555491327920094 0.20510065828003143 -0.00018646938975130247 0.0046895201440511885 -0.00018659365791740402 0.22555094636723813 
88  2.616048035643705 -0.5045331828291273 0.0 -0.5045331828291273 0.38225597786240184 0.0 0.0 0.0 1.081248916775259  0.008867180763397505 -0.010340150335927016 0.0 -0.010340150335927016 0.03334133254423075 0.0 0.0 0.0 0.018888316182662797  0.08191452854870293 -0.029424846021337027 0.005355168985841654 -0.029424821377339323 0.11200692970046072 -0.000583993010190165 0.005355221003540611 -0.0005840536664315309 0.13904916563511419 
89  0.9364231106624045 -0.30740705416382275 0.0 -0.30740705416382275 1.0678933364775915 0.0 0.0 0.0 1.1026403284543627  38.94060458229624 -16.70600408124043 0.0 -16.70600408124043 15.870407028057809 0.0 0.0 0.0 28.91981667236435  6.517940835563786 -2.358548100688062 0.4083172330978451 -2.358548221875838 4.679420641148633 -0.24638790924372525 0.40831818422878374 -0.24638886331777274 7.991505648045752 
90  1.7435764181494733 -0.31960419630424575 0.0 -0.31960419630424575 0.5735337950150413 0.0 0.0 0.0 1.0874363590767118  13.363634766708735 -3.4472008293737852 0.0 -3.4472008293737852 2.302367192417722 0.0 0.0 0.0 7.664176346321567  4.817675192735306 -1.1188271440242594 0.08109621519992213 -1.1188271753175278 1.1889739570537063 -0.02554799832396508 0.08109682650166065 -0.025548413194070224 3.388522690369813 
91  0.5025608022829239 -0.6812921942814554 0.0 -0.6812921942814554 1.989808985216152 0.0 0.0 0.0 1.0800551316363645  10.27778730127146 -14.662533464215578 0.0 -14.662533464215578 65.55077506954507 0.0 0.0 0.0 42.9759288557558  2.769585595087151 -2.5242260197392183 0.3503184355273862 -2.5242260047358807 13.936950950154165 -0.5718417278325477 0.3503194524591227 -0.5718432741092182 9.436215665805788 
92  2.5228282456788156 -0.3455138298165821 0.0 -0.3455138298165821 0.3963805311411244 0.0 0.0 0.0 1.0572722655981772  0.4518057990604549 -0.20480462110589737 0.0 -0.20480462110589737 0.26699175168463035 0.0 0.0 0.0 0.6694066071771626  1.003220322349359 -0.2484820463897974 0.0033382956692356875 -0.2484820487092321 0.3256042790589237 -0.0001920792403369324 0.0033384657566601778 -0.00019222174902591875 0.841207388779036 
93  1.1080484442942387 -0.5738820048345549 0.0 -0.5738820048345549 0.9024876169894728 0.0 0.0 0.0 1.3892876441715727  0.2459558365097016 -0.10901032251922552 0.0 -0.10901032251922552 0.3906576463409213 0.0 0.0 0.0 0.41640478054943564  0.5161252238775632 -0.24944859029206062 0.00542499629377465 -0.24944857874146667 0.5798975066564667 -0.0023693060470721477 0.005425156322296418 -0.002369471936488516 0.7748709594042924 
94  2.0930414869053604 -0.38071692549568054 0.0 -0.38071692549568054 0.4777736161735318 0.0 0.0 0.0 1.0150464163252848  2.0059773508628367 -0.27343044848972503 0.0 -0.27343044848972503 0.31727830362041043 0.0 0.0 0.0 0.8935000432535974  2.0463894210676457 -0.32276743285586373 3.874452901226732e-05 -0.32276743256637863 0.39114294623445817 -4.7568438998402445e-05 3.903714409378902e-05 -4.7731889202544056e-05 0.9515291242313952 
95  2.4522789496927295 -0.45862624327170687 0.0 -0.45862624327170687 0.40778395138338563 0.0 0.0 0.0 1.7975326085009684  3.2297594397158353 -1.215564268267597 0.0 -1.215564268267597 4.64140048039725 0.0 0.0 0.0 6.4484031904600245  2.814476301775978 -0.734568363537083 0.006891060230956912 -0.7345683664622747 1.9098607719412388 -0.009031049023382661 0.0068914792682098795 -0.009031360431654093 3.6334151499697698 
96  2.6659845010044796 -0.6178027578034038 0.0 -0.6178027578034038 0.3750959540924652 0.0 0.0 0.0 1.9674558409691  85.47463054005698 -25.138347847742605 0.0 -25.138347847742605 27.857402301816197 0.0 0.0 0.0 56.69141665713946  15.232794884202182 -3.494176928353192 0.6619759894380113 -3.4941769615016454 6.639846988264822 -0.6548760907111797 0.6619773715720932 -0.6548771949752712 14.897343184968285 
97  2.915700970571052 -0.37413614287637653 0.0 -0.37413614287637653 0.34297069901655447 0.0 0.0 0.0 1.8102741997965608  0.08994560164371006 -0.024851733652434635 0.0 -0.024851733652434635 0.03053597836316079 0.0 0.0 0.0 0.10028337061093359  0.39306950038709965 -0.07082910878407084 0.011347476410153701 -0.070829106059127 0.1284457545247675 -0.0018316611123725824 0.011347690162779084 -0.0018318340850640793 0.4264291146974761 
98  1.1926307803438314 -0.520494149048443 0.0 -0.520494149048443 0.8384824679031875 0.0 0.0 0.0 1.7519842357716382  24.120622364855613 -17.610096983922528 0.0 -17.610096983922528 121.34835604654944 0.0 0.0 0.0 107.35594630048199  6.713986878473164 -2.46265807017019 0.7441604263266242 -2.4626577788815345 18.413753865992142 -1.8662511598723774 0.744162080224896 -1.8662535937698606 18.829885057590012 
99  0.4592589280989462 -0.628462918488805 0.0 -0.628462918488805 2.1774209249222314 0.0 0.0 0.0 1.4307488637364842  65.63271595143088 -22.93351162895037 0.0 -22.93351162895037 26.544970405223964 0.0 0.0 0.0 53.58915070297295  6.8090622655795725 -2.5668751689920746 0.7969294488782099 -2.5668752622941127 8.550592821496497 -0.4252799576866603 0.7969299809901171 -0.4252811374624622 12.338503605554259 
