0  1.968428803337686 -0.5358686979256944 0.0 -0.5358686979256944 0.5080193900355404 0.0 0.0 0.0 1.1462585630694726  0.013828465210497807 -0.004780854764151226 0.0 -0.004780854764151226 0.008373232076421816 0.0 0.0 0.0 0.01480570458793607  0.1984140845411756 -0.04659200291582229 0.01108452420452574 -0.04659199871781811 0.12473484408203922 -0.01215989192145555 0.011084519074887708 -0.01215989819682226 0.2275351859767109 
1  0.7474163135195555 -0.6855488548051738 0.0 -0.6855488548051738 1.3379424316965165 0.0 0.0 0.0 1.992516217926147  0.4631487004086478 -0.13095583519423606 0.0 -0.13095583519423606 0.3110568502147254 0.0 0.0 0.0 0.3835133783345999  0.5716300738384843 -0.34553972259638827 0.0072578464937613635 -0.34553971823766466 0.7068168327158295 -0.013274948895536758 0.007257909026745258 -0.013275000026258268 0.9468792178754835 
2  2.7854870026057936 -0.5571240569857425 0.0 -0.5571240569857425 0.35900364965426534 0.0 0.0 0.0 1.8344297857308043  110.69627649174018 -31.85488157431681 0.0 -31.85488157431681 23.692508359481486 0.0 0.0 0.0 54.62057100315286  13.046800301906286 -2.7955223668083127 0.014806420061218134 -2.7955230201456716 3.9705123022757136 -0.34975423016157303 0.014814435041696697 -0.3497619362994231 10.497641277849496 
3  1.2683883541553596 -0.6242543919115382 0.0 -0.6242543919115382 0.7884020668621766 0.0 0.0 0.0 1.2045209949707347  0.03666814645446738 -0.020456083979761296 0.0 -0.020456083979761296 0.02720804122140389 0.0 0.0 0.0 0.03442502447689363  0.2572730911423447 -0.10796088607985124 0.009203191255042644 -0.10796088168257731 0.2171903270020224 -0.015980100474765575 0.009203196364386896 -0.015980112557520038 0.29489848262819346 
4  0.89790995828663 -0.36026716615538484 0.0 -0.36026716615538484 1.113697415616345 0.0 0.0 0.0 1.1970607167533627  0.544161188921431 -0.8384807339298946 0.0 -0.8384807339298946 4.640431588138641 0.0 0.0 0.0 2.166881534214628  0.688208354519159 -0.5123372851390192 0.003215300317252923 -0.5123372783836575 2.3139136434158285 -0.012521309031492065 0.003215447383918819 -0.012521712172442976 1.6142822950036442 
5  0.642542821013009 -0.4941809529775867 0.0 -0.4941809529775867 1.5563165088724162 0.0 0.0 0.0 1.2676445674399488  15.41142607888641 -17.244013727626733 0.0 -17.244013727626733 127.88805746128241 0.0 0.0 0.0 54.02288808199849  3.3148787049832174 -1.8507488676918935 0.0693579986965097 -1.850749135683844 11.448848901429763 -0.7306184971845106 0.06936187209546621 -0.7306271011885986 8.555499066490066 
6  1.6393432534140702 -0.44538973052044006 0.0 -0.44538973052044006 0.6100003754048555 0.0 0.0 0.0 1.3833312884319457  0.11912995585913627 -0.02571366031351883 0.0 -0.02571366031351883 0.027405569074476856 0.0 0.0 0.0 0.07955588506687902  0.48721082326729953 -0.11783490199642022 0.0023712188885883965 -0.11783489666244323 0.21539940433003252 -0.014625332087750811 0.0023712348573108094 -0.014625347062206941 0.4390844926089781 
7  0.8462537887817276 -0.4399580659143791 0.0 -0.4399580659143791 1.1816786090135045 0.0 0.0 0.0 1.1791519960215175  0.27177642137455355 -0.03782015620254235 0.0 -0.03782015620254235 0.028601808225276186 0.0 0.0 0.0 0.1293997555361423  0.4846452751262828 -0.14656029957793362 0.003735984100826343 -0.14656029831436845 0.35843865135073666 -0.020861126162166534 0.0037360181867863505 -0.02086114698432125 0.47905646763430487 
8  0.6464943981567531 -0.33182255489420115 0.0 -0.33182255489420115 1.5468038127648767 0.0 0.0 0.0 1.033079145658847  0.42390334399171636 -0.09850009511326362 0.0 -0.09850009511326362 0.20213712778585224 0.0 0.0 0.0 0.30958733004611627  0.5254755308704211 -0.18407688648718915 0.0012632769693585702 -0.18407688728712654 0.6764344668467428 -0.011394420155381457 0.001263330891228913 -0.011394467557962154 0.6116426584179426 
9  0.3974344013866144 -0.6994840542873408 0.0 -0.6994840542873408 2.5161385036400628 0.0 0.0 0.0 1.3347608960147805  2.062283572865646 -2.519775639837722 0.0 -2.519775639837722 9.277607171107304 0.0 0.0 0.0 5.22921096359136  0.9475390301217655 -1.2371292989097011 0.010338228532909579 -1.2371292784888532 4.767318424497727 -0.057888938068647526 0.010338756477169005 -0.05788989187697798 2.6826597087910122 
10  0.4913750526328172 -0.536298494195014 0.0 -0.536298494195014 2.03510535311457 0.0 0.0 0.0 1.0163914736144377  0.09760054589639096 -0.08769558798878695 0.0 -0.08769558798878695 0.16890776309489938 0.0 0.0 0.0 0.16140629727759478  0.2360733915141862 -0.20779333519199883 0.004083008089836578 -0.20779334303159464 0.7081497591362613 -0.018754193141340737 0.004083037580759629 -0.018754238773251795 0.4623596776348728 
11  1.4916857736885356 -0.6444747623417206 0.0 -0.6444747623417206 0.6703824744049616 0.0 0.0 0.0 1.0368311189268467  11.540105094185371 -10.006839808276139 0.0 -10.006839808276139 68.97190681760969 0.0 0.0 0.0 38.69407833180562  4.058867131407319 -1.7059073985245408 -0.07329630250438361 -1.7059078642305334 6.515543001153019 -0.4490693789579542 -0.07329352313930171 -0.44907653594624053 6.686938398357521 
12  2.3890047220698927 -0.61944416127015 0.0 -0.61944416127015 0.41858435471553834 0.0 0.0 0.0 1.8916132675140027  23.80434625874621 -3.0749315901179957 0.0 -3.0749315901179957 2.7115752576582137 0.0 0.0 0.0 8.782090687822075  6.712621118466903 -1.205526790083928 -0.05252160360328432 -1.2055268487015771 1.2442102998403333 -0.035433683347245774 -0.052520273109847714 -0.035434679099018825 4.205441806997987 
13  1.0889112442748894 -0.4530981413774864 0.0 -0.4530981413774864 0.9183484928249632 0.0 0.0 0.0 1.4100949190450311  0.05165016890975228 -0.04468203826039152 0.0 -0.04468203826039152 0.18451458518278652 0.0 0.0 0.0 0.14701322057510133  0.3133955245571988 -0.14416863135061253 0.007210716028554845 -0.14416862814778172 0.45382150509914804 -0.011684920550209702 0.007210734396787711 -0.011684957761876117 0.534706483817631 
14  1.2312037231229602 -0.5417829541502066 0.0 -0.5417829541502066 0.812213268380549 0.0 0.0 0.0 1.1266569340667896  45.29376056908331 -19.542622234818595 0.0 -19.542622234818595 32.649339586950006 0.0 0.0 0.0 61.94975977918544  6.531933765080283 -2.202820774690838 0.05727281319864843 -2.2028210261125296 5.6947167779596555 -0.4521161101236954 0.05727827970847332 -0.4521230568774906 8.387484112429545 
15  0.9062955787191803 -0.3465644693904525 0.0 -0.3465644693904525 1.1033927820912988 0.0 0.0 0.0 1.8232430016060854  46.82139362183796 -37.50722779120456 0.0 -37.50722779120456 98.8551884521124 0.0 0.0 0.0 121.54637972082372  6.190879307159351 -2.3917900310975875 0.1344515734977504 -2.39179039335454 10.368653863384695 -0.7246257804584725 0.1344592533903838 -0.7246386061201293 12.973431488178031 
16  1.1229979656136126 -0.33416744494054673 0.0 -0.33416744494054673 0.8904735632834332 0.0 0.0 0.0 1.6524366513327027  3.816065631548266 -0.8346377447403862 0.0 -0.8346377447403862 2.003651845980837 0.0 0.0 0.0 3.1538649832152346  2.064610884551212 -0.525707529547794 -0.004697539512430713 -0.5257075283754687 1.3632063152711131 -0.006033051336712454 -0.004697153609307047 -0.00603340375522591 2.2902897763494905 
17  2.999144871572693 -0.4071115919363852 0.0 -0.4071115919363852 0.33342837469389053 0.0 0.0 0.0 1.361601615578591  3.1878526322664733 -3.338462627955243 0.0 -3.338462627955243 10.864117529204321 0.0 0.0 0.0 6.695888777746409  2.8350565370339273 -0.9873823050822815 0.026343720082023472 -0.9873823288362082 2.4514487071304454 -0.06578859471656641 0.026344619974646204 -0.06579030356070555 3.1763489299510144 
18  1.466486680629668 -0.40811404755641956 0.0 -0.40811404755641956 0.6819018632822688 0.0 0.0 0.0 1.485893360141221  8.893882219248198 -1.9911119045034433 0.0 -1.9911119045034433 1.8046482786099285 0.0 0.0 0.0 6.71823876621623  3.503707957262607 -0.8498893327307842 -0.01945918012105179 -0.8498893341361085 1.119601311844693 -0.012499597096674376 -0.019458354170159113 -0.012500142840311642 3.2247451643995437 
19  1.3234693195771556 -0.6080515328767824 0.0 -0.6080515328767824 0.7555898615915758 0.0 0.0 0.0 1.420508147574955  0.7775786834396317 -0.5439380624760676 0.0 -0.5439380624760676 1.4201646261391632 0.0 0.0 0.0 1.845766375001707  1.0263425036885985 -0.5655030839075704 0.0008507280471265808 -0.5655030819870985 1.0386649700626562 -0.0020120519657491256 0.0008508802070739657 -0.002012282394018093 1.6156523995418124 
20  2.4936403237499087 -0.5286413703680863 0.0 -0.5286413703680863 0.4010201433124931 0.0 0.0 0.0 1.048217340199198  4.8036417209692335 -1.4791622024578628 0.0 -1.4791622024578628 2.3829376457606455 0.0 0.0 0.0 4.00555973824034  3.4123475186488825 -0.8640990592413719 -0.006062498191068103 -0.8640990846909528 1.1039302797910038 -0.019524518081764038 -0.006061843873641503 -0.019525095948007207 2.141621557237133 
21  0.9330849243596486 -0.37661843969919084 0.0 -0.37661843969919084 1.071713810708359 0.0 0.0 0.0 1.766654084609374  30.545894155246526 -20.293489144523658 0.0 -20.293489144523658 32.89871596196167 0.0 0.0 0.0 32.93160913848298  4.947515606372307 -2.2604626119358553 0.0975911534605037 -2.2604627766277514 6.216041565052888 -0.36142378870731773 0.09759505577629866 -0.36142898283918296 7.779755571563164 
22  2.640853359736657 -0.41919630089012055 0.0 -0.41919630089012055 0.3786654780785401 0.0 0.0 0.0 1.7211529465662787  19.695786773759735 -3.8751415571737 0.0 -3.8751415571737 4.714831604726779 0.0 0.0 0.0 18.119317947820182  6.8235935196948425 -1.2448030931674785 -0.07395193023648704 -1.2448032089683678 1.7413212342308368 -0.09073772457828162 -0.07394970912486563 -0.09073964957542362 5.8343755715456735 
23  0.6154404615814363 -0.33904897315532145 0.0 -0.33904897315532145 1.624852544518115 0.0 0.0 0.0 1.3783747863523765  0.28569767996668693 -0.294472662532891 0.0 -0.294472662532891 0.9936147170116745 0.0 0.0 0.0 0.7731443848053343  0.43181775743975764 -0.32014275993858815 -0.0004231900283747407 -0.32014276399879066 1.2875386802547741 -0.0027051615525746486 -0.00042311845604400356 -0.002705280631265954 1.0496385929926082 
24  1.8262293144449797 -0.4648403233664704 0.0 -0.4648403233664704 0.5475763597102897 0.0 0.0 0.0 1.5470936188676323  62.045371102484765 -9.792311107979225 0.0 -9.792311107979225 8.170368243493582 0.0 0.0 0.0 32.98734131223343  8.599746728902113 -1.6226695746969402 -0.0043664020934380526 -1.6226696920811372 2.6059333033458403 -0.19430641001298615 -0.004362150566817146 -0.19430959821068017 7.471521746520035 
25  1.7676119166825497 -0.32829990031457235 0.0 -0.32829990031457235 0.5657350409114676 0.0 0.0 0.0 1.0111579802116817  0.006012766909141703 -0.00737121045089215 0.0 -0.00737121045089215 0.05283126974914396 0.0 0.0 0.0 0.028399636365518753  0.15626261175449294 -0.03887663740035244 0.012930920151975745 -0.038876636755886575 0.21576566707263461 -0.010064016004284885 0.012930927586050384 -0.01006403602803036 0.2606931138216134 
26  2.1715216345661674 -0.518230119879152 0.0 -0.518230119879152 0.46050657938749145 0.0 0.0 0.0 1.1659144819455036  35.43033964451683 -11.637786446861849 0.0 -11.637786446861849 36.49597013174416 0.0 0.0 0.0 54.36559983413266  8.017439122062965 -1.904887854718314 -0.14363486422081745 -1.9048885533645028 5.160695566052468 -0.4058697757718465 -0.14362941426861478 -0.40587812806995127 8.657870003186652 
27  0.43860645840502 -0.48666552851737066 0.0 -0.48666552851737066 2.2799481878047847 0.0 0.0 0.0 1.1111194335738215  0.04279061871709328 -0.07561666904547393 0.0 -0.07561666904547393 0.34051087380060546 0.0 0.0 0.0 0.13893537831297526  0.17085070240964614 -0.18657692157938344 0.005354816514936282 -0.18657692966182898 0.9529656564297494 -0.017578806122277874 0.005354838591956782 -0.01757886167739471 0.4696289077757628 
28  1.8444214302084785 -0.604323931003987 0.0 -0.604323931003987 0.5421754397458763 0.0 0.0 0.0 1.2115361455822042  0.4444136982897075 -0.14202224301140257 0.0 -0.14202224301140257 0.3728047289385194 0.0 0.0 0.0 0.444092620621774  0.9364283434364542 -0.30426865273157083 -0.001445450944977923 -0.30426864956072636 0.4348258330928958 0.00031061407211828337 -0.0014453955681945462 0.00031055137597300333 0.7699831329995744 
29  2.748659725740954 -0.697019667550853 0.0 -0.697019667550853 0.36381367640202567 0.0 0.0 0.0 1.8959960250340437  27.142204853032364 -6.141454303751017 0.0 -6.141454303751017 9.603734332105416 0.0 0.0 0.0 25.029625904198188  8.017460836611724 -1.7968564087192012 -0.1016699759016223 -1.7968567752024247 2.6648288440308434 -0.1753469505486672 -0.10166714560873544 -0.17535060707239083 7.131552045977755 
30  1.051034244772889 -0.4569470689440658 0.0 -0.4569470689440658 0.9514437849892162 0.0 0.0 0.0 1.1270101264614636  12.223028374600563 -4.133708738993436 0.0 -4.133708738993436 3.671643543402657 0.0 0.0 0.0 8.905771856753637  3.3909907427292327 -1.2167614750090547 -0.004062298081872385 -1.2167614720461677 1.8208615139346145 -0.0355763236998507 -0.004061123436861356 -0.035577206618288025 3.333425276787762 
31  1.2985317186416443 -0.4216205118133662 0.0 -0.4216205118133662 0.7701005571477841 0.0 0.0 0.0 1.1216197548685343  1.9244090943006933 -0.8982143376351389 0.0 -0.8982143376351389 3.912728902640751 0.0 0.0 0.0 3.4391631333704105  1.5740382148287204 -0.597976416360474 -0.0003564218148331383 -0.5979764190479003 1.8376857239241149 -0.02485365974327459 -0.00035610747689166465 -0.024854183173515284 2.0106623924222817 
32  0.35649751933160306 -0.5849112926111698 0.0 -0.5849112926111698 2.805068607138976 0.0 0.0 0.0 1.4268215757609939  5.283841869745213 -1.1471076627966315 0.0 -1.1471076627966315 0.7550810553929221 0.0 0.0 0.0 3.4659638544988782  1.3786766664440557 -0.6007575434356993 0.002821458059336435 -0.6007575007376098 1.5221923097827192 0.0211187205531449 0.0028220539150922517 0.021118437994220723 2.228217408837053 
33  1.2026331793931329 -0.5806845602579284 0.0 -0.5806845602579284 0.8315087402666002 0.0 0.0 0.0 1.445894183686526  27.282422988591666 -7.533281259605196 0.0 -7.533281259605196 12.291027837140506 0.0 0.0 0.0 27.903382665172437  5.3253812509259735 -1.6847946321558829 0.0055491205637106114 -1.6847947096435723 3.713536149384675 -0.23189063532549056 0.005552030819113107 -0.23189384475930586 6.503010017394741 
34  0.6776116601774308 -0.4883938278926848 0.0 -0.4883938278926848 1.4757715351860277 0.0 0.0 0.0 1.1014187814004042  7.860176094295456 -11.870492317627436 0.0 -11.870492317627436 70.94049108031686 0.0 0.0 0.0 26.153061366764817  2.3229587465900834 -1.6974573326345093 0.04119904149348606 -1.6974575487197836 8.831595995332284 -0.5003625844999069 0.0412010814062054 -0.5003676556131814 5.8296684906038125 
35  0.5631283356968383 -0.49091747020078835 0.0 -0.49091747020078835 1.7757941424889563 0.0 0.0 0.0 1.9821463009737583  29.90993736707352 -12.75196996900319 0.0 -12.75196996900319 12.72438273290058 0.0 0.0 0.0 31.54037301124847  4.054230511356347 -1.864238873198704 0.15010376701034045 -1.8642388058571087 4.445601099219027 -0.21240555095125058 0.15010737574354768 -0.21240852539337268 7.6197912988333405 
36  0.7881875126145494 -0.4053245144442591 0.0 -0.4053245144442591 1.268733624924903 0.0 0.0 0.0 1.5303697587224192  44.507188220412125 -35.721298614164866 0.0 -35.721298614164866 142.75569656118392 0.0 0.0 0.0 81.5776108872206  5.663935104592823 -2.1596800748999976 0.14364324725711577 -2.159680407614664 11.656045362261738 -0.7639646363586489 0.14365017300346736 -0.7639766095403281 11.173852333609378 
37  0.37324042133100144 -0.598826329382999 0.0 -0.598826329382999 2.6792382144300717 0.0 0.0 0.0 1.7396227038538108  0.08871879411937647 -0.019430403075392712 0.0 -0.019430403075392712 0.009255842380825182 0.0 0.0 0.0 0.030932402106889415  0.17200810058050592 -0.10042753971444407 0.008338116881948437 -0.1004275442676807 0.4076158741756087 -0.039140701694194854 0.008338136389887665 -0.03914070921033976 0.3849137472899836 
38  0.3887949765983904 -0.47497021775237064 0.0 -0.47497021775237064 2.5720496924860217 0.0 0.0 0.0 1.4079756050933119  10.23163593124804 -3.8377792377115196 0.0 -3.8377792377115196 7.236043201954897 0.0 0.0 0.0 8.640045052777879  2.1078652479060875 -1.1114165828055884 0.03634729312311525 -1.1114165414621722 4.206565673320993 -0.06283276024310253 0.03634866733522072 -0.06283395846634653 3.6653928582553954 
39  1.4323950245783288 -0.5913830578735646 0.0 -0.5913830578735646 0.6981314391917703 0.0 0.0 0.0 1.464078800049406  34.468510221014945 -9.530528377120707 0.0 -9.530528377120707 6.670072584898933 0.0 0.0 0.0 16.261170571110906  5.958800234660655 -1.7775119092994638 0.010450616926308904 -1.7775119245527033 2.2558663831685535 -0.10125098836340116 0.010452994012439305 -0.10125280650343799 5.095125411425114 
40  1.596180950421611 -0.41220570672275547 0.0 -0.41220570672275547 0.6264953855863664 0.0 0.0 0.0 1.2179864512231209  4.3742376159752245 -1.590794605106906 0.0 -1.590794605106906 4.2149233115005105 0.0 0.0 0.0 5.253996716119842  2.6200542881879954 -0.804497756364622 -0.009160582763008471 -0.8044977747547256 1.8123932606088298 -0.036845083874775045 -0.009159973669751286 -0.036845855286244726 2.634199239028698 
41  0.7763500767236756 -0.41441304254565203 0.0 -0.41441304254565203 1.2880787031285728 0.0 0.0 0.0 1.372898267760129  100.05635559891405 -44.67459550577528 0.0 -44.67459550577528 42.898508955532634 0.0 0.0 0.0 107.14627997968297  6.856888329232967 -2.465028126696245 0.3125678125871335 -2.4650280902939747 6.9949595160006 -0.5572066507450172 0.3125762824109937 -0.5572150386513965 10.915017907203108 
42  2.8818133156377166 -0.4736106032066737 0.0 -0.4736106032066737 0.347003740517699 0.0 0.0 0.0 1.131567518984655  1.1174258468720666 -0.7943756037801183 0.0 -0.7943756037801183 1.2843634461675806 0.0 0.0 0.0 2.094095881024417  1.7536603571272045 -0.5900486718765311 0.00910362868118848 -0.5900486749874564 0.7155684287210138 -0.004996668326912832 0.009103929451488878 -0.0049969552103131965 1.5432607766412056 
43  1.9357135179037128 -0.3841214662148976 0.0 -0.3841214662148976 0.5166053709657167 0.0 0.0 0.0 1.8417948026138786  0.13891692505842507 -0.18371819089633976 0.0 -0.18371819089633976 0.5309787262150573 0.0 0.0 0.0 0.27349011692793046  0.6058904426829969 -0.23430671519485566 0.0018294856160180183 -0.2343067051091331 0.5174085247834136 0.0003296456713117407 0.0018295356013647954 0.00032956347690377364 0.8026850661241248 
44  2.0007597953708656 -0.3737420188632397 0.0 -0.3737420188632397 0.4998101232910059 0.0 0.0 0.0 1.2147101441776293  1.0052120009313548 -0.2729511892992747 0.0 -0.2729511892992747 0.22972605939519833 0.0 0.0 0.0 0.5925317564168051  1.4274063920199407 -0.32149150509833263 -0.002464924752962299 -0.3214915049300466 0.3553691146006706 -0.0020186782504909547 -0.0024648137645148773 -0.0020187421120434527 0.8734972101514613 
45  0.8100986297687491 -0.5450622317318035 0.0 -0.5450622317318035 1.2344175921954839 0.0 0.0 0.0 1.6248867736010162  0.6197293124459856 -0.30581804002262253 0.0 -0.30581804002262253 0.6583634992663877 0.0 0.0 0.0 0.7365267604176287  0.709592680597814 -0.41432491787911596 0.0011220628188142537 -0.4143249178615566 0.9229099480675154 -0.0035110369119308333 0.0011221570534191646 -0.0035111364401832256 1.1222958020587452 
46  0.8700406530025341 -0.5693800177505642 0.0 -0.5693800177505642 1.1493715799933861 0.0 0.0 0.0 1.9105359499335743  0.030449235393987886 -0.023176970213193305 0.0 -0.023176970213193305 0.03927891145242712 0.0 0.0 0.0 0.04271993534926682  0.21485442341809854 -0.11459825495447588 0.012002814292649844 -0.11459825419953927 0.32429898317403233 -0.023183742875115158 0.012002817668779404 -0.02318375915909894 0.3938845030680616 
47  1.5269318755051062 -0.6277640167316496 0.0 -0.6277640167316496 0.6549080650171127 0.0 0.0 0.0 1.4512129697104676  0.11991452653709854 -0.0744656193609439 0.0 -0.0744656193609439 0.2692179647668913 0.0 0.0 0.0 0.2920551484461849  0.5029211692239499 -0.22190677335097536 0.0034189154952340415 -0.22190676647407914 0.4066686679101271 -0.0038548000684134765 0.003418932542568639 -0.0038548422047093257 0.7019003024461798 
48  2.4118657803417642 -0.42281186437099055 0.0 -0.42281186437099055 0.4146167701995004 0.0 0.0 0.0 1.2973062713446102  1.1701249819081243 -1.0490303411628892 0.0 -1.0490303411628892 3.9393340062467264 0.0 0.0 0.0 2.2485643834336977  1.637999466162019 -0.5653863696122248 0.0066296765281408975 -0.5653863651617168 1.44986372234385 -0.010940652164427132 0.006629951723029058 -0.010941168203375201 1.7142535973804711 
49  0.43003303892265715 -0.4001655143604324 0.0 -0.4001655143604324 2.325402723719219 0.0 0.0 0.0 1.197915981890656  2.3171208445029716 -3.4617851057364732 0.0 -3.4617851057364732 12.707842942326256 0.0 0.0 0.0 8.82740265295566  1.0176263634138487 -1.1874115835262777 0.026565252932198587 -1.187411622155635 5.320528834417523 -0.11656028837231751 0.026565912387632565 -0.11656176877349295 3.3689572108014083 
50  2.792656448373358 -0.43678822881342827 0.0 -0.43678822881342827 0.3580819977274581 0.0 0.0 0.0 1.4594440913352347  74.44018064724925 -50.37829572646574 0.0 -50.37829572646574 130.38257048301253 0.0 0.0 0.0 110.42896054285586  11.948948128250452 -2.5117607477080655 -0.22321306710993974 -2.5117624235254894 7.510460303042128 -0.56854820016394 -0.2232022596423113 -0.5685662544686947 13.307052291833052 
51  2.550975146415276 -0.48326199386897367 0.0 -0.48326199386897367 0.3920069552246468 0.0 0.0 0.0 1.0940196959120456  27.681085746786636 -9.737760949369852 0.0 -9.737760949369852 10.478862003736968 0.0 0.0 0.0 18.213202832700556  7.396551505291824 -1.8933202157760955 -0.05973654868470728 -1.8933204365008147 2.5793109906073246 -0.1426034136095781 -0.059733173759107534 -0.14260644365811112 5.125670114478767 
52  0.7292813486627798 -0.4846461954351611 0.0 -0.4846461954351611 1.3712129095768233 0.0 0.0 0.0 1.3277289056846808  1.0335874203499478 -0.35300363582810873 0.0 -0.35300363582810873 0.7865851674448386 0.0 0.0 0.0 1.2054518894956434  0.8612639866298136 -0.4138627551798556 0.00027582623883922445 -0.4138627520149053 1.059936194447295 -0.0005013521815634613 0.00027595997359352984 -0.0005014765837655186 1.26700128437589 
53  0.6662703924661635 -0.6799054725565448 0.0 -0.6799054725565448 1.5008921472535417 0.0 0.0 0.0 1.2319135822387575  2.7607219504770906 -1.8509692746180852 0.0 -1.8509692746180852 3.0833910948459993 0.0 0.0 0.0 5.812662412978178  1.3778534718540532 -1.070853306665225 0.0010597460197793872 -1.0708532985999333 2.1257154810290717 -0.017274130537130564 0.0010602462161109119 -0.017274712468054565 2.669438772101604 
54  3.1088354051253635 -0.34307276352021904 0.0 -0.34307276352021904 0.3216638611202625 0.0 0.0 0.0 1.6555731963283196  0.01536774013292987 -0.012440115367730266 0.0 -0.012440115367730266 0.10004742780961047 0.0 0.0 0.0 0.07740761644672331  0.31951214865556615 -0.049399536883022226 0.01984519894477089 -0.04939953130860196 0.18755657396708397 -0.0070052114347610266 0.019845213422209625 -0.007005240864736188 0.4551777009694699 
55  0.33012506262871827 -0.4318876882056852 0.0 -0.4318876882056852 3.0291550482026564 0.0 0.0 0.0 1.8855081546670756  0.20177178607140908 -0.2052751091245112 0.0 -0.2052751091245112 0.988224841403715 0.0 0.0 0.0 0.4711133048588493  0.261485454225419 -0.29656746427581826 0.0019149143665710678 -0.29656746994383004 1.8028507591147254 -0.015887908293659152 0.0019149793293491845 -0.0158880283131226 1.0146052303037187 
56  0.600340669356106 -0.3513562237228336 0.0 -0.3513562237228336 1.665720899889304 0.0 0.0 0.0 1.5091466038401125  0.024271584042740282 -0.005970363470771554 0.0 -0.005970363470771554 0.005356710426206367 0.0 0.0 0.0 0.012706904470721748  0.15397048629326357 -0.047759513167914214 0.004699208262360062 -0.04775951481931142 0.252477144410556 -0.022371710242536723 0.004699208796786301 -0.022371712381401475 0.2869722401895245 
57  0.8870991524875137 -0.35555267854214717 0.0 -0.35555267854214717 1.1272697050785148 0.0 0.0 0.0 1.053589886911775  0.13718535205077112 -0.02739777096130133 0.0 -0.02739777096130133 0.01602106647437315 0.0 0.0 0.0 0.050452300917641066  0.3695681772974354 -0.10522161127312044 0.0016946088110269047 -0.10522161310357862 0.2931191433717509 -0.02280994281260019 0.0016946304672775445 -0.02280995762310739 0.3439660704612886 
58  1.8921108159816107 -0.5897497596602903 0.0 -0.5897497596602903 0.5285102709384433 0.0 0.0 0.0 1.4903963290746554  0.02807563797330459 -0.03354140384764777 0.0 -0.03354140384764777 0.22137279317476016 0.0 0.0 0.0 0.11121742821427424  0.3336227908704927 -0.12405890195410922 0.01368522048628536 -0.12405889136714775 0.3155719376518504 -0.006428446730332856 0.013685228027016423 -0.006428483315640513 0.4919000194980159 
59  0.5219450434968461 -0.6538349361800931 0.0 -0.6538349361800931 1.9159105205796298 0.0 0.0 0.0 1.5399781240538566  0.5760528670244573 -0.13999915212724062 0.0 -0.13999915212724062 0.13953950761060535 0.0 0.0 0.0 0.5447762433475056  0.5148430157182018 -0.31274119823072205 0.00608269544292519 -0.3127411950331055 0.7218561099542044 -0.01810324502056647 0.006082776521081061 -0.018103293302864584 0.9458563137828179 
60  0.3270718163398976 -0.4936213920734938 0.0 -0.4936213920734938 3.057432496601254 0.0 0.0 0.0 1.2764352149388634  0.01797769680027798 -0.006464403667558862 0.0 -0.006464403667558862 0.010040619249845112 0.0 0.0 0.0 0.022164413663989236  0.09574736130355914 -0.055633421487586904 0.006178647875698106 -0.055633426861397196 0.36961729933132137 -0.027686799116938957 0.006178652447829004 -0.02768680091558335 0.2853801534853973 
61  0.40037078728972325 -0.33689976511390907 0.0 -0.33689976511390907 2.497684725625006 0.0 0.0 0.0 1.564515852095115  1.5756535626053896 -1.7016582219017098 0.0 -1.7016582219017098 7.879716898977745 0.0 0.0 0.0 4.651278107707464  0.8276475765754434 -0.7804378512021022 0.006872415119696074 -0.7804378606851874 4.42338234213091 -0.036672080682447795 0.006872808805324491 -0.036672878001766746 2.7302907740797155 
62  2.299234166847946 -0.6563783220065229 0.0 -0.6563783220065229 0.43492742688793407 0.0 0.0 0.0 1.5529679876532576  0.00811168988225103 -0.008507593846525673 0.0 -0.008507593846525673 0.02551048476748634 0.0 0.0 0.0 0.016875728876882896  0.17727895902101068 -0.05108538365247141 0.015060516907458847 -0.05108537895047018 0.12186061787697977 -0.010095971908392143 0.015060508049070784 -0.010095982858340081 0.25365828794961043 
63  1.455392341083823 -0.6515185446998104 0.0 -0.6515185446998104 0.687099946709425 0.0 0.0 0.0 1.5695492495530046  1.7018651808641383 -0.43562508569292585 0.0 -0.43562508569292585 0.28455569970284705 0.0 0.0 0.0 1.0913169516820103  1.5595030113407744 -0.5361700204674672 0.001726642053709002 -0.5361700160612756 0.46906843322797287 -0.0016944434365320266 0.0017267974656849764 -0.0016945406660650228 1.318333007264231 
64  0.8147062837013601 -0.5470331495253313 0.0 -0.5470331495253313 1.2274362184329997 0.0 0.0 0.0 1.43976722348843  0.07619090271229739 -0.014977802563095773 0.0 -0.014977802563095773 0.015868907093373505 0.0 0.0 0.0 0.04323083692619653  0.27207607945935036 -0.11082286552307845 0.007318193702504567 -0.11082286362974425 0.2972068847376177 -0.025385114382572106 0.007318203172749411 -0.025385121125220348 0.3685906342233778 
65  0.7698268385871438 -0.6388763097545775 0.0 -0.6388763097545775 1.2989934227745175 0.0 0.0 0.0 1.0765512491502252  11.9650006732907 -3.6131608051060886 0.0 -3.6131608051060886 2.255874388317137 0.0 0.0 0.0 6.134214501137981  2.7779576055794313 -1.1760234422337803 7.919465226741764e-05 -1.1760233924141124 1.52224952807625 -0.0036762594767265335 8.011359878395377e-05 -0.0036768207856735157 2.651376507706567 
66  0.3168297987521448 -0.5793092847592545 0.0 -0.5793092847592545 3.156268772503617 0.0 0.0 0.0 1.2383298982334887  0.010886423493420262 -0.009521630228975482 0.0 -0.009521630228975482 0.0233104203845383 0.0 0.0 0.0 0.02323461800453417  0.07925719270735761 -0.06650647212219221 0.007523187636844042 -0.06650647858262 0.4291171596883291 -0.026758591684093586 0.007523191799869866 -0.02675860006295017 0.2775571028253551 
67  2.0844875772432996 -0.5307403667602382 0.0 -0.5307403667602382 0.4797342094609571 0.0 0.0 0.0 1.8097736075811426  0.3660456087443721 -0.6452515328555396 0.0 -0.6452515328555396 2.423564973710336 0.0 0.0 0.0 1.0479555018296314  0.9163018183772212 -0.49954535929204213 -0.0039236667405318235 -0.49954534146302604 1.1410966431986689 0.007096283441388652 -0.003923537230803592 0.007095980128577534 1.3967882736926032 
68  0.3623187891476749 -0.3949971811935392 0.0 -0.3949971811935392 2.7600003917887275 0.0 0.0 0.0 1.7051554796515171  0.034750631853026646 -0.05959247292565575 0.0 -0.05959247292565575 0.28935831771260384 0.0 0.0 0.0 0.11753539046375079  0.1454109543974957 -0.1502099978305514 0.007484485037537037 -0.15021000938132534 1.0181720095112312 -0.026462016775674436 0.007484506281397894 -0.026462080606422488 0.5709942443369587 
69  0.6591041539970055 -0.5559578968234935 0.0 -0.5559578968234935 1.5172108898657364 0.0 0.0 0.0 1.2253282889812904  0.0570111204720398 -0.01747205914087576 0.0 -0.01747205914087576 0.018278338561376138 0.0 0.0 0.0 0.033623945505034857  0.21356999694751283 -0.10607377521223293 0.007301748658787966 -0.10607377697155633 0.3274959572508169 -0.026611339778690027 0.007301759198611591 -0.026611349701518877 0.31633757435432747 
70  0.5868445567584268 -0.6309096086760604 0.0 -0.6309096086760604 1.7040287559685887 0.0 0.0 0.0 1.3453156390790688  2.3035180226904384 -0.4115406220138324 0.0 -0.4115406220138324 0.6634243903842297 0.0 0.0 0.0 1.3958361404308197  1.1163093285587053 -0.4976303918402979 -0.0002950427068547418 -0.4976303729338755 1.11857030724471 0.0003850668604941142 -0.0002948271601547712 0.0003849412391205439 1.3697503552193764 
71  0.45702016557200204 -0.30287838242469906 0.0 -0.30287838242469906 2.1880872559494384 0.0 0.0 0.0 1.2554372334436756  0.1283861678673636 -0.13475089857459074 0.0 -0.13475089857459074 0.3099323762975952 0.0 0.0 0.0 0.28874730814235655  0.26178819322286456 -0.20286844284622893 0.0013772855306700728 -0.2028684529104356 0.9386341685886723 -0.01624750780649425 0.0013773258158833175 -0.016247576153697735 0.6556535650467168 
72  0.7162877227686671 -0.4630224607792338 0.0 -0.4630224607792338 1.3960870306902646 0.0 0.0 0.0 1.4956379650886205  1.9042205857726582 -0.8136820385311071 0.0 -0.8136820385311071 1.1095030432912647 0.0 0.0 0.0 2.6904782641737133  1.1752046638604894 -0.5960333079167152 -0.0012810913050714618 -0.5960333053073145 1.2340133617599516 0.0031309479695139377 -0.0012808234399625162 0.0031307163476077225 2.001104616944201 
73  1.061910784796939 -0.6943664003839076 0.0 -0.6943664003839076 0.9416986947648548 0.0 0.0 0.0 1.0403745410945937  66.63437717483095 -47.39833969210577 0.0 -47.39833969210577 119.13666074600245 0.0 0.0 0.0 173.08701554064476  7.0272082504619515 -2.568116219012046 0.10300377674894731 -2.568116664712534 9.149686782414799 -0.7810244150260052 0.1030124384055966 -0.7810382463541675 11.013299388914243 
74  0.6874161605402143 -0.6887564350635651 0.0 -0.6887564350635651 1.4547228555321394 0.0 0.0 0.0 1.398992297250468  2.7125544338962726 -2.8810048710267204 0.0 -2.8810048710267204 8.334050881260232 0.0 0.0 0.0 8.216664139959873  1.3752758621451275 -1.3110649909427081 0.012036024937272745 -1.3110649917623753 3.5774534703578333 -0.08562505237668605 0.012036676843105497 -0.0856262358424629 3.3832649893543665 
75  1.2547841619553854 -0.658695323802819 0.0 -0.658695323802819 0.7969498104292742 0.0 0.0 0.0 1.6145238696069504  62.1393470588358 -34.236191512338145 0.0 -34.236191512338145 138.00065135508336 0.0 0.0 0.0 163.90727614130464  8.042501808884513 -2.3875446458505474 0.046676927304948906 -2.387545332070494 10.018320504629132 -0.7738057000363425 0.04668540491415344 -0.7738218069066637 13.473787763845959 
76  1.6122044757884828 -0.5628350939631788 0.0 -0.5628350939631788 0.6202687159213652 0.0 0.0 0.0 1.1821940116333542  0.03942330350844696 -0.038963230652436516 0.0 -0.038963230652436516 0.17210686083882262 0.0 0.0 0.0 0.12779968604161707  0.337741324286764 -0.1364818490426657 0.008710563433874285 -0.13648184068107325 0.3253273708894715 -0.007243420519794149 0.008710576925254815 -0.007243451819348531 0.4552142645622702 
77  0.5778662073312414 -0.5828318416430973 0.0 -0.5828318416430973 1.730504375084154 0.0 0.0 0.0 1.1711946932734583  0.029571658111298933 -0.019066720572586536 0.0 -0.019066720572586536 0.07885153735720118 0.0 0.0 0.0 0.06527836839488502  0.1669845755818982 -0.12108739081754112 0.008795525810802288 -0.1210873937275999 0.4820191950926131 -0.02281334173846089 0.008795536519952199 -0.02281336426554442 0.3642359944819892 
78  1.0455583444753613 -0.551809819552702 0.0 -0.551809819552702 0.9564267793221798 0.0 0.0 0.0 1.365426021975379  52.149860108957924 -20.703475481300753 0.0 -20.703475481300753 26.516164468135365 0.0 0.0 0.0 62.599515306464575  6.40786067593097 -2.2470620217427824 0.13184279675286345 -2.2470621087926714 5.4805124849813 -0.4286074964472859 0.13184828296653409 -0.42861362188510543 8.854902057104605 
79  0.36559573553179403 -0.3633748950018974 0.0 -0.3633748950018974 2.7352616642133536 0.0 0.0 0.0 1.025682717243207  0.4642108992650094 -0.17323107083413292 0.0 -0.17323107083413292 0.13444095088054933 0.0 0.0 0.0 0.3540261826314678  0.405656886551245 -0.21553443859929508 0.0016287998176380144 -0.21553443992361815 0.8231499569855436 -0.018680419956737988 0.0016288641302160869 -0.018680486498241482 0.6362111544608645 
80  0.7626059947327756 -0.4474637119064336 0.0 -0.4474637119064336 1.31129312765291 0.0 0.0 0.0 1.0966021063570246  0.06991423987116831 -0.018403139877897216 0.0 -0.018403139877897216 0.050963497190137104 0.0 0.0 0.0 0.07648934548077538  0.26720054960675577 -0.11339052421250057 0.00532302511300899 -0.11339052481513438 0.3946625474632009 -0.020513987559350445 0.005323041394792741 -0.020514007310402652 0.3808807832494999 
81  0.33719250894006636 -0.34197367150452784 0.0 -0.34197367150452784 2.9656649346790296 0.0 0.0 0.0 1.8684665971418009  3.023879850911412 -1.6843123970811682 0.0 -1.6843123970811682 1.9805123439507126 0.0 0.0 0.0 2.962273295074793  1.0930722636321237 -0.7222631510751228 0.0037190123828003212 -0.7222631338802075 2.2338360405941726 0.005169398006154869 0.0037194618411389825 0.0051690034195060386 2.348162850426204 
82  0.8018818579841803 -0.46838212226800524 0.0 -0.46838212226800524 1.247066497443727 0.0 0.0 0.0 1.6735480077130964  0.006690064058771004 -0.006711621998769127 0.0 -0.006711621998769127 0.03708821514700089 0.0 0.0 0.0 0.01838173379935627  0.12363408186764287 -0.05654868074748054 0.011422412394520319 -0.056548681643591996 0.31345797872093156 -0.018764629753065847 0.011422409872374573 -0.018764645611576845 0.30455996244990124 
83  1.7885781147101716 -0.5165156702010331 0.0 -0.5165156702010331 0.5591033412382126 0.0 0.0 0.0 1.05990458548486  0.15356034029097082 -0.13052057944300957 0.0 -0.13052057944300957 0.23564019260699987 0.0 0.0 0.0 0.21589885549743015  0.5764111358208125 -0.2344426062718532 0.00013973920481124224 -0.2344425991642849 0.36786738713894684 -0.0032410394067775928 0.00013977855077201772 -0.003241083267358451 0.5312356586075208 
84  0.46407947959919954 -0.411979757856566 0.0 -0.411979757856566 2.1548033127076556 0.0 0.0 0.0 1.7157848766125119  1.1640831519257873 -0.47383455990080475 0.0 -0.47383455990080475 1.37537672044576 0.0 0.0 0.0 1.3725468391020248  0.7409377473066765 -0.4247745166558112 0.00032040184433159596 -0.4247745100020995 1.7374614935450372 -0.001514758161159154 0.0003205771219871703 -0.0015149359098752854 1.5411187019324952 
85  0.5453983860046003 -0.3924607166566352 0.0 -0.3924607166566352 1.833522110920888 0.0 0.0 0.0 1.8581365138610235  0.18842804390399454 -0.10409672686767654 0.0 -0.10409672686767654 0.265524231891939 0.0 0.0 0.0 0.3788127129513186  0.3376123822985377 -0.20664017993592912 0.0030374735145257035 -0.20664018439565573 0.8327989267129648 -0.019437127498185873 0.0030375218137878223 -0.019437187885311253 0.9017953132750481 
86  1.702390315516892 -0.6118572045161492 0.0 -0.6118572045161492 0.5874093566470817 0.0 0.0 0.0 1.698273073371452  1.20525267852986 -0.5715367328229068 0.0 -0.5715367328229068 2.4949310159367264 0.0 0.0 0.0 2.3376822702889557  1.4411336330425475 -0.5753864025078034 0.0009779154845611215 -0.5753864045614344 1.2708379947617774 -0.005734932395827644 0.0009781195765878486 -0.0057353304012052525 1.9887057455690185 
87  1.0040431574688533 -0.6410731402788015 0.0 -0.6410731402788015 0.9959731238256273 0.0 0.0 0.0 1.1509257242681263  0.016053536465684283 -0.011249282306054677 0.0 -0.011249282306054677 0.040568022527601576 0.0 0.0 0.0 0.04743661068405325  0.17947920075253035 -0.0928919212385863 0.011047172433472167 -0.09289191789487246 0.2672016767358614 -0.016676608293225325 0.011047175247581188 -0.01667662134854252 0.3043937391323367 
88  2.616048035643705 -0.5045331828291273 0.0 -0.5045331828291273 0.38225597786240184 0.0 0.0 0.0 1.081248916775259  0.008867180763397505 -0.010340150335927016 0.0 -0.010340150335927016 0.03334133254423075 0.0 0.0 0.0 0.018888316182662797  0.1874843496605148 -0.04498092028661488 0.01563494510329431 -0.04498091685877487 0.1348253732135312 -0.008895241702446096 0.01563494832338331 -0.008895257155573532 0.23702763802765256 
89  0.9364231106624045 -0.30740705416382275 0.0 -0.30740705416382275 1.0678933364775915 0.0 0.0 0.0 1.1026403284543627  38.94060458229624 -16.70600408124043 0.0 -16.70600408124043 15.870407028057809 0.0 0.0 0.0 28.91981667236435  5.175019421350357 -1.8867669706861645 0.1021844353894632 -1.8867670365351152 4.026679256645889 -0.23376868200637782 0.10218817635283181 -0.23377204524054973 6.124875917887884 
90  1.7435764181494733 -0.31960419630424575 0.0 -0.31960419630424575 0.5735337950150413 0.0 0.0 0.0 1.0874363590767118  13.363634766708735 -3.4472008293737852 0.0 -3.4472008293737852 2.302367192417722 0.0 0.0 0.0 7.664176346321567  4.483361973747974 -1.039920932753727 -0.021873975103538508 -1.039920938058058 1.1409154790757767 -0.01717130960795064 -0.021872726458211162 -0.01717200794581837 3.0948298261453897 
91  0.5025608022829239 -0.6812921942814554 0.0 -0.6812921942814554 1.989808985216152 0.0 0.0 0.0 1.0800551316363645  10.27778730127146 -14.662533464215578 0.0 -14.662533464215578 65.55077506954507 0.0 0.0 0.0 42.9759288557558  2.3330837919524416 -2.1152822978756 0.10095234100673929 -2.1152823263651013 9.917807024908251 -0.632931058866255 0.10095535210804778 -0.632937368094061 6.857004679278219 
92  2.5228282456788156 -0.3455138298165821 0.0 -0.3455138298165821 0.3963805311411244 0.0 0.0 0.0 1.0572722655981772  0.4518057990604549 -0.20480462110589737 0.0 -0.20480462110589737 0.26699175168463035 0.0 0.0 0.0 0.6694066071771626  1.094786571435152 -0.2553186215808377 -0.0028139424739484034 -0.2553186198298362 0.3293738001734062 -0.0004570781251843879 -0.002813846989999649 -0.00045714597861297863 0.8521166718005471 
93  1.1080484442942387 -0.5738820048345549 0.0 -0.5738820048345549 0.9024876169894728 0.0 0.0 0.0 1.3892876441715727  0.2459558365097016 -0.10901032251922552 0.0 -0.10901032251922552 0.3906576463409213 0.0 0.0 0.0 0.41640478054943564  0.5578964792545223 -0.27175839643124095 0.0013501441112604062 -0.2717583942649312 0.5995811807982033 -0.0036149926570523713 0.0013501848525478333 -0.0036150490692879473 0.8031834837370708 
94  2.0930414869053604 -0.38071692549568054 0.0 -0.38071692549568054 0.4777736161735318 0.0 0.0 0.0 1.0150464163252848  2.0059773508628367 -0.27343044848972503 0.0 -0.27343044848972503 0.31727830362041043 0.0 0.0 0.0 0.8935000432535974  2.0487461340287565 -0.32569868608911307 0.00010407722445771726 -0.3256986832816066 0.39551752215088876 -0.00016949288455894753 0.00010424389804698565 -0.00016957450952583672 0.9546222340444916 
95  2.4522789496927295 -0.45862624327170687 0.0 -0.45862624327170687 0.40778395138338563 0.0 0.0 0.0 1.7975326085009684  3.2297594397158353 -1.215564268267597 0.0 -1.215564268267597 4.64140048039725 0.0 0.0 0.0 6.4484031904600245  2.7935696955527978 -0.7035731590583887 0.001382689862432082 -0.7035731904477728 1.6991895764060119 -0.04206999930942446 0.001383288974438432 -0.042071053445694714 3.453458353566965 
96  2.6659845010044796 -0.6178027578034038 0.0 -0.6178027578034038 0.3750959540924652 0.0 0.0 0.0 1.9674558409691  85.47463054005698 -25.138347847742605 0.0 -25.138347847742605 27.857402301816197 0.0 0.0 0.0 56.69141665713946  12.13716235580579 -2.669809688501039 -0.03315020779112255 -2.6698104995939516 4.6095621638242585 -0.38647216793703915 -0.03314299337610807 -0.38648090901367294 10.901078772314474 
97  2.915700970571052 -0.37413614287637653 0.0 -0.37413614287637653 0.34297069901655447 0.0 0.0 0.0 1.8102741997965608  0.08994560164371006 -0.024851733652434635 0.0 -0.024851733652434635 0.03053597836316079 0.0 0.0 0.0 0.10028337061093359  0.5869503643620374 -0.09060046349183626 0.004787382206656714 -0.09060045707580944 0.14685793657389612 -0.010956032546540113 0.004787398065916996 -0.010956052598259722 0.5345707070667118 
98  1.1926307803438314 -0.520494149048443 0.0 -0.520494149048443 0.8384824679031875 0.0 0.0 0.0 1.7519842357716382  24.120622364855613 -17.610096983922528 0.0 -17.610096983922528 121.34835604654944 0.0 0.0 0.0 107.35594630048199  5.467886236897223 -1.9345316201947735 -0.04485896477784069 -1.9345321680134229 9.914526541334302 -0.6723743473123361 -0.04485374597799501 -0.6723870371844092 11.977653123979914 
99  0.4592589280989462 -0.628462918488805 0.0 -0.628462918488805 2.1774209249222314 0.0 0.0 0.0 1.4307488637364842  65.63271595143088 -22.93351162895037 0.0 -22.93351162895037 26.544970405223964 0.0 0.0 0.0 53.58915070297295  4.674031506982534 -2.045153999037311 0.29057030011885693 -2.0451535638008056 7.250148216410672 -0.4309422794111595 0.2905765846321439 -0.43094768826878455 8.77468938927486 
