0  1.968428803337686 -0.5358686979256944 0.0 -0.5358686979256944 0.5080193900355404 0.0 0.0 0.0 1.1462585630694726  0.013828465210497807 -0.004780854764151226 0.0 -0.004780854764151226 0.008373232076421816 0.0 0.0 0.0 0.01480570458793607  0.17141701726917166 -0.03293428760043631 -0.0028417311242991882 -0.03293429720161363 0.07280446363402754 -0.00141654838609839 -0.0028417457230414185 -0.0014165337200612374 0.14993110137947022 
1  0.7474163135195555 -0.6855488548051738 0.0 -0.6855488548051738 1.3379424316965165 0.0 0.0 0.0 1.992516217926147  0.4631487004086478 -0.13095583519423606 0.0 -0.13095583519423606 0.3110568502147254 0.0 0.0 0.0 0.3835133783345999  0.5543507508236991 -0.3133446982083101 0.0021829250726772987 -0.3133447053452782 0.6481261308670556 -0.0041951394593706115 0.0021828975004277037 -0.004195179898678638 0.9038753040247677 
2  2.7854870026057936 -0.5571240569857425 0.0 -0.5571240569857425 0.35900364965426534 0.0 0.0 0.0 1.8344297857308043  110.69627649174018 -31.85488157431681 0.0 -31.85488157431681 23.692508359481486 0.0 0.0 0.0 54.62057100315286  21.44935430900685 -3.9824334539527873 -0.10616171192607504 -3.9824351657095 4.390296804504652 0.07147714064760677 -0.10615761359573292 0.07146974815342347 12.088503988171166 
3  1.2683883541553596 -0.6242543919115382 0.0 -0.6242543919115382 0.7884020668621766 0.0 0.0 0.0 1.2045209949707347  0.03666814645446738 -0.020456083979761296 0.0 -0.020456083979761296 0.02720804122140389 0.0 0.0 0.0 0.03442502447689363  0.24059220329532793 -0.08555187723081206 0.002638276350426357 -0.08555188949029163 0.1478898997586241 -0.0024405344090399636 0.0026382710226924497 -0.0024405264469903707 0.2286378444481997 
4  0.89790995828663 -0.36026716615538484 0.0 -0.36026716615538484 1.113697415616345 0.0 0.0 0.0 1.1970607167533627  0.544161188921431 -0.8384807339298946 0.0 -0.8384807339298946 4.640431588138641 0.0 0.0 0.0 2.166881534214628  0.6845607404340696 -0.5076139339988601 -0.0013242687193771373 -0.5076139378534497 2.291945091668347 0.001208790989066256 -0.0013242354949043738 0.0012086371740052788 1.6429294902166673 
5  0.642542821013009 -0.4941809529775867 0.0 -0.4941809529775867 1.5563165088724162 0.0 0.0 0.0 1.2676445674399488  15.41142607888641 -17.244013727626733 0.0 -17.244013727626733 127.88805746128241 0.0 0.0 0.0 54.02288808199849  4.964151146468286 -2.433593782233315 -0.10331357289968016 -2.433592875624096 13.368694445351975 0.31077499663452746 -0.10331772254341202 0.3107747643073603 12.619806087046713 
6  1.6393432534140702 -0.44538973052044006 0.0 -0.44538973052044006 0.6100003754048555 0.0 0.0 0.0 1.3833312884319457  0.11912995585913627 -0.02571366031351883 0.0 -0.02571366031351883 0.027405569074476856 0.0 0.0 0.0 0.07955588506687902  0.48093708806615093 -0.10250653665113259 0.004282948694874857 -0.10250654877848182 0.1554787665095302 -0.0034760433101304377 0.0042829399770332195 -0.0034760360179656403 0.35938957393408577 
7  0.8462537887817276 -0.4399580659143791 0.0 -0.4399580659143791 1.1816786090135045 0.0 0.0 0.0 1.1791519960215175  0.27177642137455355 -0.03782015620254235 0.0 -0.03782015620254235 0.028601808225276186 0.0 0.0 0.0 0.1293997555361423  0.47303141752936145 -0.11341706204248593 0.0021402682223254314 -0.11341707821878382 0.22815329620966665 -0.0019769877418542555 0.0021402650215023742 -0.001976975672001779 0.42088934801199684 
8  0.6464943981567531 -0.33182255489420115 0.0 -0.33182255489420115 1.5468038127648767 0.0 0.0 0.0 1.033079145658847  0.42390334399171636 -0.09850009511326362 0.0 -0.09850009511326362 0.20213712778585224 0.0 0.0 0.0 0.30958733004611627  0.5201300329031738 -0.16675770394232364 0.0010153446522731552 -0.1667577128332053 0.5607606295978325 -0.0021832152903250536 0.0010153489812708355 -0.0021832212777019074 0.5898430183102781 
9  0.3974344013866144 -0.6994840542873408 0.0 -0.6994840542873408 2.5161385036400628 0.0 0.0 0.0 1.3347608960147805  2.062283572865646 -2.519775639837722 0.0 -2.519775639837722 9.277607171107304 0.0 0.0 0.0 5.22921096359136  1.056691218344527 -1.2892373136160231 -0.00037211482113265774 -1.2892372229641684 4.79269120775069 0.007697288370935888 -0.00037250807755620974 0.007697369809253798 2.865182721111867 
10  0.4913750526328172 -0.536298494195014 0.0 -0.536298494195014 2.03510535311457 0.0 0.0 0.0 1.0163914736144377  0.09760054589639096 -0.08769558798878695 0.0 -0.08769558798878695 0.16890776309489938 0.0 0.0 0.0 0.16140629727759478  0.23137313351724778 -0.18188105001408486 0.0027938588475857782 -0.18188105653759634 0.5446576052371056 -0.0026893483625540157 0.0027938600231396083 -0.002689344636107795 0.43516009963781827 
11  1.4916857736885356 -0.6444747623417206 0.0 -0.6444747623417206 0.6703824744049616 0.0 0.0 0.0 1.0368311189268467  11.540105094185371 -10.006839808276139 0.0 -10.006839808276139 68.97190681760969 0.0 0.0 0.0 38.69407833180562  4.983372334257906 -1.9787469261048956 0.05150890340986501 -1.978747292376084 7.5699133519533435 0.15486782233913662 0.051508858866614715 0.15486288830430703 9.01557064009829 
12  2.3890047220698927 -0.61944416127015 0.0 -0.61944416127015 0.41858435471553834 0.0 0.0 0.0 1.8916132675140027  23.80434625874621 -3.0749315901179957 0.0 -3.0749315901179957 2.7115752576582137 0.0 0.0 0.0 8.782090687822075  8.601033563729235 -1.368094437810907 0.016996440214974616 -1.368094567411653 1.2539264198345834 -0.010752625981861661 0.016996426611534263 -0.010753421904463701 4.344838816155895 
13  1.0889112442748894 -0.4530981413774864 0.0 -0.4530981413774864 0.9183484928249632 0.0 0.0 0.0 1.4100949190450311  0.05165016890975228 -0.04468203826039152 0.0 -0.04468203826039152 0.18451458518278652 0.0 0.0 0.0 0.14701322057510133  0.3173846068995086 -0.13816842390224277 0.005759496928043875 -0.13816842650725358 0.40605509490151825 -0.0038253732092246723 0.005759505561039403 -0.0038253875295149314 0.4941708975498844 
14  1.2312037231229602 -0.5417829541502066 0.0 -0.5417829541502066 0.812213268380549 0.0 0.0 0.0 1.1266569340667896  45.29376056908331 -19.542622234818595 0.0 -19.542622234818595 32.649339586950006 0.0 0.0 0.0 61.94975977918544  10.901512899521386 -3.0836386071967468 -0.07971849925923905 -3.0836387597279447 6.4558479329928575 0.15627554440256913 -0.07972027682250937 0.1562727023259751 11.273224794076011 
15  0.9062955787191803 -0.3465644693904525 0.0 -0.3465644693904525 1.1033927820912988 0.0 0.0 0.0 1.8232430016060854  46.82139362183796 -37.50722779120456 0.0 -37.50722779120456 98.8551884521124 0.0 0.0 0.0 121.54637972082372  10.76110749115123 -3.75356538402991 -0.23515930776289481 -3.753564875802812 12.637441507766413 0.3465259212053792 -0.2351663674598852 0.3465216367696959 19.559801697670686 
16  1.1229979656136126 -0.33416744494054673 0.0 -0.33416744494054673 0.8904735632834332 0.0 0.0 0.0 1.6524366513327027  3.816065631548266 -0.8346377447403862 0.0 -0.8346377447403862 2.003651845980837 0.0 0.0 0.0 3.1538649832152346  2.239665543679067 -0.5480828841809569 0.0029174120863691326 -0.5480828724020135 1.371648328580631 -0.001654283431667607 0.0029173732216493265 -0.0016544788759866825 2.329367012579652 
17  2.999144871572693 -0.4071115919363852 0.0 -0.4071115919363852 0.33342837469389053 0.0 0.0 0.0 1.361601615578591  3.1878526322664733 -3.338462627955243 0.0 -3.338462627955243 10.864117529204321 0.0 0.0 0.0 6.695888777746409  2.8225996506133915 -0.9823607794956639 -0.005964174454158922 -0.9823609151587365 2.450509039606528 0.005208814976305932 -0.0059636408777993125 0.005207587652914963 3.308067500508274 
18  1.466486680629668 -0.40811404755641956 0.0 -0.40811404755641956 0.6819018632822688 0.0 0.0 0.0 1.485893360141221  8.893882219248198 -1.9911119045034433 0.0 -1.9911119045034433 1.8046482786099285 0.0 0.0 0.0 6.71823876621623  4.102651146805497 -0.9500648423254978 0.01520263826959385 -0.9500648258818924 1.1428035057501418 -0.006847265395739698 0.015202639758497869 -0.00684755603385345 3.3398444325310495 
19  1.3234693195771556 -0.6080515328767824 0.0 -0.6080515328767824 0.7555898615915758 0.0 0.0 0.0 1.420508147574955  0.7775786834396317 -0.5439380624760676 0.0 -0.5439380624760676 1.4201646261391632 0.0 0.0 0.0 1.845766375001707  1.021686024599204 -0.5664383692408154 -0.0006344603102015855 -0.566438373577392 1.0435816600670076 -5.208049852873963e-05 -0.0006344148396174502 -5.2266559529396026e-05 1.6259761869628098 
20  2.4936403237499087 -0.5286413703680863 0.0 -0.5286413703680863 0.4010201433124931 0.0 0.0 0.0 1.048217340199198  4.8036417209692335 -1.4791622024578628 0.0 -1.4791622024578628 2.3829376457606455 0.0 0.0 0.0 4.00555973824034  3.5089361563870436 -0.8749636886671991 0.009046854935964797 -0.8749637434154636 1.0962317681962652 -0.005767018919400953 0.009047168253910397 -0.005767405013904843 2.197860603609918 
21  0.9330849243596486 -0.37661843969919084 0.0 -0.37661843969919084 1.071713810708359 0.0 0.0 0.0 1.766654084609374  30.545894155246526 -20.293489144523658 0.0 -20.293489144523658 32.89871596196167 0.0 0.0 0.0 32.93160913848298  7.603542579948269 -3.1235597921812674 -0.03992735473554272 -3.123559565486844 6.761830273900121 0.07786865593651493 -0.03992957430836123 0.07786769683533062 9.395304927980586 
22  2.640853359736657 -0.41919630089012055 0.0 -0.41919630089012055 0.3786654780785401 0.0 0.0 0.0 1.7211529465662787  19.695786773759735 -3.8751415571737 0.0 -3.8751415571737 4.714831604726779 0.0 0.0 0.0 18.119317947820182  8.308461692999257 -1.4096776495564676 0.0450214196309739 -1.4096778232437397 1.7594258718901237 -0.018483661239817914 0.04502232858344966 -0.018485124589129525 6.145852311700544 
23  0.6154404615814363 -0.33904897315532145 0.0 -0.33904897315532145 1.624852544518115 0.0 0.0 0.0 1.3783747863523765  0.28569767996668693 -0.294472662532891 0.0 -0.294472662532891 0.9936147170116745 0.0 0.0 0.0 0.7731443848053343  0.4296867122292712 -0.3189425033517273 0.0008396050738487669 -0.3189425029469398 1.2616494659400703 -0.00012337404442464846 0.0008396150962443175 -0.00012342301480971606 1.0360159789827237 
24  1.8262293144449797 -0.4648403233664704 0.0 -0.4648403233664704 0.5475763597102897 0.0 0.0 0.0 1.5470936188676323  62.045371102484765 -9.792311107979225 0.0 -9.792311107979225 8.170368243493582 0.0 0.0 0.0 32.98734131223343  14.211608264012611 -2.185968199805233 -0.11255799258828666 -2.1859685741319694 2.713189519205168 0.02576534308016841 -0.11255781519763268 0.025763429082337072 8.428018532208192 
25  1.7676119166825497 -0.32829990031457235 0.0 -0.32829990031457235 0.5657350409114676 0.0 0.0 0.0 1.0111579802116817  0.006012766909141703 -0.00737121045089215 0.0 -0.00737121045089215 0.05283126974914396 0.0 0.0 0.0 0.028399636365518753  0.15679210224149465 -0.03556264080423897 0.0008731347440909507 -0.03556264830899928 0.16970996947987535 -0.0032983958793828794 0.0008731347220525304 -0.0032983882287463137 0.21808918019885537 
26  2.1715216345661674 -0.518230119879152 0.0 -0.518230119879152 0.46050657938749145 0.0 0.0 0.0 1.1659144819455036  35.43033964451683 -11.637786446861849 0.0 -11.637786446861849 36.49597013174416 0.0 0.0 0.0 54.36559983413266  11.476348767939632 -2.3735037646829658 0.06840416361197463 -2.373504863926843 5.913091581571688 0.11601533053816679 0.06840631163535167 0.11600865876795394 10.99218509128435 
27  0.43860645840502 -0.48666552851737066 0.0 -0.48666552851737066 2.2799481878047847 0.0 0.0 0.0 1.1111194335738215  0.04279061871709328 -0.07561666904547393 0.0 -0.07561666904547393 0.34051087380060546 0.0 0.0 0.0 0.13893537831297526  0.1700872490774062 -0.17132321353869046 0.002901832554499941 -0.17132321491631325 0.8063585724195351 -0.0021892274462910664 0.0029018370749898017 -0.002189231259879545 0.4482705943053049 
28  1.8444214302084785 -0.604323931003987 0.0 -0.604323931003987 0.5421754397458763 0.0 0.0 0.0 1.2115361455822042  0.4444136982897075 -0.14202224301140257 0.0 -0.14202224301140257 0.3728047289385194 0.0 0.0 0.0 0.444092620621774  0.9412938817046478 -0.30553782209632063 0.004503000922907164 -0.30553782499264487 0.43470689841344606 -0.0015254703465728413 0.004503031579655628 -0.0015255346865710312 0.7458283688083233 
29  2.748659725740954 -0.697019667550853 0.0 -0.697019667550853 0.36381367640202567 0.0 0.0 0.0 1.8959960250340437  27.142204853032364 -6.141454303751017 0.0 -6.141454303751017 9.603734332105416 0.0 0.0 0.0 25.029625904198188  10.297307026552476 -2.0502729453661446 0.04840554150018393 -2.0502735497761497 2.7355142292833454 9.033615790534216e-05 0.04840620418593307 8.699969763812785e-05 7.7048061086158395 
30  1.051034244772889 -0.4569470689440658 0.0 -0.4569470689440658 0.9514437849892162 0.0 0.0 0.0 1.1270101264614636  12.223028374600563 -4.133708738993436 0.0 -4.133708738993436 3.671643543402657 0.0 0.0 0.0 8.905771856753637  4.385555307930952 -1.4641898456657527 0.012550278166250413 -1.4641897886493453 1.891264967903527 -0.006508188299556867 0.012550013216973152 -0.006508365651292723 3.570712519817774 
31  1.2985317186416443 -0.4216205118133662 0.0 -0.4216205118133662 0.7701005571477841 0.0 0.0 0.0 1.1216197548685343  1.9244090943006933 -0.8982143376351389 0.0 -0.8982143376351389 3.912728902640751 0.0 0.0 0.0 3.4391631333704105  1.5947900568670326 -0.5971052734979007 0.0019403684044597986 -0.5971052847799909 1.819391073156431 0.00027862086596210534 0.0019404288228980285 0.0002783819945323946 2.0803716226980535 
32  0.35649751933160306 -0.5849112926111698 0.0 -0.5849112926111698 2.805068607138976 0.0 0.0 0.0 1.4268215757609939  5.283841869745213 -1.1471076627966315 0.0 -1.1471076627966315 0.7550810553929221 0.0 0.0 0.0 3.4659638544988782  1.8812841402441682 -0.677103043008626 -0.0073654829453323615 -0.6771029596997763 1.40026310979118 0.004790281185518514 -0.00736610205465158 0.0047903796275895385 2.285959196012489 
33  1.2026331793931329 -0.5806845602579284 0.0 -0.5806845602579284 0.8315087402666002 0.0 0.0 0.0 1.445894183686526  27.282422988591666 -7.533281259605196 0.0 -7.533281259605196 12.291027837140506 0.0 0.0 0.0 27.903382665172437  8.066432891537074 -2.0987362451195124 -0.03748293595150206 -2.098736307610218 3.8606159153588373 0.04167564431092926 -0.03748442522368365 0.04167430065587872 7.611967693587582 
34  0.6776116601774308 -0.4883938278926848 0.0 -0.4883938278926848 1.4757715351860277 0.0 0.0 0.0 1.1014187814004042  7.860176094295456 -11.870492317627436 0.0 -11.870492317627436 70.94049108031686 0.0 0.0 0.0 26.153061366764817  2.9487990292498503 -1.9798543390360317 -0.017984208175771937 -1.9798540124979327 9.577042223369759 0.1763355669895677 -0.017985518647650325 0.17633565708699428 7.654832895721228 
35  0.5631283356968383 -0.49091747020078835 0.0 -0.49091747020078835 1.7757941424889563 0.0 0.0 0.0 1.9821463009737583  29.90993736707352 -12.75196996900319 0.0 -12.75196996900319 12.72438273290058 0.0 0.0 0.0 31.54037301124847  7.004428951723835 -2.7449233745927137 -0.15352402415344582 -2.7449229477898642 4.754275224636107 0.05327579725821746 -0.15352912954429612 0.05327680367652389 8.946822506834822 
36  0.7881875126145494 -0.4053245144442591 0.0 -0.4053245144442591 1.268733624924903 0.0 0.0 0.0 1.5303697587224192  44.507188220412125 -35.721298614164866 0.0 -35.721298614164866 142.75569656118392 0.0 0.0 0.0 81.5776108872206  10.267728929994416 -3.3721435872547327 -0.2594603742774488 -3.3721425577114275 14.479354285990858 0.35152574004035897 -0.2594681538554815 0.3515231072268913 16.99478452437777 
37  0.37324042133100144 -0.598826329382999 0.0 -0.598826329382999 2.6792382144300717 0.0 0.0 0.0 1.7396227038538108  0.08871879411937647 -0.019430403075392712 0.0 -0.019430403075392712 0.009255842380825182 0.0 0.0 0.0 0.030932402106889415  0.16113475562692775 -0.056604494872349434 -0.0015880384569771902 -0.056604509610137466 0.16307623234732074 0.004351984160209235 -0.0015880420336159878 0.0043520080498741015 0.2473319428572377 
38  0.3887949765983904 -0.47497021775237064 0.0 -0.47497021775237064 2.5720496924860217 0.0 0.0 0.0 1.4079756050933119  10.23163593124804 -3.8377792377115196 0.0 -3.8377792377115196 7.236043201954897 0.0 0.0 0.0 8.640045052777879  3.195711192010795 -1.4001395817518014 -0.04146938637647671 -1.4001392717782861 4.306121274885017 0.0128315054937206 -0.04147093758801792 0.012831992094142845 4.018457802822735 
39  1.4323950245783288 -0.5913830578735646 0.0 -0.5913830578735646 0.6981314391917703 0.0 0.0 0.0 1.464078800049406  34.468510221014945 -9.530528377120707 0.0 -9.530528377120707 6.670072584898933 0.0 0.0 0.0 16.261170571110906  8.882980392824217 -2.3174964802753824 -0.005714238503057603 -2.317496555785498 2.3680260711653016 -0.001662962752189774 -0.005714943217424696 -0.001663726061022371 5.545159673151376 
40  1.596180950421611 -0.41220570672275547 0.0 -0.41220570672275547 0.6264953855863664 0.0 0.0 0.0 1.2179864512231209  4.3742376159752245 -1.590794605106906 0.0 -1.590794605106906 4.2149233115005105 0.0 0.0 0.0 5.253996716119842  2.774832831522533 -0.8234165423728346 0.009669018302248325 -0.8234165626402097 1.7977820151648416 -0.0034177842488103635 0.009669152593088556 -0.0034181731934570655 2.7484084324332096 
41  0.7763500767236756 -0.41441304254565203 0.0 -0.41441304254565203 1.2880787031285728 0.0 0.0 0.0 1.372898267760129  100.05635559891405 -44.67459550577528 0.0 -44.67459550577528 42.898508955532634 0.0 0.0 0.0 107.14627997968297  14.552832835814774 -4.314033391196752 -0.5769705506381657 -4.314032568605242 8.088986658266062 0.32036734514882625 -0.5769807304820473 0.3203682402749872 15.674616296517813 
42  2.8818133156377166 -0.4736106032066737 0.0 -0.4736106032066737 0.347003740517699 0.0 0.0 0.0 1.131567518984655  1.1174258468720666 -0.7943756037801183 0.0 -0.7943756037801183 1.2843634461675806 0.0 0.0 0.0 2.094095881024417  1.7630735110528535 -0.5818284160601017 -0.003820059166731059 -0.5818284283204027 0.7125206112362373 -0.002078880574830132 -0.003819866041889249 -0.002079106971345902 1.5606423987151081 
43  1.9357135179037128 -0.3841214662148976 0.0 -0.3841214662148976 0.5166053709657167 0.0 0.0 0.0 1.8417948026138786  0.13891692505842507 -0.18371819089633976 0.0 -0.18371819089633976 0.5309787262150573 0.0 0.0 0.0 0.27349011692793046  0.6192179954057152 -0.235646987340012 0.008977470065094983 -0.23564697513544144 0.5183377483341516 -0.000915282876219349 0.008977507558444602 -0.0009153481288158202 0.7486107886828814 
44  2.0007597953708656 -0.3737420188632397 0.0 -0.3737420188632397 0.4998101232910059 0.0 0.0 0.0 1.2147101441776293  1.0052120009313548 -0.2729511892992747 0.0 -0.2729511892992747 0.22972605939519833 0.0 0.0 0.0 0.5925317564168051  1.4217039754013365 -0.3202025732134195 0.0017693130148321635 -0.3202025768627959 0.34257430157767704 -0.0010730819415989384 0.0017693733599990797 -0.0010731339112026064 0.8526576227246155 
45  0.8100986297687491 -0.5450622317318035 0.0 -0.5450622317318035 1.2344175921954839 0.0 0.0 0.0 1.6248867736010162  0.6197293124459856 -0.30581804002262253 0.0 -0.30581804002262253 0.6583634992663877 0.0 0.0 0.0 0.7365267604176287  0.7044088534581524 -0.40541599475332657 0.0006837294187415425 -0.4054159983053004 0.899079073763599 -0.0010171586860552079 0.0006837242329305222 -0.0010172264822630782 1.100944695729052 
46  0.8700406530025341 -0.5693800177505642 0.0 -0.5693800177505642 1.1493715799933861 0.0 0.0 0.0 1.9105359499335743  0.030449235393987886 -0.023176970213193305 0.0 -0.023176970213193305 0.03927891145242712 0.0 0.0 0.0 0.04271993534926682  0.19944498210230815 -0.08897598341461671 0.0026112274973335062 -0.08897599462328369 0.21286012105380459 -0.004408728357847785 0.0026112220480040884 -0.004408712618580876 0.30359960887210713 
47  1.5269318755051062 -0.6277640167316496 0.0 -0.6277640167316496 0.6549080650171127 0.0 0.0 0.0 1.4512129697104676  0.11991452653709854 -0.0744656193609439 0.0 -0.0744656193609439 0.2692179647668913 0.0 0.0 0.0 0.2920551484461849  0.5130567293849545 -0.222293640249742 0.007095697368321332 -0.22229363996737742 0.39869438635881504 -0.003287795153075479 0.007095711064503507 -0.0032878405899245313 0.6649879673056177 
48  2.4118657803417642 -0.42281186437099055 0.0 -0.42281186437099055 0.4146167701995004 0.0 0.0 0.0 1.2973062713446102  1.1701249819081243 -1.0490303411628892 0.0 -1.0490303411628892 3.9393340062467264 0.0 0.0 0.0 2.2485643834336977  1.6368938281380312 -0.5540721735333558 -0.0030351171206019797 -0.5540722043171149 1.4128513624785537 -0.0002803125871747804 -0.003034954770648965 -0.0002806660012350514 1.736841306400107 
49  0.43003303892265715 -0.4001655143604324 0.0 -0.4001655143604324 2.325402723719219 0.0 0.0 0.0 1.197915981890656  2.3171208445029716 -3.4617851057364732 0.0 -3.4617851057364732 12.707842942326256 0.0 0.0 0.0 8.82740265295566  1.1140305151944843 -1.253043954366269 -0.0016513737961261245 -1.2530438767147511 5.360666321329493 0.014357397297408666 -0.0016517758669043266 0.014357847331985515 3.764651865791696 
50  2.792656448373358 -0.43678822881342827 0.0 -0.43678822881342827 0.3580819977274581 0.0 0.0 0.0 1.4594440913352347  74.44018064724925 -50.37829572646574 0.0 -50.37829572646574 130.38257048301253 0.0 0.0 0.0 110.42896054285586  18.271649161976146 -3.503580229710941 0.1330113148401828 -3.503583127617836 9.497796846440862 0.10367769961226604 0.1330202890984181 0.10365492387038563 18.47594582761988 
51  2.550975146415276 -0.48326199386897367 0.0 -0.48326199386897367 0.3920069552246468 0.0 0.0 0.0 1.0940196959120456  27.681085746786636 -9.737760949369852 0.0 -9.737760949369852 10.478862003736968 0.0 0.0 0.0 18.213202832700556  9.436005675158016 -2.2735498513629837 0.06346202101261536 -2.2735502653313966 2.701049738870143 -0.001948115473187083 0.06346373537772224 -0.0019500608161122244 5.555127464223071 
52  0.7292813486627798 -0.4846461954351611 0.0 -0.4846461954351611 1.3712129095768233 0.0 0.0 0.0 1.3277289056846808  1.0335874203499478 -0.35300363582810873 0.0 -0.35300363582810873 0.7865851674448386 0.0 0.0 0.0 1.2054518894956434  0.8714125537590932 -0.40678662240856356 -6.913495336644286e-05 -0.4067866217145885 1.0358277929888893 -9.20465886239951e-05 -6.915673476976605e-05 -9.211221919110674e-05 1.2640664382944335 
53  0.6662703924661635 -0.6799054725565448 0.0 -0.6799054725565448 1.5008921472535417 0.0 0.0 0.0 1.2319135822387575  2.7607219504770906 -1.8509692746180852 0.0 -1.8509692746180852 3.0833910948459993 0.0 0.0 0.0 5.812662412978178  1.5153385746239987 -1.1282090688541728 0.006230698778794017 -1.1282090380000986 2.1603884679969676 -0.0032699398445198346 0.006230430003087147 -0.0032700117223344303 2.831965945134805 
54  3.1088354051253635 -0.34307276352021904 0.0 -0.34307276352021904 0.3216638611202625 0.0 0.0 0.0 1.6555731963283196  0.01536774013292987 -0.012440115367730266 0.0 -0.012440115367730266 0.10004742780961047 0.0 0.0 0.0 0.07740761644672331  0.32681868835139194 -0.04966342810821503 0.0027720463327227424 -0.049663427799286314 0.17636989634641928 -0.002350769243230713 0.002772045860360985 -0.0023507804006944063 0.39050111365903845 
55  0.33012506262871827 -0.4318876882056852 0.0 -0.4318876882056852 3.0291550482026564 0.0 0.0 0.0 1.8855081546670756  0.20177178607140908 -0.2052751091245112 0.0 -0.2052751091245112 0.988224841403715 0.0 0.0 0.0 0.4711133048588493  0.2587641659335003 -0.28469013334152027 0.0006039393558182005 -0.2846901355824537 1.6760956352003715 -0.00018354106590879487 0.0006039249468420112 -0.00018356742999365663 0.9923382946894347 
56  0.600340669356106 -0.3513562237228336 0.0 -0.3513562237228336 1.665720899889304 0.0 0.0 0.0 1.5091466038401125  0.024271584042740282 -0.005970363470771554 0.0 -0.005970363470771554 0.005356710426206367 0.0 0.0 0.0 0.012706904470721748  0.13669157934631776 -0.02947993304297924 -0.0038034303415551574 -0.029479943440592828 0.09864631285188484 0.00035498365313025405 -0.00380343953491391 0.0003550093743868241 0.1570707535344701 
57  0.8870991524875137 -0.35555267854214717 0.0 -0.35555267854214717 1.1272697050785148 0.0 0.0 0.0 1.053589886911775  0.13718535205077112 -0.02739777096130133 0.0 -0.02739777096130133 0.01602106647437315 0.0 0.0 0.0 0.050452300917641066  0.36094893145636653 -0.08143895352241101 0.0012378011790805017 -0.08143897140219553 0.16217621128915483 -0.0003601536695503243 0.0012377988495391947 -0.00036013707117380395 0.2714418732554056 
58  1.8921108159816107 -0.5897497596602903 0.0 -0.5897497596602903 0.5285102709384433 0.0 0.0 0.0 1.4903963290746554  0.02807563797330459 -0.03354140384764777 0.0 -0.03354140384764777 0.22137279317476016 0.0 0.0 0.0 0.11121742821427424  0.3428570992086656 -0.12520834881661125 0.006988691272181322 -0.12520834404195316 0.30956895559484254 -0.0026887892978872553 0.006988701238289663 -0.002688817274213434 0.4512804245503775 
59  0.5219450434968461 -0.6538349361800931 0.0 -0.6538349361800931 1.9159105205796298 0.0 0.0 0.0 1.5399781240538566  0.5760528670244573 -0.13999915212724062 0.0 -0.13999915212724062 0.13953950761060535 0.0 0.0 0.0 0.5447762433475056  0.5041010766114357 -0.258618522326345 0.00011148032566279656 -0.2586185321343055 0.5584054623491204 -0.0026160222906529227 0.00011143384344747742 -0.0026160249581711533 0.9171383298903044 
60  0.3270718163398976 -0.4936213920734938 0.0 -0.4936213920734938 3.057432496601254 0.0 0.0 0.0 1.2764352149388634  0.01797769680027798 -0.006464403667558862 0.0 -0.006464403667558862 0.010040619249845112 0.0 0.0 0.0 0.022164413663989236  0.08830704789188085 -0.03181979897984038 -0.000547025085031265 -0.03181980740154589 0.15055138119739644 -0.002502903460349934 -0.0005470285385040622 -0.0025028728442598657 0.18138271683174612 
61  0.40037078728972325 -0.33689976511390907 0.0 -0.33689976511390907 2.497684725625006 0.0 0.0 0.0 1.564515852095115  1.5756535626053896 -1.7016582219017098 0.0 -1.7016582219017098 7.879716898977745 0.0 0.0 0.0 4.651278107707464  0.8916513478654141 -0.8134367380916943 0.0004147435666629351 -0.8134367023750682 4.4443693000545546 0.0024746729725500386 0.0004145198830658571 0.0024747664644845855 2.85376901437565 
62  2.299234166847946 -0.6563783220065229 0.0 -0.6563783220065229 0.43492742688793407 0.0 0.0 0.0 1.5529679876532576  0.00811168988225103 -0.008507593846525673 0.0 -0.008507593846525673 0.02551048476748634 0.0 0.0 0.0 0.016875728876882896  0.15748361866119792 -0.04191434214651844 0.0006356109134299791 -0.04191434997335898 0.09424988335394512 -0.002818454236052616 0.0006356030060626299 -0.0028184480859654855 0.18164512851973902 
63  1.455392341083823 -0.6515185446998104 0.0 -0.6515185446998104 0.687099946709425 0.0 0.0 0.0 1.5695492495530046  1.7018651808641383 -0.43562508569292585 0.0 -0.43562508569292585 0.28455569970284705 0.0 0.0 0.0 1.0913169516820103  1.5628071996632313 -0.5235316146845671 0.00017589351009030628 -0.5235316165374885 0.4497704674004733 -0.0008775686183521474 0.0001758960719141673 -0.0008776488747167264 1.3051188930361994 
64  0.8147062837013601 -0.5470331495253313 0.0 -0.5470331495253313 1.2274362184329997 0.0 0.0 0.0 1.43976722348843  0.07619090271229739 -0.014977802563095773 0.0 -0.014977802563095773 0.015868907093373505 0.0 0.0 0.0 0.04323083692619653  0.25733985212076554 -0.07651458771387713 0.0006021326217065067 -0.07651460172278608 0.16415876871584556 -0.0006368028702552295 0.0006021256560701336 -0.0006367854828824161 0.2779578575528933 
65  0.7698268385871438 -0.6388763097545775 0.0 -0.6388763097545775 1.2989934227745175 0.0 0.0 0.0 1.0765512491502252  11.9650006732907 -3.6131608051060886 0.0 -3.6131608051060886 2.255874388317137 0.0 0.0 0.0 6.134214501137981  3.8214900145007937 -1.444937314812673 -0.001883234618924704 -1.4449372217741072 1.595088010111388 7.944915103373823e-05 -0.0018838656662070244 7.946756714676414e-05 2.809924391317064 
66  0.3168297987521448 -0.5793092847592545 0.0 -0.5793092847592545 3.156268772503617 0.0 0.0 0.0 1.2383298982334887  0.010886423493420262 -0.009521630228975482 0.0 -0.009521630228975482 0.0233104203845383 0.0 0.0 0.0 0.02323461800453417  0.07246866848607889 -0.04159586018761795 0.0008599265841364603 -0.04159586769656882 0.2052824489830697 -0.0053876862929909085 0.0008599229518113581 -0.005387653982890318 0.1953067739117616 
67  2.0844875772432996 -0.5307403667602382 0.0 -0.5307403667602382 0.4797342094609571 0.0 0.0 0.0 1.8097736075811426  0.3660456087443721 -0.6452515328555396 0.0 -0.6452515328555396 2.423564973710336 0.0 0.0 0.0 1.0479555018296314  0.9353708535676707 -0.49322906520062043 0.004400889952334973 -0.4932290519406958 1.1161072166473527 -0.00027714742681951457 0.004400991776896046 -0.00027739632996659215 1.378023017670701 
68  0.3623187891476749 -0.3949971811935392 0.0 -0.3949971811935392 2.7600003917887275 0.0 0.0 0.0 1.7051554796515171  0.034750631853026646 -0.05959247292565575 0.0 -0.05959247292565575 0.28935831771260384 0.0 0.0 0.0 0.11753539046375079  0.14388559177505147 -0.13516144737514077 0.00273830278680084 -0.13516144707301933 0.80225213484032 -0.00437937146318405 0.0027383042969334023 -0.0043793550464728765 0.533556167221611 
69  0.6591041539970055 -0.5559578968234935 0.0 -0.5559578968234935 1.5172108898657364 0.0 0.0 0.0 1.2253282889812904  0.0570111204720398 -0.01747205914087576 0.0 -0.01747205914087576 0.018278338561376138 0.0 0.0 0.0 0.033623945505034857  0.2009300259221075 -0.07250535870259274 0.0008696938437918534 -0.07250537276656344 0.17380179273227542 -0.0008876841900885897 0.0008696897229735425 -0.0008876651733427873 0.2364739505028943 
70  0.5868445567584268 -0.6309096086760604 0.0 -0.6309096086760604 1.7040287559685887 0.0 0.0 0.0 1.3453156390790688  2.3035180226904384 -0.4115406220138324 0.0 -0.4115406220138324 0.6634243903842297 0.0 0.0 0.0 1.3958361404308197  1.23097334200259 -0.4727125370778442 5.365435305635649e-05 -0.4727125245590484 1.06381393594668 5.3034290565378637e-05 5.351750129904237e-05 5.2979592495841766e-05 1.370979700546563 
71  0.45702016557200204 -0.30287838242469906 0.0 -0.30287838242469906 2.1880872559494384 0.0 0.0 0.0 1.2554372334436756  0.1283861678673636 -0.13475089857459074 0.0 -0.13475089857459074 0.3099323762975952 0.0 0.0 0.0 0.28874730814235655  0.26055984248396113 -0.1932165652027454 0.0021544365604972866 -0.1932165678490306 0.7791102243895707 -0.0021507478269507433 0.002154441798628099 -0.0021507434249237135 0.6289721037029086 
72  0.7162877227686671 -0.4630224607792338 0.0 -0.4630224607792338 1.3960870306902646 0.0 0.0 0.0 1.4956379650886205  1.9042205857726582 -0.8136820385311071 0.0 -0.8136820385311071 1.1095030432912647 0.0 0.0 0.0 2.6904782641737133  1.240215920269039 -0.6193535382946123 0.0018495296286936533 -0.6193535280263567 1.229098105916346 -0.00010336398438280805 0.0018494472112816143 -0.00010343781993233365 2.0314910952370036 
73  1.061910784796939 -0.6943664003839076 0.0 -0.6943664003839076 0.9416986947648548 0.0 0.0 0.0 1.0403745410945937  66.63437717483095 -47.39833969210577 0.0 -47.39833969210577 119.13666074600245 0.0 0.0 0.0 173.08701554064476  13.182291083424348 -4.10969343314903 -0.2650053320387951 -4.109693162266119 12.232423288987118 0.27373573608154644 -0.2650144467121761 0.27372622859140155 19.262688105478606 
74  0.6874161605402143 -0.6887564350635651 0.0 -0.6887564350635651 1.4547228555321394 0.0 0.0 0.0 1.398992297250468  2.7125544338962726 -2.8810048710267204 0.0 -2.8810048710267204 8.334050881260232 0.0 0.0 0.0 8.216664139959873  1.4836266446982596 -1.3508947219844616 0.004542674727314321 -1.3508946803084885 3.579446660751037 0.006425622471857736 0.004542376264179672 0.006425347600483623 3.6864329059593843 
75  1.2547841619553854 -0.658695323802819 0.0 -0.658695323802819 0.7969498104292742 0.0 0.0 0.0 1.6145238696069504  62.1393470588358 -34.236191512338145 0.0 -34.236191512338145 138.00065135508336 0.0 0.0 0.0 163.90727614130464  14.597516882010652 -3.5437153060961095 -0.30203430908692025 -3.543716102155793 13.161791524166487 0.24976573117160786 -0.3020437039775274 0.24974752272374387 22.282313778826975 
76  1.6122044757884828 -0.5628350939631788 0.0 -0.5628350939631788 0.6202687159213652 0.0 0.0 0.0 1.1821940116333542  0.03942330350844696 -0.038963230652436516 0.0 -0.038963230652436516 0.17210686083882262 0.0 0.0 0.0 0.12779968604161707  0.3479859374727692 -0.13542329793336794 0.006374864977897761 -0.13542329824373664 0.30768373861034026 -0.0030415169113839685 0.006374874552776974 -0.0030415379303643515 0.4201441600842182 
77  0.5778662073312414 -0.5828318416430973 0.0 -0.5828318416430973 1.730504375084154 0.0 0.0 0.0 1.1711946932734583  0.029571658111298933 -0.019066720572586536 0.0 -0.019066720572586536 0.07885153735720118 0.0 0.0 0.0 0.06527836839488502  0.16119780791508853 -0.09555938400329426 0.0035043194880068386 -0.09555939146538875 0.33797547083016755 -0.004569972713540491 0.0035043181790965555 -0.004569960418857622 0.3221049808695401 
78  1.0455583444753613 -0.551809819552702 0.0 -0.551809819552702 0.9564267793221798 0.0 0.0 0.0 1.365426021975379  52.149860108957924 -20.703475481300753 0.0 -20.703475481300753 26.516164468135365 0.0 0.0 0.0 62.599515306464575  11.329536763611863 -3.2617453816987143 -0.18371298022988972 -3.261745312517299 6.0740630890773595 0.1536809309573441 -0.18371697286311708 0.15367911636007817 11.626734837249808 
79  0.36559573553179403 -0.3633748950018974 0.0 -0.3633748950018974 2.7352616642133536 0.0 0.0 0.0 1.025682717243207  0.4642108992650094 -0.17323107083413292 0.0 -0.17323107083413292 0.13444095088054933 0.0 0.0 0.0 0.3540261826314678  0.40781603892217494 -0.19682084293569568 -0.00023586748098004733 -0.19682085531473778 0.5729933086251158 -0.0020113066033275217 -0.00023588199389136207 -0.0020112794996559246 0.6149721902576738 
80  0.7626059947327756 -0.4474637119064336 0.0 -0.4474637119064336 1.31129312765291 0.0 0.0 0.0 1.0966021063570246  0.06991423987116831 -0.018403139877897216 0.0 -0.018403139877897216 0.050963497190137104 0.0 0.0 0.0 0.07648934548077538  0.262793028994606 -0.09097216312084708 0.003715497952279416 -0.09097217422640318 0.267446952766569 -0.0038715032811842322 0.00371549770998447 -0.0038714908174488794 0.3316529833915128 
81  0.33719250894006636 -0.34197367150452784 0.0 -0.34197367150452784 2.9656649346790296 0.0 0.0 0.0 1.8684665971418009  3.023879850911412 -1.6843123970811682 0.0 -1.6843123970811682 1.9805123439507126 0.0 0.0 0.0 2.962273295074793  1.316025976008243 -0.871901573110186 0.0006614852761070442 -0.8719015361885093 2.252180939719308 0.0010158498282743218 0.0006611206883607722 0.001016011952147473 2.3782998827619 
82  0.8018818579841803 -0.46838212226800524 0.0 -0.46838212226800524 1.247066497443727 0.0 0.0 0.0 1.6735480077130964  0.006690064058771004 -0.006711621998769127 0.0 -0.006711621998769127 0.03708821514700089 0.0 0.0 0.0 0.01838173379935627  0.11226917931805537 -0.04171511264155809 0.0008807102392001196 -0.04171512300730775 0.19634553857647488 -0.006225882400375047 0.0008807051877255145 -0.0062258554801538826 0.22716426346882662 
83  1.7885781147101716 -0.5165156702010331 0.0 -0.5165156702010331 0.5591033412382126 0.0 0.0 0.0 1.05990458548486  0.15356034029097082 -0.13052057944300957 0.0 -0.13052057944300957 0.23564019260699987 0.0 0.0 0.0 0.21589885549743015  0.5924668674766168 -0.23560889839043175 0.006699087712641456 -0.23560889906681776 0.35615272533277864 -0.002132542349262281 0.006699112283222545 -0.002132576510754633 0.49889073148599183 
84  0.46407947959919954 -0.411979757856566 0.0 -0.411979757856566 2.1548033127076556 0.0 0.0 0.0 1.7157848766125119  1.1640831519257873 -0.47383455990080475 0.0 -0.47383455990080475 1.37537672044576 0.0 0.0 0.0 1.3725468391020248  0.7776936460638422 -0.4293277255159049 -0.0003214511431782956 -0.42932772078192843 1.7073011675922936 -5.428122927064895e-05 -0.00032153399677000745 -5.4333036438796414e-05 1.533339770817574 
85  0.5453983860046003 -0.3924607166566352 0.0 -0.3924607166566352 1.833522110920888 0.0 0.0 0.0 1.8581365138610235  0.18842804390399454 -0.10409672686767654 0.0 -0.10409672686767654 0.265524231891939 0.0 0.0 0.0 0.3788127129513186  0.3335640456128907 -0.19002238405288907 0.002494197530912992 -0.19002238900135568 0.7006989065455981 -0.00397538778587944 0.0024941947021735822 -0.003975394032652315 0.8607190573276549 
86  1.702390315516892 -0.6118572045161492 0.0 -0.6118572045161492 0.5874093566470817 0.0 0.0 0.0 1.698273073371452  1.20525267852986 -0.5715367328229068 0.0 -0.5715367328229068 2.4949310159367264 0.0 0.0 0.0 2.3376822702889557  1.4344067152761655 -0.5767828857023285 -0.0006126548239466131 -0.5767829020822527 1.2586404869861623 -0.00017766244922219523 -0.0006125922007641337 -0.00017799162493191997 2.004497199709602 
87  1.0040431574688533 -0.6410731402788015 0.0 -0.6410731402788015 0.9959731238256273 0.0 0.0 0.0 1.1509257242681263  0.016053536465684283 -0.011249282306054677 0.0 -0.011249282306054677 0.040568022527601576 0.0 0.0 0.0 0.04743661068405325  0.17073887466788243 -0.07300237280734405 0.003413666280834963 -0.07300238014191447 0.18951591185768138 -0.003942379405389782 0.0034136630513708433 -0.003942371738465012 0.25646832898033156 
88  2.616048035643705 -0.5045331828291273 0.0 -0.5045331828291273 0.38225597786240184 0.0 0.0 0.0 1.081248916775259  0.008867180763397505 -0.010340150335927016 0.0 -0.010340150335927016 0.03334133254423075 0.0 0.0 0.0 0.018888316182662797  0.1750013547567216 -0.04004745772109097 0.0001679418150756156 -0.04004746592867364 0.1078151426013705 -0.0024843527554246855 0.00016793621731193658 -0.0024843477476250314 0.17964064076088074 
89  0.9364231106624045 -0.30740705416382275 0.0 -0.30740705416382275 1.0678933364775915 0.0 0.0 0.0 1.1026403284543627  38.94060458229624 -16.70600408124043 0.0 -16.70600408124043 15.870407028057809 0.0 0.0 0.0 28.91981667236435  8.492877247122538 -2.762857629118607 -0.07373362520959474 -2.7628574163935173 4.341872146965525 0.04645025808745958 -0.07373488037709132 0.04645026982261858 7.340588490947268 
90  1.7435764181494733 -0.31960419630424575 0.0 -0.31960419630424575 0.5735337950150413 0.0 0.0 0.0 1.0874363590767118  13.363634766708735 -3.4472008293737852 0.0 -3.4472008293737852 2.302367192417722 0.0 0.0 0.0 7.664176346321567  5.3851060583877945 -1.2262176067677473 0.02996360912489914 -1.2262175877194663 1.1850813720134155 -0.01196472768711963 0.029963987385806353 -0.01196505642420471 3.2185188026839153 
91  0.5025608022829239 -0.6812921942814554 0.0 -0.6812921942814554 1.989808985216152 0.0 0.0 0.0 1.0800551316363645  10.27778730127146 -14.662533464215578 0.0 -14.662533464215578 65.55077506954507 0.0 0.0 0.0 42.9759288557558  3.2800702093320417 -2.6146215202108807 -0.07216443199252087 -2.614620600187225 10.901542847573449 0.2573066492588965 -0.07216811007639508 0.2573079193528047 9.796379768377607 
92  2.5228282456788156 -0.3455138298165821 0.0 -0.3455138298165821 0.3963805311411244 0.0 0.0 0.0 1.0572722655981772  0.4518057990604549 -0.20480462110589737 0.0 -0.20480462110589737 0.26699175168463035 0.0 0.0 0.0 0.6694066071771626  1.121494007034318 -0.2571047422487306 0.002498005092300004 -0.2571047437560676 0.325251870643253 -0.00044385762465585317 0.0024980694842194205 -0.0004439177863717321 0.8401873963871457 
93  1.1080484442942387 -0.5738820048345549 0.0 -0.5738820048345549 0.9024876169894728 0.0 0.0 0.0 1.3892876441715727  0.2459558365097016 -0.10901032251922552 0.0 -0.10901032251922552 0.3906576463409213 0.0 0.0 0.0 0.41640478054943564  0.5566964239705968 -0.2661209887841159 0.0039892678138586345 -0.26612099236472003 0.5832484092174693 -0.0024724779649924985 0.003989279050250556 -0.0024725297775890303 0.7764526021024152 
94  2.0930414869053604 -0.38071692549568054 0.0 -0.38071692549568054 0.4777736161735318 0.0 0.0 0.0 1.0150464163252848  2.0059773508628367 -0.27343044848972503 0.0 -0.27343044848972503 0.31727830362041043 0.0 0.0 0.0 0.8935000432535974  2.0459635222840262 -0.32204860428261955 8.284811705999228e-05 -0.3220486037630314 0.39000148136181356 -0.00011931256555957173 8.294194276639112e-05 -0.00011938107793503116 0.9515291296475081 
95  2.4522789496927295 -0.45862624327170687 0.0 -0.45862624327170687 0.40778395138338563 0.0 0.0 0.0 1.7975326085009684  3.2297594397158353 -1.215564268267597 0.0 -1.215564268267597 4.64140048039725 0.0 0.0 0.0 6.4484031904600245  2.8144672414541825 -0.7008177208600136 0.0037018785957138754 -0.7008177832988781 1.6719232010666436 -0.0051863452435400815 0.003702127203350596 -0.005187159378488402 3.5636236399093004 
96  2.6659845010044796 -0.6178027578034038 0.0 -0.6178027578034038 0.3750959540924652 0.0 0.0 0.0 1.9674558409691  85.47463054005698 -25.138347847742605 0.0 -25.138347847742605 27.857402301816197 0.0 0.0 0.0 56.69141665713946  19.486710587289537 -3.639830449923218 -0.06604378453301776 -3.639832332494911 5.108416928849501 0.08369112340623862 -0.06604138805817113 0.08368212859638101 12.790074822338859 
97  2.915700970571052 -0.37413614287637653 0.0 -0.37413614287637653 0.34297069901655447 0.0 0.0 0.0 1.8102741997965608  0.08994560164371006 -0.024851733652434635 0.0 -0.024851733652434635 0.03053597836316079 0.0 0.0 0.0 0.10028337061093359  0.5818444132976404 -0.08633079179676606 0.004680651445566662 -0.08633079973579844 0.11998723913078177 -0.0041118337355512645 0.004680635016851531 -0.004111832847977422 0.42804800540694626 
98  1.1926307803438314 -0.520494149048443 0.0 -0.520494149048443 0.8384824679031875 0.0 0.0 0.0 1.7519842357716382  24.120622364855613 -17.610096983922528 0.0 -17.610096983922528 121.34835604654944 0.0 0.0 0.0 107.35594630048199  8.062944872489856 -2.5689878305886364 -0.050265782352529216 -2.568987904731153 12.21736657933123 0.24603062968782705 -0.05026906076939141 0.24601955911068096 18.249823443588063 
99  0.4592589280989462 -0.628462918488805 0.0 -0.628462918488805 2.1774209249222314 0.0 0.0 0.0 1.4307488637364842  65.63271595143088 -22.93351162895037 0.0 -22.93351162895037 26.544970405223964 0.0 0.0 0.0 53.58915070297295  10.54794250609406 -3.327017923952199 -0.5369694854660904 -3.3270159279266056 7.824872635247998 0.2177767384104847 -0.5369840178639466 0.21777980243586217 11.863123466830837 
