0  1.649035201487875 -0.5855201227156196 0.0 -0.5855201227156196 0.6064151930157282 0.0 0.0 0.0 1.3582028975497469  30.102668091031394 -10.921644145890175 0.0 -10.921644145890175 38.37284072257166 0.0 0.0 0.0 61.87299344615311  6.978548966225982 -1.6957821759476908 -0.6524362225361786 -1.6957822097962556 3.57784580677328 -0.4983812424084135 -0.6524362465372756 -0.4983811187566463 7.560170125323839
1  1.4387079577569861 -0.5206728985833494 0.0 -0.5206728985833494 0.695068095375692 0.0 0.0 0.0 1.330870778711335  1.3804202375593464 -1.451291467541572 0.0 -1.451291467541572 6.135799646484187 0.0 0.0 0.0 3.0017172870135767  1.3614768728226359 -0.7108020352568276 0.007273801048756342 -0.7108020218189851 1.8563726011144048 -0.027722030137738992 0.007273740475953225 -0.027721979534999327 2.0066793685943054
2  0.3728306801441609 -0.3918901398396627 0.0 -0.3918901398396627 2.6821826991634223 0.0 0.0 0.0 1.2667075065156685  25.49622805522588 -8.942677513266277 0.0 -8.942677513266277 25.459607689951667 0.0 0.0 0.0 26.485846282066667  3.704169681507011 -1.5542234460836233 -0.38139452247122646 -1.5542235631130126 6.979625657968203 -0.31175033662403145 -0.38139445635453606 -0.3117504770883805 6.352714710774373
3  0.692060972652297 -0.6823474068188726 0.0 -0.6823474068188726 1.444959388719087 0.0 0.0 0.0 1.9342538467312362  0.025787299513031794 -0.015262176873177768 0.0 -0.015262176873177768 0.03626924892537612 0.0 0.0 0.0 0.04234627225462226  0.18734704068596958 -0.10741771903568341 -0.01842160000234122 -0.10741767150297281 0.28073955432984765 -0.00827729207978992 -0.01842161575007062 -0.008277290682121267 0.40502305230580604
4  1.0925848272527514 -0.5732409055972796 0.0 -0.5732409055972796 0.915260742284376 0.0 0.0 0.0 1.3955686313312907  17.230995515317964 -12.120967048472899 0.0 -12.120967048472899 45.98820136630034 0.0 0.0 0.0 29.551210688589492  4.520024855198582 -1.6309324910773573 -0.34476714773619543 -1.630932567521598 4.3300506895038495 -0.41842218600606856 -0.3447671269740649 -0.41842219148266324 6.193811902824968
5  0.5120881249868353 -0.5622042573423914 0.0 -0.5622042573423914 1.9527888877050368 0.0 0.0 0.0 1.2382074912280574  81.0560070770776 -36.83951744878647 0.0 -36.83951744878647 74.36549250178373 0.0 0.0 0.0 84.4441273270653  5.715377202839664 -2.3296854003597782 -0.7283135055937565 -2.329685615363586 7.8053141767459255 -0.9210036383374989 -0.7283134306678729 -0.9210038746871038 9.060203727057267
6  2.9694733807860914 -0.6253276238303491 0.0 -0.6253276238303491 0.33676004858992065 0.0 0.0 0.0 1.363387513815388  1.4538043512454277 -0.8426258693968981 0.0 -0.8426258693968981 1.800014069096168 0.0 0.0 0.0 2.3654121781998145  2.106080326700289 -0.6504961608947711 0.011445923594650145 -0.6504961403314754 0.77294526246142 -0.008611454599835436 0.011445828290348205 -0.008611395805662198 1.7889606025140519
7  1.17398980302541 -0.4272961584019131 0.0 -0.4272961584019131 0.8517961548072799 0.0 0.0 0.0 1.2275067175158707  0.22393215266181013 -0.034254588846029346 0.0 -0.034254588846029346 0.05353818034703175 0.0 0.0 0.0 0.1198823908994402  0.5756616145929364 -0.14001460107848746 -0.01322284033815745 -0.1400145935663314 0.2762889131784488 -0.006839254085516755 -0.0132228452556187 -0.006839251855038658 0.4837607149997106
8  2.853291668138204 -0.44720842753079615 0.0 -0.44720842753079615 0.35047240741865976 0.0 0.0 0.0 1.0029988222414137  7.851163899336143 -2.7274298413108204 0.0 -2.7274298413108204 2.011346070536743 0.0 0.0 0.0 5.57092542253887  4.485468463020605 -1.0854745678547215 -0.02997256028327493 -1.0854745468194902 0.8420133311810155 -0.002518457021156492 -0.02997264681296028 -0.0025183910169205453 2.3898124442399906
9  1.701778686829832 -0.49799734343196006 0.0 -0.49799734343196006 0.5876204748238184 0.0 0.0 0.0 1.3345234732857978  0.39706684953247257 -0.2203914820644879 0.0 -0.2203914820644879 0.28315694036883343 0.0 0.0 0.0 0.3978356847786232  0.9156985725676642 -0.3291094848293338 -0.01390052057443738 -0.32910945717574974 0.41588258616882257 -0.000205619589144303 -0.013900569240572777 -0.0002055900015536035 0.7744474490106426
10  0.4925431107130423 -0.44210560895975726 0.0 -0.44210560895975726 2.0302791334393553 0.0 0.0 0.0 1.322575605500546  5.541620602619982 -1.3548428383205555 0.0 -1.3548428383205555 1.063302712330249 0.0 0.0 0.0 4.2071522740449145  1.857422381334116 -0.6588842524310159 -0.057915133534762915 -0.6588842750431587 1.407518601285522 0.024231617210920067 -0.05791514320451164 0.02423166103217297 2.3721457623380684
11  0.5787987748708118 -0.5404212633849712 0.0 -0.5404212633849712 1.7277161656453066 0.0 0.0 0.0 1.7141947839033065  0.1410900466152684 -0.02350153858036028 0.0 -0.02350153858036028 0.027453596093064102 0.0 0.0 0.0 0.07392903583221347  0.29214171453492255 -0.1136425645805205 -0.004944657737292598 -0.11364255787540377 0.3296111900802613 -0.020023856499168748 -0.004944644769927081 -0.02002389680741867 0.48433905894310614
12  2.5896950304698567 -0.4039430691089629 0.0 -0.4039430691089629 0.3861458543319546 0.0 0.0 0.0 1.1675705056360843  33.62923717927089 -18.603752491720762 0.0 -18.603752491720762 67.15379402353463 0.0 0.0 0.0 75.20418274648786  8.810728268075017 -1.533110994931803 -0.6800714622919918 -1.5331109859965548 3.208641158698871 -0.4982958747553043 -0.6800714444001237 -0.49829574768551294 7.958890583331665
13  0.4798436404463668 -0.32801057192171806 0.0 -0.32801057192171806 2.084012198368965 0.0 0.0 0.0 1.1801572481197542  0.03470442074484263 -0.028879390329948264 0.0 -0.028879390329948264 0.10607394747952716 0.0 0.0 0.0 0.10467534170076025  0.1933037395008402 -0.09690206617212746 -0.012693193289493771 -0.09690200913370443 0.5307370684564584 -0.02048622598132989 -0.012693232501609343 -0.02048618910854263 0.46035492320302446
14  0.33779481040934867 -0.5638173332208355 0.0 -0.5638173332208355 2.9603770371373486 0.0 0.0 0.0 1.3021900147383656  7.387678487029696 -5.03385425860608 0.0 -5.03385425860608 16.908304473812453 0.0 0.0 0.0 15.696013806405729  2.0128010451072798 -1.4392566004628091 -0.17641247945722993 -1.4392566925936257 6.281414082206081 -0.12887120580203196 -0.17641245957021204 -0.12887129373269307 4.8258656872999754
15  1.1173099313691608 -0.33865701762094114 0.0 -0.33865701762094114 0.8950068122768691 0.0 0.0 0.0 1.5550699539199715  0.10520327071744161 -0.019168555346467827 0.0 -0.019168555346467827 0.01591860179358087 0.0 0.0 0.0 0.06349643555077349  0.4355786464607978 -0.08777123024755931 -0.022810314191673516 -0.08777120990053462 0.20489251768715971 -0.012326026392902856 -0.022810295380732957 -0.012326076225102926 0.424246989322194
16  1.0230200856436928 -0.4780299359063318 0.0 -0.4780299359063318 0.9774979142963666 0.0 0.0 0.0 1.7891505248040582  47.82771576852632 -26.113863273811994 0.0 -26.113863273811994 77.07836420431515 0.0 0.0 0.0 84.50246991376214  6.923510137727558 -2.0105820989253105 -0.8207277192214951 -2.0105822016395547 5.601711167365096 -0.7619684274973519 -0.8207276213646421 -0.7619684642530117 9.875150877570182
17  2.737925775931238 -0.4227753443694246 0.0 -0.4227753443694246 0.365239996201093 0.0 0.0 0.0 1.703766745678496  35.32536324160344 -26.50543208551658 0.0 -26.50543208551658 41.815516727432595 0.0 0.0 0.0 40.62209653205962  8.195995785766051 -1.906473932610608 -0.386128420092053 -1.9064739116735825 2.922717605826502 -0.27380930256247965 -0.38612834354860426 -0.2738092340429071 7.564872382796689
18  0.33819317981048436 -0.5886337712647486 0.0 -0.5886337712647486 2.9568899070063357 0.0 0.0 0.0 1.682332931682025  23.051379353709287 -9.021121683605204 0.0 -9.021121683605204 7.458575315657232 0.0 0.0 0.0 16.0635026725359  3.332567377959416 -1.689012448519115 -0.2707866586083295 -1.6890125324869785 3.957417396081549 0.06190930875548317 -0.27078666228333464 0.06190934856243137 5.24247159132288
19  1.1623666671781243 -0.3380205099374386 0.0 -0.3380205099374386 0.8603137273608322 0.0 0.0 0.0 1.6650965431621612  1.693944371417346 -2.4282778966172893 0.0 -2.4282778966172893 8.902751318439503 0.0 0.0 0.0 6.722886388849718  1.2680851096786425 -0.7667046086032112 0.015294605803461578 -0.7667045965266477 2.510069541108011 -0.0576072123926495 0.015294551238494679 -0.05760718015402485 3.3334629729461795
20  3.005407535404471 -0.3946215968329344 0.0 -0.3946215968329344 0.3327335771337976 0.0 0.0 0.0 1.1649434739308389  1.462368460067812 -0.5812022280114714 0.0 -0.5812022280114714 1.0272696075739745 0.0 0.0 0.0 2.349361293133344  2.12492880047486 -0.4465769555990677 0.013631023945084088 -0.44657694243185053 0.5898301375838555 -0.004456483437382016 0.013630935131901669 -0.0044564360262557955 1.6514542838116102
21  1.0099199191686998 -0.41593655682272074 0.0 -0.41593655682272074 0.9901775190483764 0.0 0.0 0.0 1.2182718588958814  0.15254418405927686 -0.06407956209147375 0.0 -0.06407956209147375 0.23557423608873895 0.0 0.0 0.0 0.19120916565998902  0.47722126313224417 -0.17936690029686453 -0.012870251539571595 -0.17936687294192463 0.5054370304201609 -0.004369879420813421 -0.012870284748990185 -0.004369844272064059 0.5745929433324598
22  0.4084166320542203 -0.5249671744962625 0.0 -0.5249671744962625 2.4484801095643007 0.0 0.0 0.0 1.0105428394742704  16.57267302560617 -2.508287181679773 0.0 -2.508287181679773 3.587344947910935 0.0 0.0 0.0 14.910945746946116  2.837515403962496 -0.8748258629067553 -0.2517422597520774 -0.874825933598946 2.8948032520146363 0.006174688224835668 -0.2517422640965169 0.0061747139181162385 4.068695610067883
23  1.6768606392006864 -0.3872114320881788 0.0 -0.3872114320881788 0.5963524795218955 0.0 0.0 0.0 1.2031385382112554  1.9546017429335614 -0.879438064560548 0.0 -0.879438064560548 1.836227338780789 0.0 0.0 0.0 3.141065113728142  1.7869159622038293 -0.5644193115626343 0.0021411507789110946 -0.5644193051969809 1.0417684345218468 -0.00801628926892166 0.0021410932506284197 -0.008016240865387736 1.948659892056438
24  0.5569946266990746 -0.5976972240915366 0.0 -0.5976972240915366 1.7953494559297898 0.0 0.0 0.0 1.560100335973323  0.8743627849647266 -0.30824480681437705 0.0 -0.30824480681437705 0.8902038346264497 0.0 0.0 0.0 0.9454311916611698  0.6855542205911896 -0.4343933202894203 0.0038643952628268337 -0.4343933335355115 1.2786021429773329 -0.0019383681902545632 0.0038643601858573693 -0.0019383047785224094 1.2337680918878855
0  1.968428803337686 -0.5358686979256944 0.0 -0.5358686979256944 0.5080193900355404 0.0 0.0 0.0 1.1462585630694726  0.013828465210497807 -0.004780854764151226 0.0 -0.004780854764151226 0.008373232076421816 0.0 0.0 0.0 0.01480570458793607  0.1984140845411756 -0.04659200291582229 0.01108452420452574 -0.04659199871781811 0.12473484408203922 -0.01215989192145555 0.011084519074887708 -0.01215989819682226 0.2275351859767109 
1  0.7474163135195555 -0.6855488548051738 0.0 -0.6855488548051738 1.3379424316965165 0.0 0.0 0.0 1.992516217926147  0.4631487004086478 -0.13095583519423606 0.0 -0.13095583519423606 0.3110568502147254 0.0 0.0 0.0 0.3835133783345999  0.5716300738384843 -0.34553972259638827 0.0072578464937613635 -0.34553971823766466 0.7068168327158295 -0.013274948895536758 0.007257909026745258 -0.013275000026258268 0.9468792178754835 
2  2.7854870026057936 -0.5571240569857425 0.0 -0.5571240569857425 0.35900364965426534 0.0 0.0 0.0 1.8344297857308043  110.69627649174018 -31.85488157431681 0.0 -31.85488157431681 23.692508359481486 0.0 0.0 0.0 54.62057100315286  13.046800301906286 -2.7955223668083127 0.014806420061218134 -2.7955230201456716 3.9705123022757136 -0.34975423016157303 0.014814435041696697 -0.3497619362994231 10.497641277849496 
3  1.2683883541553596 -0.6242543919115382 0.0 -0.6242543919115382 0.7884020668621766 0.0 0.0 0.0 1.2045209949707347  0.03666814645446738 -0.020456083979761296 0.0 -0.020456083979761296 0.02720804122140389 0.0 0.0 0.0 0.03442502447689363  0.2572730911423447 -0.10796088607985124 0.009203191255042644 -0.10796088168257731 0.2171903270020224 -0.015980100474765575 0.009203196364386896 -0.015980112557520038 0.29489848262819346 
4  0.89790995828663 -0.36026716615538484 0.0 -0.36026716615538484 1.113697415616345 0.0 0.0 0.0 1.1970607167533627  0.544161188921431 -0.8384807339298946 0.0 -0.8384807339298946 4.640431588138641 0.0 0.0 0.0 2.166881534214628  0.688208354519159 -0.5123372851390192 0.003215300317252923 -0.5123372783836575 2.3139136434158285 -0.012521309031492065 0.003215447383918819 -0.012521712172442976 1.6142822950036442 
5  0.642542821013009 -0.4941809529775867 0.0 -0.4941809529775867 1.5563165088724162 0.0 0.0 0.0 1.2676445674399488  15.41142607888641 -17.244013727626733 0.0 -17.244013727626733 127.88805746128241 0.0 0.0 0.0 54.02288808199849  3.3148787049832174 -1.8507488676918935 0.0693579986965097 -1.850749135683844 11.448848901429763 -0.7306184971845106 0.06936187209546621 -0.7306271011885986 8.555499066490066 
6  1.6393432534140702 -0.44538973052044006 0.0 -0.44538973052044006 0.6100003754048555 0.0 0.0 0.0 1.3833312884319457  0.11912995585913627 -0.02571366031351883 0.0 -0.02571366031351883 0.027405569074476856 0.0 0.0 0.0 0.07955588506687902  0.48721082326729953 -0.11783490199642022 0.0023712188885883965 -0.11783489666244323 0.21539940433003252 -0.014625332087750811 0.0023712348573108094 -0.014625347062206941 0.4390844926089781 
7  0.8462537887817276 -0.4399580659143791 0.0 -0.4399580659143791 1.1816786090135045 0.0 0.0 0.0 1.1791519960215175  0.27177642137455355 -0.03782015620254235 0.0 -0.03782015620254235 0.028601808225276186 0.0 0.0 0.0 0.1293997555361423  0.4846452751262828 -0.14656029957793362 0.003735984100826343 -0.14656029831436845 0.35843865135073666 -0.020861126162166534 0.0037360181867863505 -0.02086114698432125 0.47905646763430487 
8  0.6464943981567531 -0.33182255489420115 0.0 -0.33182255489420115 1.5468038127648767 0.0 0.0 0.0 1.033079145658847  0.42390334399171636 -0.09850009511326362 0.0 -0.09850009511326362 0.20213712778585224 0.0 0.0 0.0 0.30958733004611627  0.5254755308704211 -0.18407688648718915 0.0012632769693585702 -0.18407688728712654 0.6764344668467428 -0.011394420155381457 0.001263330891228913 -0.011394467557962154 0.6116426584179426 
9  0.3974344013866144 -0.6994840542873408 0.0 -0.6994840542873408 2.5161385036400628 0.0 0.0 0.0 1.3347608960147805  2.062283572865646 -2.519775639837722 0.0 -2.519775639837722 9.277607171107304 0.0 0.0 0.0 5.22921096359136  0.9475390301217655 -1.2371292989097011 0.010338228532909579 -1.2371292784888532 4.767318424497727 -0.057888938068647526 0.010338756477169005 -0.05788989187697798 2.6826597087910122 
10  0.4913750526328172 -0.536298494195014 0.0 -0.536298494195014 2.03510535311457 0.0 0.0 0.0 1.0163914736144377  0.09760054589639096 -0.08769558798878695 0.0 -0.08769558798878695 0.16890776309489938 0.0 0.0 0.0 0.16140629727759478  0.2360733915141862 -0.20779333519199883 0.004083008089836578 -0.20779334303159464 0.7081497591362613 -0.018754193141340737 0.004083037580759629 -0.018754238773251795 0.4623596776348728 
11  1.4916857736885356 -0.6444747623417206 0.0 -0.6444747623417206 0.6703824744049616 0.0 0.0 0.0 1.0368311189268467  11.540105094185371 -10.006839808276139 0.0 -10.006839808276139 68.97190681760969 0.0 0.0 0.0 38.69407833180562  4.058867131407319 -1.7059073985245408 -0.07329630250438361 -1.7059078642305334 6.515543001153019 -0.4490693789579542 -0.07329352313930171 -0.44907653594624053 6.686938398357521 
12  2.3890047220698927 -0.61944416127015 0.0 -0.61944416127015 0.41858435471553834 0.0 0.0 0.0 1.8916132675140027  23.80434625874621 -3.0749315901179957 0.0 -3.0749315901179957 2.7115752576582137 0.0 0.0 0.0 8.782090687822075  6.712621118466903 -1.205526790083928 -0.05252160360328432 -1.2055268487015771 1.2442102998403333 -0.035433683347245774 -0.052520273109847714 -0.035434679099018825 4.205441806997987 
13  1.0889112442748894 -0.4530981413774864 0.0 -0.4530981413774864 0.9183484928249632 0.0 0.0 0.0 1.4100949190450311  0.05165016890975228 -0.04468203826039152 0.0 -0.04468203826039152 0.18451458518278652 0.0 0.0 0.0 0.14701322057510133  0.3133955245571988 -0.14416863135061253 0.007210716028554845 -0.14416862814778172 0.45382150509914804 -0.011684920550209702 0.007210734396787711 -0.011684957761876117 0.534706483817631 
14  1.2312037231229602 -0.5417829541502066 0.0 -0.5417829541502066 0.812213268380549 0.0 0.0 0.0 1.1266569340667896  45.29376056908331 -19.542622234818595 0.0 -19.542622234818595 32.649339586950006 0.0 0.0 0.0 61.94975977918544  6.531933765080283 -2.202820774690838 0.05727281319864843 -2.2028210261125296 5.6947167779596555 -0.4521161101236954 0.05727827970847332 -0.4521230568774906 8.387484112429545 
15  0.9062955787191803 -0.3465644693904525 0.0 -0.3465644693904525 1.1033927820912988 0.0 0.0 0.0 1.8232430016060854  46.82139362183796 -37.50722779120456 0.0 -37.50722779120456 98.8551884521124 0.0 0.0 0.0 121.54637972082372  6.190879307159351 -2.3917900310975875 0.1344515734977504 -2.39179039335454 10.368653863384695 -0.7246257804584725 0.1344592533903838 -0.7246386061201293 12.973431488178031 
16  1.1229979656136126 -0.33416744494054673 0.0 -0.33416744494054673 0.8904735632834332 0.0 0.0 0.0 1.6524366513327027  3.816065631548266 -0.8346377447403862 0.0 -0.8346377447403862 2.003651845980837 0.0 0.0 0.0 3.1538649832152346  2.064610884551212 -0.525707529547794 -0.004697539512430713 -0.5257075283754687 1.3632063152711131 -0.006033051336712454 -0.004697153609307047 -0.00603340375522591 2.2902897763494905 
17  2.999144871572693 -0.4071115919363852 0.0 -0.4071115919363852 0.33342837469389053 0.0 0.0 0.0 1.361601615578591  3.1878526322664733 -3.338462627955243 0.0 -3.338462627955243 10.864117529204321 0.0 0.0 0.0 6.695888777746409  2.8350565370339273 -0.9873823050822815 0.026343720082023472 -0.9873823288362082 2.4514487071304454 -0.06578859471656641 0.026344619974646204 -0.06579030356070555 3.1763489299510144 
18  1.466486680629668 -0.40811404755641956 0.0 -0.40811404755641956 0.6819018632822688 0.0 0.0 0.0 1.485893360141221  8.893882219248198 -1.9911119045034433 0.0 -1.9911119045034433 1.8046482786099285 0.0 0.0 0.0 6.71823876621623  3.503707957262607 -0.8498893327307842 -0.01945918012105179 -0.8498893341361085 1.119601311844693 -0.012499597096674376 -0.019458354170159113 -0.012500142840311642 3.2247451643995437 
19  1.3234693195771556 -0.6080515328767824 0.0 -0.6080515328767824 0.7555898615915758 0.0 0.0 0.0 1.420508147574955  0.7775786834396317 -0.5439380624760676 0.0 -0.5439380624760676 1.4201646261391632 0.0 0.0 0.0 1.845766375001707  1.0263425036885985 -0.5655030839075704 0.0008507280471265808 -0.5655030819870985 1.0386649700626562 -0.0020120519657491256 0.0008508802070739657 -0.002012282394018093 1.6156523995418124 
20  2.4936403237499087 -0.5286413703680863 0.0 -0.5286413703680863 0.4010201433124931 0.0 0.0 0.0 1.048217340199198  4.8036417209692335 -1.4791622024578628 0.0 -1.4791622024578628 2.3829376457606455 0.0 0.0 0.0 4.00555973824034  3.4123475186488825 -0.8640990592413719 -0.006062498191068103 -0.8640990846909528 1.1039302797910038 -0.019524518081764038 -0.006061843873641503 -0.019525095948007207 2.141621557237133 
21  0.9330849243596486 -0.37661843969919084 0.0 -0.37661843969919084 1.071713810708359 0.0 0.0 0.0 1.766654084609374  30.545894155246526 -20.293489144523658 0.0 -20.293489144523658 32.89871596196167 0.0 0.0 0.0 32.93160913848298  4.947515606372307 -2.2604626119358553 0.0975911534605037 -2.2604627766277514 6.216041565052888 -0.36142378870731773 0.09759505577629866 -0.36142898283918296 7.779755571563164 
22  2.640853359736657 -0.41919630089012055 0.0 -0.41919630089012055 0.3786654780785401 0.0 0.0 0.0 1.7211529465662787  19.695786773759735 -3.8751415571737 0.0 -3.8751415571737 4.714831604726779 0.0 0.0 0.0 18.119317947820182  6.8235935196948425 -1.2448030931674785 -0.07395193023648704 -1.2448032089683678 1.7413212342308368 -0.09073772457828162 -0.07394970912486563 -0.09073964957542362 5.8343755715456735 
23  0.6154404615814363 -0.33904897315532145 0.0 -0.33904897315532145 1.624852544518115 0.0 0.0 0.0 1.3783747863523765  0.28569767996668693 -0.294472662532891 0.0 -0.294472662532891 0.9936147170116745 0.0 0.0 0.0 0.7731443848053343  0.43181775743975764 -0.32014275993858815 -0.0004231900283747407 -0.32014276399879066 1.2875386802547741 -0.0027051615525746486 -0.00042311845604400356 -0.002705280631265954 1.0496385929926082 
24  1.8262293144449797 -0.4648403233664704 0.0 -0.4648403233664704 0.5475763597102897 0.0 0.0 0.0 1.5470936188676323  62.045371102484765 -9.792311107979225 0.0 -9.792311107979225 8.170368243493582 0.0 0.0 0.0 32.98734131223343  8.599746728902113 -1.6226695746969402 -0.0043664020934380526 -1.6226696920811372 2.6059333033458403 -0.19430641001298615 -0.004362150566817146 -0.19430959821068017 7.471521746520035 
25  1.7676119166825497 -0.32829990031457235 0.0 -0.32829990031457235 0.5657350409114676 0.0 0.0 0.0 1.0111579802116817  0.006012766909141703 -0.00737121045089215 0.0 -0.00737121045089215 0.05283126974914396 0.0 0.0 0.0 0.028399636365518753  0.07432676071772781 -0.02576046435276272 0.005866077536511195 -0.025760434168129256 0.1800340057717719 0.00018727830625200193 0.005866134958478083 0.00018720647594845703 0.1742578157664731 
26  2.1715216345661674 -0.518230119879152 0.0 -0.518230119879152 0.46050657938749145 0.0 0.0 0.0 1.1659144819455036  35.43033964451683 -11.637786446861849 0.0 -11.637786446861849 36.49597013174416 0.0 0.0 0.0 54.36559983413266  9.580595318659965 -2.3380767103837226 0.46020902663493307 -2.338076591466662 8.086193988002977 -0.8835774946018761 0.46021043693935704 -0.883579116526413 12.434906686582735 
27  0.43860645840502 -0.48666552851737066 0.0 -0.48666552851737066 2.2799481878047847 0.0 0.0 0.0 1.1111194335738215  0.04279061871709328 -0.07561666904547393 0.0 -0.07561666904547393 0.34051087380060546 0.0 0.0 0.0 0.13893537831297526  0.14316808555554889 -0.16101012363781883 0.004146480022941233 -0.16101007965492778 0.8583520479627097 0.0015973213018114557 0.00414655528395203 0.0015971508457059793 0.41965768094888645 
28  1.8444214302084785 -0.604323931003987 0.0 -0.604323931003987 0.5421754397458763 0.0 0.0 0.0 1.2115361455822042  0.4444136982897075 -0.14202224301140257 0.0 -0.14202224301140257 0.3728047289385194 0.0 0.0 0.0 0.444092620621774  0.8748109934077133 -0.2839536373773965 0.005595997298140309 -0.28395362708838073 0.4276967697356818 -0.0018334546222025325 0.005596200295613559 -0.0018335891710939943 0.7489877240873053 
29  2.748659725740954 -0.697019667550853 0.0 -0.697019667550853 0.36381367640202567 0.0 0.0 0.0 1.8959960250340437  27.142204853032364 -6.141454303751017 0.0 -6.141454303751017 9.603734332105416 0.0 0.0 0.0 25.029625904198188  8.933628475360534 -1.9832180646062785 0.23752451763993082 -1.9832181142799947 3.285961285357909 -0.15603857375819072 0.23752582246867537 -0.1560392706425722 8.561897837042178 
30  1.051034244772889 -0.4569470689440658 0.0 -0.4569470689440658 0.9514437849892162 0.0 0.0 0.0 1.1270101264614636  12.223028374600563 -4.133708738993436 0.0 -4.133708738993436 3.671643543402657 0.0 0.0 0.0 8.905771856753637  3.758652170620652 -1.319014242036073 0.10337980268990789 -1.3190142908033162 1.9028579904058147 -0.03865181922403629 0.10338048051287689 -0.03865235020637827 3.7185928890232596 
31  1.2985317186416443 -0.4216205118133662 0.0 -0.4216205118133662 0.7701005571477841 0.0 0.0 0.0 1.1216197548685343  1.9244090943006933 -0.8982143376351389 0.0 -0.8982143376351389 3.912728902640751 0.0 0.0 0.0 3.4391631333704105  1.5893348063912829 -0.6110505431450426 0.004658216696595061 -0.6110505494523852 1.9631229863700494 -0.0025139232202669535 0.004658491343645317 -0.002514217619509073 2.0941225153913785 
32  0.35649751933160306 -0.5849112926111698 0.0 -0.5849112926111698 2.805068607138976 0.0 0.0 0.0 1.4268215757609939  5.283841869745213 -1.1471076627966315 0.0 -1.1471076627966315 0.7550810553929221 0.0 0.0 0.0 3.4659638544988782  1.5425643752603544 -0.6303254812675876 0.03047270099454259 -0.6303254879018395 1.4684959398644506 -0.00492372634206026 0.03047319714197319 -0.004924397357018792 2.2951358222652787 
33  1.2026331793931329 -0.5806845602579284 0.0 -0.5806845602579284 0.8315087402666002 0.0 0.0 0.0 1.445894183686526  27.282422988591666 -7.533281259605196 0.0 -7.533281259605196 12.291027837140506 0.0 0.0 0.0 27.903382665172437  6.408252023164768 -1.897191651048469 0.31586926822438555 -1.897191725028553 4.414272689675892 -0.19274659671091557 0.3158704070265659 -0.19274749173851932 8.291565684408285 
34  0.6776116601774308 -0.4883938278926848 0.0 -0.4883938278926848 1.4757715351860277 0.0 0.0 0.0 1.1014187814004042  7.860176094295456 -11.870492317627436 0.0 -11.870492317627436 70.94049108031686 0.0 0.0 0.0 26.153061366764817  2.6122247398828886 -2.026966734817342 0.21408197649077879 -2.026966756004282 13.11601653190134 -0.41594730028217836 0.2140828863831307 -0.4159489159842783 7.526500773784555 
35  0.5631283356968383 -0.49091747020078835 0.0 -0.49091747020078835 1.7757941424889563 0.0 0.0 0.0 1.9821463009737583  29.90993736707352 -12.75196996900319 0.0 -12.75196996900319 12.72438273290058 0.0 0.0 0.0 31.54037301124847  5.20734824364484 -2.257685193099205 0.4574623486686376 -2.2576852582291935 4.862285397275111 -0.20828594499000602 0.45746345708971253 -0.20828701312564665 9.37140100945717 
36  0.7881875126145494 -0.4053245144442591 0.0 -0.4053245144442591 1.268733624924903 0.0 0.0 0.0 1.5303697587224192  44.507188220412125 -35.721298614164866 0.0 -35.721298614164866 142.75569656118392 0.0 0.0 0.0 81.5776108872206  7.654465493378068 -3.0103391934440227 0.9529312500343329 -3.0103389661553286 20.656561408563952 -1.7212882463112633 0.9529321976178573 -1.7212906432874755 17.216919473136596 
37  0.37324042133100144 -0.598826329382999 0.0 -0.598826329382999 2.6792382144300717 0.0 0.0 0.0 1.7396227038538108  0.08871879411937647 -0.019430403075392712 0.0 -0.019430403075392712 0.009255842380825182 0.0 0.0 0.0 0.030932402106889415  0.1554195083067297 -0.0633354018451865 0.0034826643573645875 -0.06333544573617968 0.21293482047753085 -0.0053707533848282325 0.0034828467583216333 -0.005371206705293507 0.23263901939708526 
38  0.3887949765983904 -0.47497021775237064 0.0 -0.47497021775237064 2.5720496924860217 0.0 0.0 0.0 1.4079756050933119  10.23163593124804 -3.8377792377115196 0.0 -3.8377792377115196 7.236043201954897 0.0 0.0 0.0 8.640045052777879  2.494476631254277 -1.2119868906773712 0.1186213493553782 -1.2119869603895759 4.356531819089797 -0.03870394546900129 0.11862202122265371 -0.03870475149423746 4.019122369534958 
39  1.4323950245783288 -0.5913830578735646 0.0 -0.5913830578735646 0.6981314391917703 0.0 0.0 0.0 1.464078800049406  34.468510221014945 -9.530528377120707 0.0 -9.530528377120707 6.670072584898933 0.0 0.0 0.0 16.261170571110906  7.031758146361938 -2.0247232740542955 0.22791101042281198 -2.0247233529081607 2.491877495089369 -0.09106569756797839 0.22791211077388676 -0.09106637202838627 6.002251853303964 
40  1.596180950421611 -0.41220570672275547 0.0 -0.41220570672275547 0.6264953855863664 0.0 0.0 0.0 1.2179864512231209  4.3742376159752245 -1.590794605106906 0.0 -1.590794605106906 4.2149233115005105 0.0 0.0 0.0 5.253996716119842  2.693166243402197 -0.8320919007051021 0.023687730416325957 -0.8320919258331049 1.9636149596913608 -0.012854611430312607 0.023688144090637235 -0.012854963264850902 2.8001436089000737 
41  0.7763500767236756 -0.41441304254565203 0.0 -0.41441304254565203 1.2880787031285728 0.0 0.0 0.0 1.372898267760129  100.05635559891405 -44.67459550577528 0.0 -44.67459550577528 42.898508955532634 0.0 0.0 0.0 107.14627997968297  9.948521853598882 -3.5146225527121224 1.1695278825172868 -3.514622540754612 9.265770768547462 -0.9512690194910852 1.1695279340124962 -0.9512700996815625 17.54660925892335 
42  2.8818133156377166 -0.4736106032066737 0.0 -0.4736106032066737 0.347003740517699 0.0 0.0 0.0 1.131567518984655  1.1174258468720666 -0.7943756037801183 0.0 -0.7943756037801183 1.2843634461675806 0.0 0.0 0.0 2.094095881024417  1.7097122486960248 -0.6106520452470229 -0.005087814256876645 -0.6106520486475371 0.7436585696469765 -0.0005807120275778117 -0.005087621445089561 -0.0005808686432577976 1.5691087053554142 
43  1.9357135179037128 -0.3841214662148976 0.0 -0.3841214662148976 0.5166053709657167 0.0 0.0 0.0 1.8417948026138786  0.13891692505842507 -0.18371819089633976 0.0 -0.18371819089633976 0.5309787262150573 0.0 0.0 0.0 0.27349011692793046  0.4812203843586646 -0.22018537868857263 0.011387360057214385 -0.2201853502826695 0.5167218556619037 -0.0012998546270154923 0.011387510865948188 -0.0012999800479440485 0.741628870777601 
44  2.0007597953708656 -0.3737420188632397 0.0 -0.3737420188632397 0.4998101232910059 0.0 0.0 0.0 1.2147101441776293  1.0052120009313548 -0.2729511892992747 0.0 -0.2729511892992747 0.22972605939519833 0.0 0.0 0.0 0.5925317564168051  1.3944103748569494 -0.3178296399630316 0.002790091506410908 -0.31782964767520444 0.34706756202473704 -0.00018889296204238008 0.002790335149849183 -0.0001890747486640142 0.8559656204006066 
45  0.8100986297687491 -0.5450622317318035 0.0 -0.5450622317318035 1.2344175921954839 0.0 0.0 0.0 1.6248867736010162  0.6197293124459856 -0.30581804002262253 0.0 -0.30581804002262253 0.6583634992663877 0.0 0.0 0.0 0.7365267604176287  0.7039201293055923 -0.4068728094845155 0.0008206157948463537 -0.40687280793758873 0.905579443434324 -0.000558563397730503 0.0008208075231686669 -0.0005587994204838871 1.099761839469523 
46  0.8700406530025341 -0.5693800177505642 0.0 -0.5693800177505642 1.1493715799933861 0.0 0.0 0.0 1.9105359499335743  0.030449235393987886 -0.023176970213193305 0.0 -0.023176970213193305 0.03927891145242712 0.0 0.0 0.0 0.04271993534926682  0.14151334004103208 -0.0769692180666531 0.0058958206789702415 -0.07696919610511525 0.23677139342175568 -0.0009295013148116135 0.005895923066281979 -0.0009296814346467222 0.25739586267252856 
47  1.5269318755051062 -0.6277640167316496 0.0 -0.6277640167316496 0.6549080650171127 0.0 0.0 0.0 1.4512129697104676  0.11991452653709854 -0.0744656193609439 0.0 -0.0744656193609439 0.2692179647668913 0.0 0.0 0.0 0.2920551484461849  0.41490101141771213 -0.18848900232138957 0.008486579090115104 -0.18848898769476435 0.3888398325432885 -0.003017556360854787 0.00848673093069781 -0.0030176935857494807 0.662100409772631 
48  2.4118657803417642 -0.42281186437099055 0.0 -0.42281186437099055 0.4146167701995004 0.0 0.0 0.0 1.2973062713446102  1.1701249819081243 -1.0490303411628892 0.0 -1.0490303411628892 3.9393340062467264 0.0 0.0 0.0 2.2485643834336977  1.6095095731910598 -0.6111657122584443 -0.00382020530804635 -0.6111657002737795 1.6009214750440526 -0.000504725894987838 -0.003819984503464463 -0.0005049090645079028 1.7420382155893546 
49  0.43003303892265715 -0.4001655143604324 0.0 -0.4001655143604324 2.325402723719219 0.0 0.0 0.0 1.197915981890656  2.3171208445029716 -3.4617851057364732 0.0 -3.4617851057364732 12.707842942326256 0.0 0.0 0.0 8.82740265295566  1.0666445018409305 -1.2656088031331514 0.03974137065637826 -1.2656088515431547 5.6892043142672 -0.04070606923664782 0.03974176695082328 -0.04070684382473986 3.6968306845267134 
50  2.792656448373358 -0.43678822881342827 0.0 -0.43678822881342827 0.3580819977274581 0.0 0.0 0.0 1.4594440913352347  74.44018064724925 -50.37829572646574 0.0 -50.37829572646574 130.38257048301253 0.0 0.0 0.0 110.42896054285586  16.43173353802133 -3.3867348202790692 -1.1389400127304006 -3.3867348666043777 11.789542306560534 -1.9834348495697776 -1.1389344201619587 -1.9834380787863515 22.43117390639927 
51  2.550975146415276 -0.48326199386897367 0.0 -0.48326199386897367 0.3920069552246468 0.0 0.0 0.0 1.0940196959120456  27.681085746786636 -9.737760949369852 0.0 -9.737760949369852 10.478862003736968 0.0 0.0 0.0 18.213202832700556  8.635325064580716 -2.1904939670609695 -0.16156122840862513 -2.190493958138305 2.9718200592483015 -0.20260732169479292 -0.16156019038659494 -0.20260785916377233 6.115385461037346 
52  0.7292813486627798 -0.4846461954351611 0.0 -0.4846461954351611 1.3712129095768233 0.0 0.0 0.0 1.3277289056846808  1.0335874203499478 -0.35300363582810873 0.0 -0.35300363582810873 0.7865851674448386 0.0 0.0 0.0 1.2054518894956434  0.869448200157285 -0.4094178454145755 0.0003964654629458579 -0.40941783770003876 1.0420821473471296 -0.0006761476860113507 0.0003965442273957022 -0.0006762858625498165 1.263998820505122 
53  0.6662703924661635 -0.6799054725565448 0.0 -0.6799054725565448 1.5008921472535417 0.0 0.0 0.0 1.2319135822387575  2.7607219504770906 -1.8509692746180852 0.0 -1.8509692746180852 3.0833910948459993 0.0 0.0 0.0 5.812662412978178  1.4714587110844246 -1.1148451243788646 0.000887571020855175 -1.114845098760265 2.1698324935541797 -0.02278136572706771 0.0008876307917655956 -0.022781451747828977 2.829518717865673 
54  3.1088354051253635 -0.34307276352021904 0.0 -0.34307276352021904 0.3216638611202625 0.0 0.0 0.0 1.6555731963283196  0.01536774013292987 -0.012440115367730266 0.0 -0.012440115367730266 0.10004742780961047 0.0 0.0 0.0 0.07740761644672331  0.1820709452694557 -0.034864200108054307 -0.011401998607288914 -0.03486419252331954 0.17692684682492452 -0.007228668186311018 -0.011401803008208302 -0.007228767545398549 0.36804458801577594 
55  0.33012506262871827 -0.4318876882056852 0.0 -0.4318876882056852 3.0291550482026564 0.0 0.0 0.0 1.8855081546670756  0.20177178607140908 -0.2052751091245112 0.0 -0.2052751091245112 0.988224841403715 0.0 0.0 0.0 0.4711133048588493  0.25801443526475953 -0.2880251050651613 0.0012342638772066766 -0.2880250935945199 1.7165841340394081 -0.02183339383171594 0.0012343515422046903 -0.021833663358779003 0.9738967640756665 
56  0.600340669356106 -0.3513562237228336 0.0 -0.3513562237228336 1.665720899889304 0.0 0.0 0.0 1.5091466038401125  0.024271584042740282 -0.005970363470771554 0.0 -0.005970363470771554 0.005356710426206367 0.0 0.0 0.0 0.012706904470721748  0.11175973596504907 -0.026808974579073736 -0.007577853498290881 -0.02680904511196223 0.10342652588394159 -0.025186279988398896 -0.007577716274764183 -0.0251864526593655 0.14252913309994136 
57  0.8870991524875137 -0.35555267854214717 0.0 -0.35555267854214717 1.1272697050785148 0.0 0.0 0.0 1.053589886911775  0.13718535205077112 -0.02739777096130133 0.0 -0.02739777096130133 0.01602106647437315 0.0 0.0 0.0 0.050452300917641066  0.33624935753643737 -0.0823044606932444 -0.0065288539621410685 -0.08230454807023459 0.18360759720160397 -0.02649553123145804 -0.006528676583605156 -0.026495743808950124 0.2773502344740515 
58  1.8921108159816107 -0.5897497596602903 0.0 -0.5897497596602903 0.5285102709384433 0.0 0.0 0.0 1.4903963290746554  0.02807563797330459 -0.03354140384764777 0.0 -0.03354140384764777 0.22137279317476016 0.0 0.0 0.0 0.11121742821427424  0.23606888785490193 -0.09593874765018973 -0.01043592137759214 -0.09593873207758623 0.3025658499320087 -0.0019961699012190116 -0.010435729396592463 -0.0019962873220599215 0.435063514637989 
59  0.5219450434968461 -0.6538349361800931 0.0 -0.6538349361800931 1.9159105205796298 0.0 0.0 0.0 1.5399781240538566  0.5760528670244573 -0.13999915212724062 0.0 -0.13999915212724062 0.13953950761060535 0.0 0.0 0.0 0.5447762433475056  0.5086621191680041 -0.2775583961939807 0.008432839197665637 -0.27755839319830156 0.6136560557967784 -0.022431921257429432 0.008432957415889755 -0.022432220639563454 0.9199133006244424 
60  0.3270718163398976 -0.4936213920734938 0.0 -0.4936213920734938 3.057432496601254 0.0 0.0 0.0 1.2764352149388634  0.01797769680027798 -0.006464403667558862 0.0 -0.006464403667558862 0.010040619249845112 0.0 0.0 0.0 0.022164413663989236  0.0761306133898448 -0.03038964511496439 -0.0023971192503961735 -0.030389669417700417 0.15801545179235135 -0.02959903082442886 -0.0023970360949698935 -0.02959921314514618 0.16526294077514533 
61  0.40037078728972325 -0.33689976511390907 0.0 -0.33689976511390907 2.497684725625006 0.0 0.0 0.0 1.564515852095115  1.5756535626053896 -1.7016582219017098 0.0 -1.7016582219017098 7.879716898977745 0.0 0.0 0.0 4.651278107707464  0.8757208382707723 -0.8230983683876545 0.007097147236935393 -0.8230983653753315 4.565248390984054 -0.046248312743396275 0.007097197997819171 -0.046248421333964784 2.8301762710805423 
62  2.299234166847946 -0.6563783220065229 0.0 -0.6563783220065229 0.43492742688793407 0.0 0.0 0.0 1.5529679876532576  0.00811168988225103 -0.008507593846525673 0.0 -0.008507593846525673 0.02551048476748634 0.0 0.0 0.0 0.016875728876882896  0.08613084820673951 -0.028964941878757356 -0.0029695485203740236 -0.02896494037474585 0.09467750587993724 -0.011543070727172677 -0.002969445331563652 -0.011543163666812897 0.15370339758066986 
63  1.455392341083823 -0.6515185446998104 0.0 -0.6515185446998104 0.687099946709425 0.0 0.0 0.0 1.5695492495530046  1.7018651808641383 -0.43562508569292585 0.0 -0.43562508569292585 0.28455569970284705 0.0 0.0 0.0 1.0913169516820103  1.5642724967136137 -0.5280302742522746 0.002492947477997138 -0.5280302672739842 0.4551241768031534 -0.002389617129808499 0.002493104180871442 -0.00238976840440746 1.3064411256896804 
64  0.8147062837013601 -0.5470331495253313 0.0 -0.5470331495253313 1.2274362184329997 0.0 0.0 0.0 1.43976722348843  0.07619090271229739 -0.014977802563095773 0.0 -0.014977802563095773 0.015868907093373505 0.0 0.0 0.0 0.04323083692619653  0.23386628077722407 -0.07595691296803696 -0.0035857826653377593 -0.07595695134998415 0.1837479118887255 -0.02863477060099398 -0.0035856082836061547 -0.028634993375140996 0.27586567954739416 
65  0.7698268385871438 -0.6388763097545775 0.0 -0.6388763097545775 1.2989934227745175 0.0 0.0 0.0 1.0765512491502252  11.9650006732907 -3.6131608051060886 0.0 -3.6131608051060886 2.255874388317137 0.0 0.0 0.0 6.134214501137981  3.440313831298002 -1.3479447247051508 -0.03427758431707154 -1.347944633746946 1.5709909424624424 0.004050087541218693 -0.03427735912591199 0.004049939226912312 2.864157042750503 
66  0.3168297987521448 -0.5793092847592545 0.0 -0.5793092847592545 3.156268772503617 0.0 0.0 0.0 1.2383298982334887  0.010886423493420262 -0.009521630228975482 0.0 -0.009521630228975482 0.0233104203845383 0.0 0.0 0.0 0.02323461800453417  0.05981896183847026 -0.03871694485469605 -0.0004341206761845714 -0.038716947903348495 0.21527429395897044 -0.03152639966121531 -0.00043404747276526917 -0.03152657714863705 0.1690576826917599 
67  2.0844875772432996 -0.5307403667602382 0.0 -0.5307403667602382 0.4797342094609571 0.0 0.0 0.0 1.8097736075811426  0.3660456087443721 -0.6452515328555396 0.0 -0.6452515328555396 2.423564973710336 0.0 0.0 0.0 1.0479555018296314  0.8662953678160235 -0.5100447113932618 -0.009108908135896382 -0.5100447140354155 1.1749355257695495 0.010761033798133368 -0.009108652995728538 0.010760941998425581 1.3771484188940561 
68  0.3623187891476749 -0.3949971811935392 0.0 -0.3949971811935392 2.7600003917887275 0.0 0.0 0.0 1.7051554796515171  0.034750631853026646 -0.05959247292565575 0.0 -0.05959247292565575 0.28935831771260384 0.0 0.0 0.0 0.11753539046375079  0.12923536233293806 -0.13297602087781527 -0.0018347324759613217 -0.13297598646557013 0.8542259367296566 -0.039981291427441716 -0.0018346130625002887 -0.03998158520198141 0.49058165650712143 
69  0.6591041539970055 -0.5559578968234935 0.0 -0.5559578968234935 1.5172108898657364 0.0 0.0 0.0 1.2253282889812904  0.0570111204720398 -0.01747205914087576 0.0 -0.01747205914087576 0.018278338561376138 0.0 0.0 0.0 0.033623945505034857  0.18147321095093888 -0.07147528071904789 -0.0026206001780046608 -0.07147531846676697 0.19213875258520868 -0.028956580937696857 -0.002620462552653264 -0.02895678542279933 0.22932645754207084 
70  0.5868445567584268 -0.6309096086760604 0.0 -0.6309096086760604 1.7040287559685887 0.0 0.0 0.0 1.3453156390790688  2.3035180226904384 -0.4115406220138324 0.0 -0.4115406220138324 0.6634243903842297 0.0 0.0 0.0 1.3958361404308197  1.1857747699708274 -0.4832409954104276 -0.0004669254587001342 -0.48324095940970346 1.0827383527654182 0.000491361885693758 -0.000466844063453825 0.0004911917565555556 1.3710177827215289 
71  0.45702016557200204 -0.30287838242469906 0.0 -0.30287838242469906 2.1880872559494384 0.0 0.0 0.0 1.2554372334436756  0.1283861678673636 -0.13475089857459074 0.0 -0.13475089857459074 0.3099323762975952 0.0 0.0 0.0 0.28874730814235655  0.2511864773773686 -0.19509698898229869 -0.0019340750805489268 -0.1950969790082308 0.8272112617332956 -0.024498658490077298 -0.0019339762620248137 -0.02449887819459555 0.6192973840810433 
72  0.7162877227686671 -0.4630224607792338 0.0 -0.4630224607792338 1.3960870306902646 0.0 0.0 0.0 1.4956379650886205  1.9042205857726582 -0.8136820385311071 0.0 -0.8136820385311071 1.1095030432912647 0.0 0.0 0.0 2.6904782641737133  1.2181627806136675 -0.6107559812518043 -0.0018868539104988163 -0.6107559763809013 1.228404035128952 0.0041895036730870425 -0.0018868003584556628 0.00418937516825317 2.033865217193529 
73  1.061910784796939 -0.6943664003839076 0.0 -0.6943664003839076 0.9416986947648548 0.0 0.0 0.0 1.0403745410945937  66.63437717483095 -47.39833969210577 0.0 -47.39833969210577 119.13666074600245 0.0 0.0 0.0 173.08701554064476  11.75855542670486 -3.9395517638946496 -1.0968070137703723 -3.9395515120211466 15.437703997186992 -3.567960804503382 -1.09680141160112 -3.5679648730877735 23.2714085542101 
74  0.6874161605402143 -0.6887564350635651 0.0 -0.6887564350635651 1.4547228555321394 0.0 0.0 0.0 1.398992297250468  2.7125544338962726 -2.8810048710267204 0.0 -2.8810048710267204 8.334050881260232 0.0 0.0 0.0 8.216664139959873  1.4579932924233947 -1.3773935511479638 0.01780674102067451 -1.3773935268489725 3.7882684432014884 -0.12103940243311291 0.0178068506413994 -0.1210395577502256 3.6422549608698658 
75  1.2547841619553854 -0.658695323802819 0.0 -0.658695323802819 0.7969498104292742 0.0 0.0 0.0 1.6145238696069504  62.1393470588358 -34.236191512338145 0.0 -34.236191512338145 138.00065135508336 0.0 0.0 0.0 163.90727614130464  14.597516882010652 -3.5437153060961095 -0.30203430908692025 -3.543716102155793 13.161791524166487 0.24976573117160786 -0.3020437039775274 0.24974752272374387 22.282313778826975 
76  1.6122044757884828 -0.5628350939631788 0.0 -0.5628350939631788 0.6202687159213652 0.0 0.0 0.0 1.1821940116333542  0.03942330350844696 -0.038963230652436516 0.0 -0.038963230652436516 0.17210686083882262 0.0 0.0 0.0 0.12779968604161707  0.3479859374727692 -0.13542329793336794 0.006374864977897761 -0.13542329824373664 0.30768373861034026 -0.0030415169113839685 0.006374874552776974 -0.0030415379303643515 0.4201441600842182 
77  0.5778662073312414 -0.5828318416430973 0.0 -0.5828318416430973 1.730504375084154 0.0 0.0 0.0 1.1711946932734583  0.029571658111298933 -0.019066720572586536 0.0 -0.019066720572586536 0.07885153735720118 0.0 0.0 0.0 0.06527836839488502  0.16119780791508853 -0.09555938400329426 0.0035043194880068386 -0.09555939146538875 0.33797547083016755 -0.004569972713540491 0.0035043181790965555 -0.004569960418857622 0.3221049808695401 
78  1.0455583444753613 -0.551809819552702 0.0 -0.551809819552702 0.9564267793221798 0.0 0.0 0.0 1.365426021975379  52.149860108957924 -20.703475481300753 0.0 -20.703475481300753 26.516164468135365 0.0 0.0 0.0 62.599515306464575  11.329536763611863 -3.2617453816987143 -0.18371298022988972 -3.261745312517299 6.0740630890773595 0.1536809309573441 -0.18371697286311708 0.15367911636007817 11.626734837249808 
79  0.36559573553179403 -0.3633748950018974 0.0 -0.3633748950018974 2.7352616642133536 0.0 0.0 0.0 1.025682717243207  0.4642108992650094 -0.17323107083413292 0.0 -0.17323107083413292 0.13444095088054933 0.0 0.0 0.0 0.3540261826314678  0.40781603892217494 -0.19682084293569568 -0.00023586748098004733 -0.19682085531473778 0.5729933086251158 -0.0020113066033275217 -0.00023588199389136207 -0.0020112794996559246 0.6149721902576738 
80  0.7626059947327756 -0.4474637119064336 0.0 -0.4474637119064336 1.31129312765291 0.0 0.0 0.0 1.0966021063570246  0.06991423987116831 -0.018403139877897216 0.0 -0.018403139877897216 0.050963497190137104 0.0 0.0 0.0 0.07648934548077538  0.262793028994606 -0.09097216312084708 0.003715497952279416 -0.09097217422640318 0.267446952766569 -0.0038715032811842322 0.00371549770998447 -0.0038714908174488794 0.3316529833915128 
81  0.33719250894006636 -0.34197367150452784 0.0 -0.34197367150452784 2.9656649346790296 0.0 0.0 0.0 1.8684665971418009  3.023879850911412 -1.6843123970811682 0.0 -1.6843123970811682 1.9805123439507126 0.0 0.0 0.0 2.962273295074793  1.316025976008243 -0.871901573110186 0.0006614852761070442 -0.8719015361885093 2.252180939719308 0.0010158498282743218 0.0006611206883607722 0.001016011952147473 2.3782998827619 
82  0.8018818579841803 -0.46838212226800524 0.0 -0.46838212226800524 1.247066497443727 0.0 0.0 0.0 1.6735480077130964  0.006690064058771004 -0.006711621998769127 0.0 -0.006711621998769127 0.03708821514700089 0.0 0.0 0.0 0.01838173379935627  0.11226917931805537 -0.04171511264155809 0.0008807102392001196 -0.04171512300730775 0.19634553857647488 -0.006225882400375047 0.0008807051877255145 -0.0062258554801538826 0.22716426346882662 
83  1.7885781147101716 -0.5165156702010331 0.0 -0.5165156702010331 0.5591033412382126 0.0 0.0 0.0 1.05990458548486  0.15356034029097082 -0.13052057944300957 0.0 -0.13052057944300957 0.23564019260699987 0.0 0.0 0.0 0.21589885549743015  0.5924668674766168 -0.23560889839043175 0.006699087712641456 -0.23560889906681776 0.35615272533277864 -0.002132542349262281 0.006699112283222545 -0.002132576510754633 0.49889073148599183 
84  0.46407947959919954 -0.411979757856566 0.0 -0.411979757856566 2.1548033127076556 0.0 0.0 0.0 1.7157848766125119  1.1640831519257873 -0.47383455990080475 0.0 -0.47383455990080475 1.37537672044576 0.0 0.0 0.0 1.3725468391020248  0.7776936460638422 -0.4293277255159049 -0.0003214511431782956 -0.42932772078192843 1.7073011675922936 -5.428122927064895e-05 -0.00032153399677000745 -5.4333036438796414e-05 1.533339770817574 
85  0.5453983860046003 -0.3924607166566352 0.0 -0.3924607166566352 1.833522110920888 0.0 0.0 0.0 1.8581365138610235  0.18842804390399454 -0.10409672686767654 0.0 -0.10409672686767654 0.265524231891939 0.0 0.0 0.0 0.3788127129513186  0.3335640456128907 -0.19002238405288907 0.002494197530912992 -0.19002238900135568 0.7006989065455981 -0.00397538778587944 0.0024941947021735822 -0.003975394032652315 0.8607190573276549 
86  1.702390315516892 -0.6118572045161492 0.0 -0.6118572045161492 0.5874093566470817 0.0 0.0 0.0 1.698273073371452  1.20525267852986 -0.5715367328229068 0.0 -0.5715367328229068 2.4949310159367264 0.0 0.0 0.0 2.3376822702889557  1.4344067152761655 -0.5767828857023285 -0.0006126548239466131 -0.5767829020822527 1.2586404869861623 -0.00017766244922219523 -0.0006125922007641337 -0.00017799162493191997 2.004497199709602 
87  1.0040431574688533 -0.6410731402788015 0.0 -0.6410731402788015 0.9959731238256273 0.0 0.0 0.0 1.1509257242681263  0.016053536465684283 -0.011249282306054677 0.0 -0.011249282306054677 0.040568022527601576 0.0 0.0 0.0 0.04743661068405325  0.17073887466788243 -0.07300237280734405 0.003413666280834963 -0.07300238014191447 0.18951591185768138 -0.003942379405389782 0.0034136630513708433 -0.003942371738465012 0.25646832898033156 
88  2.616048035643705 -0.5045331828291273 0.0 -0.5045331828291273 0.38225597786240184 0.0 0.0 0.0 1.081248916775259  0.008867180763397505 -0.010340150335927016 0.0 -0.010340150335927016 0.03334133254423075 0.0 0.0 0.0 0.018888316182662797  0.1750013547567216 -0.04004745772109097 0.0001679418150756156 -0.04004746592867364 0.1078151426013705 -0.0024843527554246855 0.00016793621731193658 -0.0024843477476250314 0.17964064076088074 
89  0.9364231106624045 -0.30740705416382275 0.0 -0.30740705416382275 1.0678933364775915 0.0 0.0 0.0 1.1026403284543627  38.94060458229624 -16.70600408124043 0.0 -16.70600408124043 15.870407028057809 0.0 0.0 0.0 28.91981667236435  8.492877247122538 -2.762857629118607 -0.07373362520959474 -2.7628574163935173 4.341872146965525 0.04645025808745958 -0.07373488037709132 0.04645026982261858 7.340588490947268 
90  1.7435764181494733 -0.31960419630424575 0.0 -0.31960419630424575 0.5735337950150413 0.0 0.0 0.0 1.0874363590767118  13.363634766708735 -3.4472008293737852 0.0 -3.4472008293737852 2.302367192417722 0.0 0.0 0.0 7.664176346321567  5.3851060583877945 -1.2262176067677473 0.02996360912489914 -1.2262175877194663 1.1850813720134155 -0.01196472768711963 0.029963987385806353 -0.01196505642420471 3.2185188026839153 
91  0.5025608022829239 -0.6812921942814554 0.0 -0.6812921942814554 1.989808985216152 0.0 0.0 0.0 1.0800551316363645  10.27778730127146 -14.662533464215578 0.0 -14.662533464215578 65.55077506954507 0.0 0.0 0.0 42.9759288557558  3.2800702093320417 -2.6146215202108807 -0.07216443199252087 -2.614620600187225 10.901542847573449 0.2573066492588965 -0.07216811007639508 0.2573079193528047 9.796379768377607 
92  2.5228282456788156 -0.3455138298165821 0.0 -0.3455138298165821 0.3963805311411244 0.0 0.0 0.0 1.0572722655981772  0.4518057990604549 -0.20480462110589737 0.0 -0.20480462110589737 0.26699175168463035 0.0 0.0 0.0 0.6694066071771626  1.121494007034318 -0.2571047422487306 0.002498005092300004 -0.2571047437560676 0.325251870643253 -0.00044385762465585317 0.0024980694842194205 -0.0004439177863717321 0.8401873963871457 
93  1.1080484442942387 -0.5738820048345549 0.0 -0.5738820048345549 0.9024876169894728 0.0 0.0 0.0 1.3892876441715727  0.2459558365097016 -0.10901032251922552 0.0 -0.10901032251922552 0.3906576463409213 0.0 0.0 0.0 0.41640478054943564  0.5566964239705968 -0.2661209887841159 0.0039892678138586345 -0.26612099236472003 0.5832484092174693 -0.0024724779649924985 0.003989279050250556 -0.0024725297775890303 0.7764526021024152 
94  2.0930414869053604 -0.38071692549568054 0.0 -0.38071692549568054 0.4777736161735318 0.0 0.0 0.0 1.0150464163252848  2.0059773508628367 -0.27343044848972503 0.0 -0.27343044848972503 0.31727830362041043 0.0 0.0 0.0 0.8935000432535974  2.0459635222840262 -0.32204860428261955 8.284811705999228e-05 -0.3220486037630314 0.39000148136181356 -0.00011931256555957173 8.294194276639112e-05 -0.00011938107793503116 0.9515291296475081 
95  2.4522789496927295 -0.45862624327170687 0.0 -0.45862624327170687 0.40778395138338563 0.0 0.0 0.0 1.7975326085009684  3.2297594397158353 -1.215564268267597 0.0 -1.215564268267597 4.64140048039725 0.0 0.0 0.0 6.4484031904600245  2.8144672414541825 -0.7008177208600136 0.0037018785957138754 -0.7008177832988781 1.6719232010666436 -0.0051863452435400815 0.003702127203350596 -0.005187159378488402 3.5636236399093004 
96  2.6659845010044796 -0.6178027578034038 0.0 -0.6178027578034038 0.3750959540924652 0.0 0.0 0.0 1.9674558409691  85.47463054005698 -25.138347847742605 0.0 -25.138347847742605 27.857402301816197 0.0 0.0 0.0 56.69141665713946  19.486710587289537 -3.639830449923218 -0.06604378453301776 -3.639832332494911 5.108416928849501 0.08369112340623862 -0.06604138805817113 0.08368212859638101 12.790074822338859 
97  2.915700970571052 -0.37413614287637653 0.0 -0.37413614287637653 0.34297069901655447 0.0 0.0 0.0 1.8102741997965608  0.08994560164371006 -0.024851733652434635 0.0 -0.024851733652434635 0.03053597836316079 0.0 0.0 0.0 0.10028337061093359  0.5818444132976404 -0.08633079179676606 0.004680651445566662 -0.08633079973579844 0.11998723913078177 -0.0041118337355512645 0.004680635016851531 -0.004111832847977422 0.42804800540694626 
98  1.1926307803438314 -0.520494149048443 0.0 -0.520494149048443 0.8384824679031875 0.0 0.0 0.0 1.7519842357716382  24.120622364855613 -17.610096983922528 0.0 -17.610096983922528 121.34835604654944 0.0 0.0 0.0 107.35594630048199  8.062944872489856 -2.5689878305886364 -0.050265782352529216 -2.568987904731153 12.21736657933123 0.24603062968782705 -0.05026906076939141 0.24601955911068096 18.249823443588063 
99  0.4592589280989462 -0.628462918488805 0.0 -0.628462918488805 2.1774209249222314 0.0 0.0 0.0 1.4307488637364842  65.63271595143088 -22.93351162895037 0.0 -22.93351162895037 26.544970405223964 0.0 0.0 0.0 53.58915070297295  10.54794250609406 -3.327017923952199 -0.5369694854660904 -3.3270159279266056 7.824872635247998 0.2177767384104847 -0.5369840178639466 0.21777980243586217 11.863123466830837 