0  1.649035201487875 -0.5855201227156196 0.0 -0.5855201227156196 0.6064151930157282 0.0 0.0 0.0 1.3582028975497469  30.102668091031394 -10.921644145890175 0.0 -10.921644145890175 38.37284072257166 0.0 0.0 0.0 61.87299344615311  6.978548966225982 -1.6957821759476908 -0.6524362225361786 -1.6957822097962556 3.57784580677328 -0.4983812424084135 -0.6524362465372756 -0.4983811187566463 7.560170125323839
1  1.4387079577569861 -0.5206728985833494 0.0 -0.5206728985833494 0.695068095375692 0.0 0.0 0.0 1.330870778711335  1.3804202375593464 -1.451291467541572 0.0 -1.451291467541572 6.135799646484187 0.0 0.0 0.0 3.0017172870135767  1.3614768728226359 -0.7108020352568276 0.007273801048756342 -0.7108020218189851 1.8563726011144048 -0.027722030137738992 0.007273740475953225 -0.027721979534999327 2.0066793685943054
2  0.3728306801441609 -0.3918901398396627 0.0 -0.3918901398396627 2.6821826991634223 0.0 0.0 0.0 1.2667075065156685  25.49622805522588 -8.942677513266277 0.0 -8.942677513266277 25.459607689951667 0.0 0.0 0.0 26.485846282066667  3.704169681507011 -1.5542234460836233 -0.38139452247122646 -1.5542235631130126 6.979625657968203 -0.31175033662403145 -0.38139445635453606 -0.3117504770883805 6.352714710774373
3  0.692060972652297 -0.6823474068188726 0.0 -0.6823474068188726 1.444959388719087 0.0 0.0 0.0 1.9342538467312362  0.025787299513031794 -0.015262176873177768 0.0 -0.015262176873177768 0.03626924892537612 0.0 0.0 0.0 0.04234627225462226  0.18734704068596958 -0.10741771903568341 -0.01842160000234122 -0.10741767150297281 0.28073955432984765 -0.00827729207978992 -0.01842161575007062 -0.008277290682121267 0.40502305230580604
4  1.0925848272527514 -0.5732409055972796 0.0 -0.5732409055972796 0.915260742284376 0.0 0.0 0.0 1.3955686313312907  17.230995515317964 -12.120967048472899 0.0 -12.120967048472899 45.98820136630034 0.0 0.0 0.0 29.551210688589492  4.520024855198582 -1.6309324910773573 -0.34476714773619543 -1.630932567521598 4.3300506895038495 -0.41842218600606856 -0.3447671269740649 -0.41842219148266324 6.193811902824968
5  0.5120881249868353 -0.5622042573423914 0.0 -0.5622042573423914 1.9527888877050368 0.0 0.0 0.0 1.2382074912280574  81.0560070770776 -36.83951744878647 0.0 -36.83951744878647 74.36549250178373 0.0 0.0 0.0 84.4441273270653  5.715377202839664 -2.3296854003597782 -0.7283135055937565 -2.329685615363586 7.8053141767459255 -0.9210036383374989 -0.7283134306678729 -0.9210038746871038 9.060203727057267
6  2.9694733807860914 -0.6253276238303491 0.0 -0.6253276238303491 0.33676004858992065 0.0 0.0 0.0 1.363387513815388  1.4538043512454277 -0.8426258693968981 0.0 -0.8426258693968981 1.800014069096168 0.0 0.0 0.0 2.3654121781998145  2.106080326700289 -0.6504961608947711 0.011445923594650145 -0.6504961403314754 0.77294526246142 -0.008611454599835436 0.011445828290348205 -0.008611395805662198 1.7889606025140519
7  1.17398980302541 -0.4272961584019131 0.0 -0.4272961584019131 0.8517961548072799 0.0 0.0 0.0 1.2275067175158707  0.22393215266181013 -0.034254588846029346 0.0 -0.034254588846029346 0.05353818034703175 0.0 0.0 0.0 0.1198823908994402  0.5756616145929364 -0.14001460107848746 -0.01322284033815745 -0.1400145935663314 0.2762889131784488 -0.006839254085516755 -0.0132228452556187 -0.006839251855038658 0.4837607149997106
8  2.853291668138204 -0.44720842753079615 0.0 -0.44720842753079615 0.35047240741865976 0.0 0.0 0.0 1.0029988222414137  7.851163899336143 -2.7274298413108204 0.0 -2.7274298413108204 2.011346070536743 0.0 0.0 0.0 5.57092542253887  4.485468463020605 -1.0854745678547215 -0.02997256028327493 -1.0854745468194902 0.8420133311810155 -0.002518457021156492 -0.02997264681296028 -0.0025183910169205453 2.3898124442399906
9  1.701778686829832 -0.49799734343196006 0.0 -0.49799734343196006 0.5876204748238184 0.0 0.0 0.0 1.3345234732857978  0.39706684953247257 -0.2203914820644879 0.0 -0.2203914820644879 0.28315694036883343 0.0 0.0 0.0 0.3978356847786232  0.9156985725676642 -0.3291094848293338 -0.01390052057443738 -0.32910945717574974 0.41588258616882257 -0.000205619589144303 -0.013900569240572777 -0.0002055900015536035 0.7744474490106426
10  0.4925431107130423 -0.44210560895975726 0.0 -0.44210560895975726 2.0302791334393553 0.0 0.0 0.0 1.322575605500546  5.541620602619982 -1.3548428383205555 0.0 -1.3548428383205555 1.063302712330249 0.0 0.0 0.0 4.2071522740449145  1.857422381334116 -0.6588842524310159 -0.057915133534762915 -0.6588842750431587 1.407518601285522 0.024231617210920067 -0.05791514320451164 0.02423166103217297 2.3721457623380684
11  0.5787987748708118 -0.5404212633849712 0.0 -0.5404212633849712 1.7277161656453066 0.0 0.0 0.0 1.7141947839033065  0.1410900466152684 -0.02350153858036028 0.0 -0.02350153858036028 0.027453596093064102 0.0 0.0 0.0 0.07392903583221347  0.29214171453492255 -0.1136425645805205 -0.004944657737292598 -0.11364255787540377 0.3296111900802613 -0.020023856499168748 -0.004944644769927081 -0.02002389680741867 0.48433905894310614
12  2.5896950304698567 -0.4039430691089629 0.0 -0.4039430691089629 0.3861458543319546 0.0 0.0 0.0 1.1675705056360843  33.62923717927089 -18.603752491720762 0.0 -18.603752491720762 67.15379402353463 0.0 0.0 0.0 75.20418274648786  8.810728268075017 -1.533110994931803 -0.6800714622919918 -1.5331109859965548 3.208641158698871 -0.4982958747553043 -0.6800714444001237 -0.49829574768551294 7.958890583331665
13  0.4798436404463668 -0.32801057192171806 0.0 -0.32801057192171806 2.084012198368965 0.0 0.0 0.0 1.1801572481197542  0.03470442074484263 -0.028879390329948264 0.0 -0.028879390329948264 0.10607394747952716 0.0 0.0 0.0 0.10467534170076025  0.1933037395008402 -0.09690206617212746 -0.012693193289493771 -0.09690200913370443 0.5307370684564584 -0.02048622598132989 -0.012693232501609343 -0.02048618910854263 0.46035492320302446
14  0.33779481040934867 -0.5638173332208355 0.0 -0.5638173332208355 2.9603770371373486 0.0 0.0 0.0 1.3021900147383656  7.387678487029696 -5.03385425860608 0.0 -5.03385425860608 16.908304473812453 0.0 0.0 0.0 15.696013806405729  2.0128010451072798 -1.4392566004628091 -0.17641247945722993 -1.4392566925936257 6.281414082206081 -0.12887120580203196 -0.17641245957021204 -0.12887129373269307 4.8258656872999754
15  1.1173099313691608 -0.33865701762094114 0.0 -0.33865701762094114 0.8950068122768691 0.0 0.0 0.0 1.5550699539199715  0.10520327071744161 -0.019168555346467827 0.0 -0.019168555346467827 0.01591860179358087 0.0 0.0 0.0 0.06349643555077349  0.4355786464607978 -0.08777123024755931 -0.022810314191673516 -0.08777120990053462 0.20489251768715971 -0.012326026392902856 -0.022810295380732957 -0.012326076225102926 0.424246989322194
16  1.0230200856436928 -0.4780299359063318 0.0 -0.4780299359063318 0.9774979142963666 0.0 0.0 0.0 1.7891505248040582  47.82771576852632 -26.113863273811994 0.0 -26.113863273811994 77.07836420431515 0.0 0.0 0.0 84.50246991376214  6.923510137727558 -2.0105820989253105 -0.8207277192214951 -2.0105822016395547 5.601711167365096 -0.7619684274973519 -0.8207276213646421 -0.7619684642530117 9.875150877570182
17  2.737925775931238 -0.4227753443694246 0.0 -0.4227753443694246 0.365239996201093 0.0 0.0 0.0 1.703766745678496  35.32536324160344 -26.50543208551658 0.0 -26.50543208551658 41.815516727432595 0.0 0.0 0.0 40.62209653205962  8.195995785766051 -1.906473932610608 -0.386128420092053 -1.9064739116735825 2.922717605826502 -0.27380930256247965 -0.38612834354860426 -0.2738092340429071 7.564872382796689
18  0.33819317981048436 -0.5886337712647486 0.0 -0.5886337712647486 2.9568899070063357 0.0 0.0 0.0 1.682332931682025  23.051379353709287 -9.021121683605204 0.0 -9.021121683605204 7.458575315657232 0.0 0.0 0.0 16.0635026725359  3.332567377959416 -1.689012448519115 -0.2707866586083295 -1.6890125324869785 3.957417396081549 0.06190930875548317 -0.27078666228333464 0.06190934856243137 5.24247159132288
19  1.1623666671781243 -0.3380205099374386 0.0 -0.3380205099374386 0.8603137273608322 0.0 0.0 0.0 1.6650965431621612  1.693944371417346 -2.4282778966172893 0.0 -2.4282778966172893 8.902751318439503 0.0 0.0 0.0 6.722886388849718  1.2680851096786425 -0.7667046086032112 0.015294605803461578 -0.7667045965266477 2.510069541108011 -0.0576072123926495 0.015294551238494679 -0.05760718015402485 3.3334629729461795
20  3.005407535404471 -0.3946215968329344 0.0 -0.3946215968329344 0.3327335771337976 0.0 0.0 0.0 1.1649434739308389  1.462368460067812 -0.5812022280114714 0.0 -0.5812022280114714 1.0272696075739745 0.0 0.0 0.0 2.349361293133344  2.12492880047486 -0.4465769555990677 0.013631023945084088 -0.44657694243185053 0.5898301375838555 -0.004456483437382016 0.013630935131901669 -0.0044564360262557955 1.6514542838116102
21  1.0099199191686998 -0.41593655682272074 0.0 -0.41593655682272074 0.9901775190483764 0.0 0.0 0.0 1.2182718588958814  0.15254418405927686 -0.06407956209147375 0.0 -0.06407956209147375 0.23557423608873895 0.0 0.0 0.0 0.19120916565998902  0.47722126313224417 -0.17936690029686453 -0.012870251539571595 -0.17936687294192463 0.5054370304201609 -0.004369879420813421 -0.012870284748990185 -0.004369844272064059 0.5745929433324598
22  0.4084166320542203 -0.5249671744962625 0.0 -0.5249671744962625 2.4484801095643007 0.0 0.0 0.0 1.0105428394742704  16.57267302560617 -2.508287181679773 0.0 -2.508287181679773 3.587344947910935 0.0 0.0 0.0 14.910945746946116  2.837515403962496 -0.8748258629067553 -0.2517422597520774 -0.874825933598946 2.8948032520146363 0.006174688224835668 -0.2517422640965169 0.0061747139181162385 4.068695610067883
23  1.6768606392006864 -0.3872114320881788 0.0 -0.3872114320881788 0.5963524795218955 0.0 0.0 0.0 1.2031385382112554  1.9546017429335614 -0.879438064560548 0.0 -0.879438064560548 1.836227338780789 0.0 0.0 0.0 3.141065113728142  1.7869159622038293 -0.5644193115626343 0.0021411507789110946 -0.5644193051969809 1.0417684345218468 -0.00801628926892166 0.0021410932506284197 -0.008016240865387736 1.948659892056438
24  0.5569946266990746 -0.5976972240915366 0.0 -0.5976972240915366 1.7953494559297898 0.0 0.0 0.0 1.560100335973323  0.8743627849647266 -0.30824480681437705 0.0 -0.30824480681437705 0.8902038346264497 0.0 0.0 0.0 0.9454311916611698  0.6855542205911896 -0.4343933202894203 0.0038643952628268337 -0.4343933335355115 1.2786021429773329 -0.0019383681902545632 0.0038643601858573693 -0.0019383047785224094 1.2337680918878855
25  1.2283229501186486 -0.6713538705057095 0.0 -0.6713538705057095 0.8141181436880309 0.0 0.0 0.0 1.6965400095340404  12.57393682853591 -3.121627459896313 0.0 -3.121627459896313 6.712553246282063 0.0 0.0 0.0 12.77485751348142  4.170103778744596 -1.2949274849815486 -0.19857952598556688 -1.2949275159221791 2.2667025698073235 -0.0865173366193477 -0.1985795597523364 -0.08651724751817626 4.519574756839184
26  2.0395022726745053 -0.5148163691571752 0.0 -0.5148163691571752 0.4903157076106848 0.0 0.0 0.0 1.0430351160015405  73.48978488008503 -43.25149659521959 0.0 -43.25149659521959 68.59903678342447 0.0 0.0 0.0 107.32838527473535  9.519174218404691 -2.1183044963421445 -0.9391734890398258 -2.1183045099978783 3.537273460137824 -0.5378152023299831 -0.939173506575932 -0.5378150376109434 7.923701729302277
27  2.7832034934633443 -0.653260231950605 0.0 -0.653260231950605 0.35929819804718144 0.0 0.0 0.0 1.0123813196983085  0.022006147310828193 -0.01438860751275603 0.0 -0.01438860751275603 0.08359425687510585 0.0 0.0 0.0 0.06360297387421888  0.4411554478803478 -0.10349510719502135 -0.034395835251135626 -0.10349505811072864 0.15777903728064546 0.005163072172578978 -0.03439589398193813 0.005163099276250457 0.3430765991161012
28  0.3347289005110545 -0.49891126074823033 0.0 -0.49891126074823033 2.9874922615681787 0.0 0.0 0.0 1.6352830188376315  0.02642464395389171 -0.022799198234732334 0.0 -0.022799198234732334 0.06196175879064068 0.0 0.0 0.0 0.0499528320528707  0.12691040795469172 -0.08934604909400576 -0.010749498710425014 -0.0893459832510749 0.4931283356162079 -0.028586744736833432 -0.01074952586282408 -0.028586722970389843 0.43799665549380634
29  1.6744698838855845 -0.5141863217730428 0.0 -0.5141863217730428 0.5972039327930543 0.0 0.0 0.0 1.2647471080724573  0.20333220166403385 -0.048807265694464114 0.0 -0.048807265694464114 0.07136463957339707 0.0 0.0 0.0 0.13780171835513383  0.6943761669374041 -0.1768939983106661 -0.020343748608605456 -0.17689398245841279 0.24048270778320638 -0.00115012140002054 -0.020343762181078497 -0.0011501123044472374 0.5072666778408809
30  2.6510938638007318 -0.43312017123970864 0.0 -0.43312017123970864 0.37720278925407547 0.0 0.0 0.0 1.1756768340963655  80.31212955652674 -22.41646820438863 0.0 -22.41646820438863 21.969281011761268 0.0 0.0 0.0 45.471083427356156  11.518682495453112 -1.9441775090501623 -0.8382147630494174 -1.944177474055266 2.5005853879426074 -0.26329585047097714 -0.8382146100650912 -0.2632957273712117 6.824107108806755
31  0.3309628812067015 -0.681831345165848 0.0 -0.681831345165848 3.021486869929242 0.0 0.0 0.0 1.2083330289871574  16.759880749382503 -2.9931625080947217 0.0 -2.9931625080947217 3.7991727476915953 0.0 0.0 0.0 13.961818051518401  2.6654615397106194 -1.0352848915063118 -0.23520123442630714 -1.035284987281745 3.2855048371424957 0.021999043096876947 -0.23520128075816543 0.021999086118399982 4.245897346767203
32  2.9127844635615388 -0.5850464417940668 0.0 -0.5850464417940668 0.34331410803299656 0.0 0.0 0.0 1.1521508023716065  213.69122446928498 -31.736425042201418 0.0 -31.736425042201418 35.05380319438433 0.0 0.0 0.0 153.20216458571278  15.12750651166306 -2.2167955889407644 -1.6210142054274026 -2.2167955589096966 2.9250762900270453 -0.5048126122826889 -1.62101413541232 -0.5048123152232002 9.090753064383579
33  1.278131643233692 -0.6274006600199624 0.0 -0.6274006600199624 0.7823920214274527 0.0 0.0 0.0 1.299452305555232  8.966730663607072 -2.1953847507817055 0.0 -2.1953847507817055 3.454184472284431 0.0 0.0 0.0 6.068710220325522  3.4923352554410814 -1.0860312141780641 -0.09423893965124489 -1.0860312304109172 1.615621308569924 -0.025197728143662855 -0.09423898011820943 -0.025197657387565513 2.8277488080917372
34  0.9673848792596536 -0.48868400614940294 0.0 -0.48868400614940294 1.0337147307546373 0.0 0.0 0.0 1.271570027399852  61.878214594189444 -33.7964828703712 0.0 -33.7964828703712 57.52243996407438 0.0 0.0 0.0 107.29691284720438  6.779732335636136 -2.1516525973888836 -0.8376183240729689 -2.151652730071165 5.1629510323299135 -0.6786319488033934 -0.8376182046028601 -0.6786320180995908 8.699311320050642
35  1.286969364804991 -0.3517494165816852 0.0 -0.3517494165816852 0.7770192728336822 0.0 0.0 0.0 1.5028481929961404  0.03385557154669622 -0.02597348409848047 0.0 -0.02597348409848047 0.07427008748056689 0.0 0.0 0.0 0.0832060815116582  0.3661763251554477 -0.09947815194561656 -0.03334501766286273 -0.09947807609827032 0.2807168446555892 -0.006392009906473664 -0.03334507172593509 -0.0063919858830062985 0.4747553067594331
36  2.0616123048392216 -0.43123897176073556 0.0 -0.43123897176073556 0.48505725235181246 0.0 0.0 0.0 1.0437710171140413  0.09085103630485328 -0.015321923587767537 0.0 -0.015321923587767537 0.017221077459360027 0.0 0.0 0.0 0.0636038766569567  0.5799152312745715 -0.09639540150954246 -0.02920918157680548 -0.0963953842084857 0.13883268764498155 -0.0026042932668063896 -0.02920916897436981 -0.0026043099889032587 0.3418376487260566
37  0.43716677917721947 -0.3317657871449466 0.0 -0.3317657871449466 2.287456521472365 0.0 0.0 0.0 1.2131037631705082  0.048402682946136075 -0.018622326948360333 0.0 -0.018622326948360333 0.017772935046309963 0.0 0.0 0.0 0.030050639991657333  0.18247019869768813 -0.061036048858224425 -0.011785011185370634 -0.06103599772482273 0.26968210726879766 -0.019898320448960893 -0.01178500457663354 -0.019898381205391922 0.300381005880702
38  1.2850124989305731 -0.3288911419171599 0.0 -0.3288911419171599 0.778202547315478 0.0 0.0 0.0 1.4895359413619986  57.34810968628808 -13.928953345511859 0.0 -13.928953345511859 12.710179205314926 0.0 0.0 0.0 27.161912215302078  7.556126457017975 -1.6305837939118843 -0.5779882067111664 -1.6305838043893695 2.8559129757598507 -0.1549193999351609 -0.577988068765617 -0.15491933995904533 6.154457639903681
39  0.5886526701972227 -0.3493827183208782 0.0 -0.3493827183208782 1.698794638381508 0.0 0.0 0.0 1.1301729695044058  10.351958600052226 -1.4398109085703004 0.0 -1.4398109085703004 1.2903564664240328 0.0 0.0 0.0 4.501643276197714  2.6218786497658075 -0.5450781754608396 -0.08903005415595891 -0.5450782005556204 1.4365523840975751 0.016988793879437688 -0.08903006143983791 0.016988835306791083 2.317654330544796
40  0.8976736140905821 -0.3125536201792121 0.0 -0.3125536201792121 1.1139906356867613 0.0 0.0 0.0 1.3175258298662589  0.22229155778304288 -0.06358851058268084 0.0 -0.06358851058268084 0.04284346027792344 0.0 0.0 0.0 0.16356059144301024  0.4964712918736289 -0.13639993233880468 -0.011195087953197519 -0.13639990609039998 0.3098201697782755 -0.013460816028068126 -0.011195103074270223 -0.013460830883150447 0.5454274340681007
41  2.707674514467937 -0.3049983803448169 0.0 -0.3049983803448169 0.36932060875732764 0.0 0.0 0.0 1.281529032882612  0.02273629306524339 -0.012765418656631054 0.0 -0.012765418656631054 0.034070861211949514 0.0 0.0 0.0 0.03224590738199994  0.3982852403663318 -0.05550926003097896 -0.047740024883876506 -0.05550918701047222 0.13506151657005072 -0.0013750779148093849 -0.04774004263583862 -0.001375067006855768 0.32332500795849656
42  2.6805538855906645 -0.3032033536575828 0.0 -0.3032033536575828 0.3730572272303522 0.0 0.0 0.0 1.193478981541202  32.175481032576116 -16.494812412462437 0.0 -16.494812412462437 87.0378098639951 0.0 0.0 0.0 89.02453694080077  8.998873240493593 -1.3462081787937894 -0.7230606135469343 -1.3462081909415013 3.352310401743132 -0.5578674769734868 -0.7230604523941383 -0.5578674127522465 8.589694406750663
43  1.6430954253014063 -0.48417378426426133 0.0 -0.48417378426426133 0.6086073788541904 0.0 0.0 0.0 1.5853724853321272  0.15318962121280377 -0.0711588486065175 0.0 -0.0711588486065175 0.18780591452293538 0.0 0.0 0.0 0.32184456057306265  0.6679878421384975 -0.20269969665633658 -0.022183860726963326 -0.20269967109347511 0.3515543980083219 0.0009437244690821524 -0.022183917791116066 0.000943757862836468 0.7774967751305389
44  0.31858119956110176 -0.36941928477261143 0.0 -0.36941928477261143 3.1389171783446894 0.0 0.0 0.0 1.0373675059209286  2.196766479055016 -0.23633630321938792 0.0 -0.23633630321938792 0.25729021698083193 0.0 0.0 0.0 0.80954356362469  0.8897704740832066 -0.16697390711014698 0.004568486831078408 -0.16697392206677095 0.9802387516560229 -0.004164466133115369 0.004568468058694866 -0.004164433402747439 0.9225895560020055
45  1.1097904968926346 -0.37498520763800935 0.0 -0.37498520763800935 0.9010709704218559 0.0 0.0 0.0 1.625590039364076  1.6105615759759224 -0.7581885471953851 0.0 -0.7581885471953851 1.842650359482674 0.0 0.0 0.0 1.9721910175997739  1.3313353656079019 -0.5279929890711829 -0.000579727080814123 -0.527992989940331 1.2785859462715354 -0.0009336284261770593 -0.0005797763668610093 -0.0009335741023949344 1.786917378320995
46  0.6466588694248396 -0.5185408972249967 0.0 -0.5185408972249967 1.5464103985605795 0.0 0.0 0.0 1.8584818978688955  0.6587288539038839 -0.2862399375657042 0.0 -0.2862399375657042 0.480682352463824 0.0 0.0 0.0 0.9542861456210919  0.6454967094933364 -0.376313398645595 0.0018546383777698783 -0.3763133999303361 0.8964126782831272 -0.005119232941386224 0.0018545973445996987 -0.005119177372836154 1.357051593114956
47  0.6295463004649735 -0.35302085619329693 0.0 -0.35302085619329693 1.588445519037146 0.0 0.0 0.0 1.8646541020159817  0.03256705441083898 -0.013928176794481802 0.0 -0.013928176794481802 0.05490452693581246 0.0 0.0 0.0 0.05171652388510927  0.2225871271284687 -0.0784910774882872 -0.023379711735728042 -0.07849102679764002 0.3722417365453294 -0.019935025421378247 -0.023379732132024645 -0.0199350111224459 0.4753887279447928
48  0.36778940943008376 -0.5288294176649369 0.0 -0.5288294176649369 2.718947240894109 0.0 0.0 0.0 1.8241623963628304  36.252122758902665 -8.028922063974264 0.0 -8.028922063974264 4.4192518063013555 0.0 0.0 0.0 13.211865061967577  3.940461918664585 -1.279837098416216 -0.26959730287917766 -1.2798371658701748 2.9403868883910955 0.05329807680049393 -0.2695973603399433 0.0532981599728402 4.9461077806837475
49  1.0427999032557511 -0.575233619487381 0.0 -0.575233619487381 0.9589567441249999 0.0 0.0 0.0 1.7347116287962252  28.29949820850559 -12.162105419360271 0.0 -12.162105419360271 15.638330230387178 0.0 0.0 0.0 40.12859681750605  5.532816236100933 -1.9202115797774488 -0.4804492638879537 -1.9202116431330756 3.423600020274919 -0.19602611669451472 -0.4804492531610742 -0.196026053650805 7.12002035609082
0  1.968428803337686 -0.5358686979256944 0.0 -0.5358686979256944 0.5080193900355404 0.0 0.0 0.0 1.1462585630694726  0.013828465210497807 -0.004780854764151226 0.0 -0.004780854764151226 0.008373232076421816 0.0 0.0 0.0 0.01480570458793607  0.1984140845411756 -0.04659200291582229 0.01108452420452574 -0.04659199871781811 0.12473484408203922 -0.01215989192145555 0.011084519074887708 -0.01215989819682226 0.2275351859767109 
1  0.7474163135195555 -0.6855488548051738 0.0 -0.6855488548051738 1.3379424316965165 0.0 0.0 0.0 1.992516217926147  0.4631487004086478 -0.13095583519423606 0.0 -0.13095583519423606 0.3110568502147254 0.0 0.0 0.0 0.3835133783345999  0.5716300738384843 -0.34553972259638827 0.0072578464937613635 -0.34553971823766466 0.7068168327158295 -0.013274948895536758 0.007257909026745258 -0.013275000026258268 0.9468792178754835 
2  2.7854870026057936 -0.5571240569857425 0.0 -0.5571240569857425 0.35900364965426534 0.0 0.0 0.0 1.8344297857308043  110.69627649174018 -31.85488157431681 0.0 -31.85488157431681 23.692508359481486 0.0 0.0 0.0 54.62057100315286  13.046800301906286 -2.7955223668083127 0.014806420061218134 -2.7955230201456716 3.9705123022757136 -0.34975423016157303 0.014814435041696697 -0.3497619362994231 10.497641277849496 
3  1.2683883541553596 -0.6242543919115382 0.0 -0.6242543919115382 0.7884020668621766 0.0 0.0 0.0 1.2045209949707347  0.03666814645446738 -0.020456083979761296 0.0 -0.020456083979761296 0.02720804122140389 0.0 0.0 0.0 0.03442502447689363  0.2572730911423447 -0.10796088607985124 0.009203191255042644 -0.10796088168257731 0.2171903270020224 -0.015980100474765575 0.009203196364386896 -0.015980112557520038 0.29489848262819346 
4  0.89790995828663 -0.36026716615538484 0.0 -0.36026716615538484 1.113697415616345 0.0 0.0 0.0 1.1970607167533627  0.544161188921431 -0.8384807339298946 0.0 -0.8384807339298946 4.640431588138641 0.0 0.0 0.0 2.166881534214628  0.688208354519159 -0.5123372851390192 0.003215300317252923 -0.5123372783836575 2.3139136434158285 -0.012521309031492065 0.003215447383918819 -0.012521712172442976 1.6142822950036442 
5  0.642542821013009 -0.4941809529775867 0.0 -0.4941809529775867 1.5563165088724162 0.0 0.0 0.0 1.2676445674399488  15.41142607888641 -17.244013727626733 0.0 -17.244013727626733 127.88805746128241 0.0 0.0 0.0 54.02288808199849  3.3148787049832174 -1.8507488676918935 0.0693579986965097 -1.850749135683844 11.448848901429763 -0.7306184971845106 0.06936187209546621 -0.7306271011885986 8.555499066490066 
6  1.6393432534140702 -0.44538973052044006 0.0 -0.44538973052044006 0.6100003754048555 0.0 0.0 0.0 1.3833312884319457  0.11912995585913627 -0.02571366031351883 0.0 -0.02571366031351883 0.027405569074476856 0.0 0.0 0.0 0.07955588506687902  0.48721082326729953 -0.11783490199642022 0.0023712188885883965 -0.11783489666244323 0.21539940433003252 -0.014625332087750811 0.0023712348573108094 -0.014625347062206941 0.4390844926089781 
7  0.8462537887817276 -0.4399580659143791 0.0 -0.4399580659143791 1.1816786090135045 0.0 0.0 0.0 1.1791519960215175  0.27177642137455355 -0.03782015620254235 0.0 -0.03782015620254235 0.028601808225276186 0.0 0.0 0.0 0.1293997555361423  0.4846452751262828 -0.14656029957793362 0.003735984100826343 -0.14656029831436845 0.35843865135073666 -0.020861126162166534 0.0037360181867863505 -0.02086114698432125 0.47905646763430487 
8  0.6464943981567531 -0.33182255489420115 0.0 -0.33182255489420115 1.5468038127648767 0.0 0.0 0.0 1.033079145658847  0.42390334399171636 -0.09850009511326362 0.0 -0.09850009511326362 0.20213712778585224 0.0 0.0 0.0 0.30958733004611627  0.5254755308704211 -0.18407688648718915 0.0012632769693585702 -0.18407688728712654 0.6764344668467428 -0.011394420155381457 0.001263330891228913 -0.011394467557962154 0.6116426584179426 
9  0.3974344013866144 -0.6994840542873408 0.0 -0.6994840542873408 2.5161385036400628 0.0 0.0 0.0 1.3347608960147805  2.062283572865646 -2.519775639837722 0.0 -2.519775639837722 9.277607171107304 0.0 0.0 0.0 5.22921096359136  0.9475390301217655 -1.2371292989097011 0.010338228532909579 -1.2371292784888532 4.767318424497727 -0.057888938068647526 0.010338756477169005 -0.05788989187697798 2.6826597087910122 
10  0.4913750526328172 -0.536298494195014 0.0 -0.536298494195014 2.03510535311457 0.0 0.0 0.0 1.0163914736144377  0.09760054589639096 -0.08769558798878695 0.0 -0.08769558798878695 0.16890776309489938 0.0 0.0 0.0 0.16140629727759478  0.2360733915141862 -0.20779333519199883 0.004083008089836578 -0.20779334303159464 0.7081497591362613 -0.018754193141340737 0.004083037580759629 -0.018754238773251795 0.4623596776348728 
11  1.4916857736885356 -0.6444747623417206 0.0 -0.6444747623417206 0.6703824744049616 0.0 0.0 0.0 1.0368311189268467  11.540105094185371 -10.006839808276139 0.0 -10.006839808276139 68.97190681760969 0.0 0.0 0.0 38.69407833180562  4.058867131407319 -1.7059073985245408 -0.07329630250438361 -1.7059078642305334 6.515543001153019 -0.4490693789579542 -0.07329352313930171 -0.44907653594624053 6.686938398357521 
12  2.3890047220698927 -0.61944416127015 0.0 -0.61944416127015 0.41858435471553834 0.0 0.0 0.0 1.8916132675140027  23.80434625874621 -3.0749315901179957 0.0 -3.0749315901179957 2.7115752576582137 0.0 0.0 0.0 8.782090687822075  6.712621118466903 -1.205526790083928 -0.05252160360328432 -1.2055268487015771 1.2442102998403333 -0.035433683347245774 -0.052520273109847714 -0.035434679099018825 4.205441806997987 
13  1.0889112442748894 -0.4530981413774864 0.0 -0.4530981413774864 0.9183484928249632 0.0 0.0 0.0 1.4100949190450311  0.05165016890975228 -0.04468203826039152 0.0 -0.04468203826039152 0.18451458518278652 0.0 0.0 0.0 0.14701322057510133  0.3133955245571988 -0.14416863135061253 0.007210716028554845 -0.14416862814778172 0.45382150509914804 -0.011684920550209702 0.007210734396787711 -0.011684957761876117 0.534706483817631 
14  1.2312037231229602 -0.5417829541502066 0.0 -0.5417829541502066 0.812213268380549 0.0 0.0 0.0 1.1266569340667896  45.29376056908331 -19.542622234818595 0.0 -19.542622234818595 32.649339586950006 0.0 0.0 0.0 61.94975977918544  6.531933765080283 -2.202820774690838 0.05727281319864843 -2.2028210261125296 5.6947167779596555 -0.4521161101236954 0.05727827970847332 -0.4521230568774906 8.387484112429545 
15  0.9062955787191803 -0.3465644693904525 0.0 -0.3465644693904525 1.1033927820912988 0.0 0.0 0.0 1.8232430016060854  46.82139362183796 -37.50722779120456 0.0 -37.50722779120456 98.8551884521124 0.0 0.0 0.0 121.54637972082372  6.190879307159351 -2.3917900310975875 0.1344515734977504 -2.39179039335454 10.368653863384695 -0.7246257804584725 0.1344592533903838 -0.7246386061201293 12.973431488178031 
16  1.1229979656136126 -0.33416744494054673 0.0 -0.33416744494054673 0.8904735632834332 0.0 0.0 0.0 1.6524366513327027  3.816065631548266 -0.8346377447403862 0.0 -0.8346377447403862 2.003651845980837 0.0 0.0 0.0 3.1538649832152346  2.064610884551212 -0.525707529547794 -0.004697539512430713 -0.5257075283754687 1.3632063152711131 -0.006033051336712454 -0.004697153609307047 -0.00603340375522591 2.2902897763494905 
17  2.999144871572693 -0.4071115919363852 0.0 -0.4071115919363852 0.33342837469389053 0.0 0.0 0.0 1.361601615578591  3.1878526322664733 -3.338462627955243 0.0 -3.338462627955243 10.864117529204321 0.0 0.0 0.0 6.695888777746409  2.8350565370339273 -0.9873823050822815 0.026343720082023472 -0.9873823288362082 2.4514487071304454 -0.06578859471656641 0.026344619974646204 -0.06579030356070555 3.1763489299510144 
18  1.466486680629668 -0.40811404755641956 0.0 -0.40811404755641956 0.6819018632822688 0.0 0.0 0.0 1.485893360141221  8.893882219248198 -1.9911119045034433 0.0 -1.9911119045034433 1.8046482786099285 0.0 0.0 0.0 6.71823876621623  3.503707957262607 -0.8498893327307842 -0.01945918012105179 -0.8498893341361085 1.119601311844693 -0.012499597096674376 -0.019458354170159113 -0.012500142840311642 3.2247451643995437 
19  1.3234693195771556 -0.6080515328767824 0.0 -0.6080515328767824 0.7555898615915758 0.0 0.0 0.0 1.420508147574955  0.7775786834396317 -0.5439380624760676 0.0 -0.5439380624760676 1.4201646261391632 0.0 0.0 0.0 1.845766375001707  1.0263425036885985 -0.5655030839075704 0.0008507280471265808 -0.5655030819870985 1.0386649700626562 -0.0020120519657491256 0.0008508802070739657 -0.002012282394018093 1.6156523995418124 
20  2.4936403237499087 -0.5286413703680863 0.0 -0.5286413703680863 0.4010201433124931 0.0 0.0 0.0 1.048217340199198  4.8036417209692335 -1.4791622024578628 0.0 -1.4791622024578628 2.3829376457606455 0.0 0.0 0.0 4.00555973824034  3.4123475186488825 -0.8640990592413719 -0.006062498191068103 -0.8640990846909528 1.1039302797910038 -0.019524518081764038 -0.006061843873641503 -0.019525095948007207 2.141621557237133 
21  0.9330849243596486 -0.37661843969919084 0.0 -0.37661843969919084 1.071713810708359 0.0 0.0 0.0 1.766654084609374  30.545894155246526 -20.293489144523658 0.0 -20.293489144523658 32.89871596196167 0.0 0.0 0.0 32.93160913848298  4.947515606372307 -2.2604626119358553 0.0975911534605037 -2.2604627766277514 6.216041565052888 -0.36142378870731773 0.09759505577629866 -0.36142898283918296 7.779755571563164 
22  2.640853359736657 -0.41919630089012055 0.0 -0.41919630089012055 0.3786654780785401 0.0 0.0 0.0 1.7211529465662787  19.695786773759735 -3.8751415571737 0.0 -3.8751415571737 4.714831604726779 0.0 0.0 0.0 18.119317947820182  6.8235935196948425 -1.2448030931674785 -0.07395193023648704 -1.2448032089683678 1.7413212342308368 -0.09073772457828162 -0.07394970912486563 -0.09073964957542362 5.8343755715456735 
23  0.6154404615814363 -0.33904897315532145 0.0 -0.33904897315532145 1.624852544518115 0.0 0.0 0.0 1.3783747863523765  0.28569767996668693 -0.294472662532891 0.0 -0.294472662532891 0.9936147170116745 0.0 0.0 0.0 0.7731443848053343  0.43181775743975764 -0.32014275993858815 -0.0004231900283747407 -0.32014276399879066 1.2875386802547741 -0.0027051615525746486 -0.00042311845604400356 -0.002705280631265954 1.0496385929926082 
24  1.8262293144449797 -0.4648403233664704 0.0 -0.4648403233664704 0.5475763597102897 0.0 0.0 0.0 1.5470936188676323  62.045371102484765 -9.792311107979225 0.0 -9.792311107979225 8.170368243493582 0.0 0.0 0.0 32.98734131223343  8.599746728902113 -1.6226695746969402 -0.0043664020934380526 -1.6226696920811372 2.6059333033458403 -0.19430641001298615 -0.004362150566817146 -0.19430959821068017 7.471521746520035 
25  1.7676119166825497 -0.32829990031457235 0.0 -0.32829990031457235 0.5657350409114676 0.0 0.0 0.0 1.0111579802116817  0.006012766909141703 -0.00737121045089215 0.0 -0.00737121045089215 0.05283126974914396 0.0 0.0 0.0 0.028399636365518753  0.15626261175449294 -0.03887663740035244 0.012930920151975745 -0.038876636755886575 0.21576566707263461 -0.010064016004284885 0.012930927586050384 -0.01006403602803036 0.2606931138216134 
26  2.1715216345661674 -0.518230119879152 0.0 -0.518230119879152 0.46050657938749145 0.0 0.0 0.0 1.1659144819455036  35.43033964451683 -11.637786446861849 0.0 -11.637786446861849 36.49597013174416 0.0 0.0 0.0 54.36559983413266  8.017439122062965 -1.904887854718314 -0.14363486422081745 -1.9048885533645028 5.160695566052468 -0.4058697757718465 -0.14362941426861478 -0.40587812806995127 8.657870003186652 
27  0.43860645840502 -0.48666552851737066 0.0 -0.48666552851737066 2.2799481878047847 0.0 0.0 0.0 1.1111194335738215  0.04279061871709328 -0.07561666904547393 0.0 -0.07561666904547393 0.34051087380060546 0.0 0.0 0.0 0.13893537831297526  0.17085070240964614 -0.18657692157938344 0.005354816514936282 -0.18657692966182898 0.9529656564297494 -0.017578806122277874 0.005354838591956782 -0.01757886167739471 0.4696289077757628 
28  1.8444214302084785 -0.604323931003987 0.0 -0.604323931003987 0.5421754397458763 0.0 0.0 0.0 1.2115361455822042  0.4444136982897075 -0.14202224301140257 0.0 -0.14202224301140257 0.3728047289385194 0.0 0.0 0.0 0.444092620621774  0.9364283434364542 -0.30426865273157083 -0.001445450944977923 -0.30426864956072636 0.4348258330928958 0.00031061407211828337 -0.0014453955681945462 0.00031055137597300333 0.7699831329995744 
29  2.748659725740954 -0.697019667550853 0.0 -0.697019667550853 0.36381367640202567 0.0 0.0 0.0 1.8959960250340437  27.142204853032364 -6.141454303751017 0.0 -6.141454303751017 9.603734332105416 0.0 0.0 0.0 25.029625904198188  8.017460836611724 -1.7968564087192012 -0.1016699759016223 -1.7968567752024247 2.6648288440308434 -0.1753469505486672 -0.10166714560873544 -0.17535060707239083 7.131552045977755 
30  1.051034244772889 -0.4569470689440658 0.0 -0.4569470689440658 0.9514437849892162 0.0 0.0 0.0 1.1270101264614636  12.223028374600563 -4.133708738993436 0.0 -4.133708738993436 3.671643543402657 0.0 0.0 0.0 8.905771856753637  3.3909907427292327 -1.2167614750090547 -0.004062298081872385 -1.2167614720461677 1.8208615139346145 -0.0355763236998507 -0.004061123436861356 -0.035577206618288025 3.333425276787762 
31  1.2985317186416443 -0.4216205118133662 0.0 -0.4216205118133662 0.7701005571477841 0.0 0.0 0.0 1.1216197548685343  1.9244090943006933 -0.8982143376351389 0.0 -0.8982143376351389 3.912728902640751 0.0 0.0 0.0 3.4391631333704105  1.5740382148287204 -0.597976416360474 -0.0003564218148331383 -0.5979764190479003 1.8376857239241149 -0.02485365974327459 -0.00035610747689166465 -0.024854183173515284 2.0106623924222817 
32  0.35649751933160306 -0.5849112926111698 0.0 -0.5849112926111698 2.805068607138976 0.0 0.0 0.0 1.4268215757609939  5.283841869745213 -1.1471076627966315 0.0 -1.1471076627966315 0.7550810553929221 0.0 0.0 0.0 3.4659638544988782  1.3786766664440557 -0.6007575434356993 0.002821458059336435 -0.6007575007376098 1.5221923097827192 0.0211187205531449 0.0028220539150922517 0.021118437994220723 2.228217408837053 
33  1.2026331793931329 -0.5806845602579284 0.0 -0.5806845602579284 0.8315087402666002 0.0 0.0 0.0 1.445894183686526  27.282422988591666 -7.533281259605196 0.0 -7.533281259605196 12.291027837140506 0.0 0.0 0.0 27.903382665172437  5.3253812509259735 -1.6847946321558829 0.0055491205637106114 -1.6847947096435723 3.713536149384675 -0.23189063532549056 0.005552030819113107 -0.23189384475930586 6.503010017394741 
34  0.6776116601774308 -0.4883938278926848 0.0 -0.4883938278926848 1.4757715351860277 0.0 0.0 0.0 1.1014187814004042  7.860176094295456 -11.870492317627436 0.0 -11.870492317627436 70.94049108031686 0.0 0.0 0.0 26.153061366764817  2.3229587465900834 -1.6974573326345093 0.04119904149348606 -1.6974575487197836 8.831595995332284 -0.5003625844999069 0.0412010814062054 -0.5003676556131814 5.8296684906038125 
35  0.5631283356968383 -0.49091747020078835 0.0 -0.49091747020078835 1.7757941424889563 0.0 0.0 0.0 1.9821463009737583  29.90993736707352 -12.75196996900319 0.0 -12.75196996900319 12.72438273290058 0.0 0.0 0.0 31.54037301124847  4.054230511356347 -1.864238873198704 0.15010376701034045 -1.8642388058571087 4.445601099219027 -0.21240555095125058 0.15010737574354768 -0.21240852539337268 7.6197912988333405 
36  0.7881875126145494 -0.4053245144442591 0.0 -0.4053245144442591 1.268733624924903 0.0 0.0 0.0 1.5303697587224192  44.507188220412125 -35.721298614164866 0.0 -35.721298614164866 142.75569656118392 0.0 0.0 0.0 81.5776108872206  5.663935104592823 -2.1596800748999976 0.14364324725711577 -2.159680407614664 11.656045362261738 -0.7639646363586489 0.14365017300346736 -0.7639766095403281 11.173852333609378 
37  0.37324042133100144 -0.598826329382999 0.0 -0.598826329382999 2.6792382144300717 0.0 0.0 0.0 1.7396227038538108  0.08871879411937647 -0.019430403075392712 0.0 -0.019430403075392712 0.009255842380825182 0.0 0.0 0.0 0.030932402106889415  0.17200810058050592 -0.10042753971444407 0.008338116881948437 -0.1004275442676807 0.4076158741756087 -0.039140701694194854 0.008338136389887665 -0.03914070921033976 0.3849137472899836 
38  0.3887949765983904 -0.47497021775237064 0.0 -0.47497021775237064 2.5720496924860217 0.0 0.0 0.0 1.4079756050933119  10.23163593124804 -3.8377792377115196 0.0 -3.8377792377115196 7.236043201954897 0.0 0.0 0.0 8.640045052777879  2.1078652479060875 -1.1114165828055884 0.03634729312311525 -1.1114165414621722 4.206565673320993 -0.06283276024310253 0.03634866733522072 -0.06283395846634653 3.6653928582553954 
39  1.4323950245783288 -0.5913830578735646 0.0 -0.5913830578735646 0.6981314391917703 0.0 0.0 0.0 1.464078800049406  34.468510221014945 -9.530528377120707 0.0 -9.530528377120707 6.670072584898933 0.0 0.0 0.0 16.261170571110906  5.958800234660655 -1.7775119092994638 0.010450616926308904 -1.7775119245527033 2.2558663831685535 -0.10125098836340116 0.010452994012439305 -0.10125280650343799 5.095125411425114 
40  1.596180950421611 -0.41220570672275547 0.0 -0.41220570672275547 0.6264953855863664 0.0 0.0 0.0 1.2179864512231209  4.3742376159752245 -1.590794605106906 0.0 -1.590794605106906 4.2149233115005105 0.0 0.0 0.0 5.253996716119842  2.6200542881879954 -0.804497756364622 -0.009160582763008471 -0.8044977747547256 1.8123932606088298 -0.036845083874775045 -0.009159973669751286 -0.036845855286244726 2.634199239028698 
41  0.7763500767236756 -0.41441304254565203 0.0 -0.41441304254565203 1.2880787031285728 0.0 0.0 0.0 1.372898267760129  100.05635559891405 -44.67459550577528 0.0 -44.67459550577528 42.898508955532634 0.0 0.0 0.0 107.14627997968297  6.856888329232967 -2.465028126696245 0.3125678125871335 -2.4650280902939747 6.9949595160006 -0.5572066507450172 0.3125762824109937 -0.5572150386513965 10.915017907203108 
42  2.8818133156377166 -0.4736106032066737 0.0 -0.4736106032066737 0.347003740517699 0.0 0.0 0.0 1.131567518984655  1.1174258468720666 -0.7943756037801183 0.0 -0.7943756037801183 1.2843634461675806 0.0 0.0 0.0 2.094095881024417  1.7536603571272045 -0.5900486718765311 0.00910362868118848 -0.5900486749874564 0.7155684287210138 -0.004996668326912832 0.009103929451488878 -0.0049969552103131965 1.5432607766412056 
43  1.9357135179037128 -0.3841214662148976 0.0 -0.3841214662148976 0.5166053709657167 0.0 0.0 0.0 1.8417948026138786  0.13891692505842507 -0.18371819089633976 0.0 -0.18371819089633976 0.5309787262150573 0.0 0.0 0.0 0.27349011692793046  0.6058904426829969 -0.23430671519485566 0.0018294856160180183 -0.2343067051091331 0.5174085247834136 0.0003296456713117407 0.0018295356013647954 0.00032956347690377364 0.8026850661241248 
44  2.0007597953708656 -0.3737420188632397 0.0 -0.3737420188632397 0.4998101232910059 0.0 0.0 0.0 1.2147101441776293  1.0052120009313548 -0.2729511892992747 0.0 -0.2729511892992747 0.22972605939519833 0.0 0.0 0.0 0.5925317564168051  1.4274063920199407 -0.32149150509833263 -0.002464924752962299 -0.3214915049300466 0.3553691146006706 -0.0020186782504909547 -0.0024648137645148773 -0.0020187421120434527 0.8734972101514613 
45  0.8100986297687491 -0.5450622317318035 0.0 -0.5450622317318035 1.2344175921954839 0.0 0.0 0.0 1.6248867736010162  0.6197293124459856 -0.30581804002262253 0.0 -0.30581804002262253 0.6583634992663877 0.0 0.0 0.0 0.7365267604176287  0.709592680597814 -0.41432491787911596 0.0011220628188142537 -0.4143249178615566 0.9229099480675154 -0.0035110369119308333 0.0011221570534191646 -0.0035111364401832256 1.1222958020587452 
46  0.8700406530025341 -0.5693800177505642 0.0 -0.5693800177505642 1.1493715799933861 0.0 0.0 0.0 1.9105359499335743  0.030449235393987886 -0.023176970213193305 0.0 -0.023176970213193305 0.03927891145242712 0.0 0.0 0.0 0.04271993534926682  0.21485442341809854 -0.11459825495447588 0.012002814292649844 -0.11459825419953927 0.32429898317403233 -0.023183742875115158 0.012002817668779404 -0.02318375915909894 0.3938845030680616 
47  1.5269318755051062 -0.6277640167316496 0.0 -0.6277640167316496 0.6549080650171127 0.0 0.0 0.0 1.4512129697104676  0.11991452653709854 -0.0744656193609439 0.0 -0.0744656193609439 0.2692179647668913 0.0 0.0 0.0 0.2920551484461849  0.5029211692239499 -0.22190677335097536 0.0034189154952340415 -0.22190676647407914 0.4066686679101271 -0.0038548000684134765 0.003418932542568639 -0.0038548422047093257 0.7019003024461798 
48  2.4118657803417642 -0.42281186437099055 0.0 -0.42281186437099055 0.4146167701995004 0.0 0.0 0.0 1.2973062713446102  1.1701249819081243 -1.0490303411628892 0.0 -1.0490303411628892 3.9393340062467264 0.0 0.0 0.0 2.2485643834336977  1.637999466162019 -0.5653863696122248 0.0066296765281408975 -0.5653863651617168 1.44986372234385 -0.010940652164427132 0.006629951723029058 -0.010941168203375201 1.7142535973804711 
49  0.43003303892265715 -0.4001655143604324 0.0 -0.4001655143604324 2.325402723719219 0.0 0.0 0.0 1.197915981890656  2.3171208445029716 -3.4617851057364732 0.0 -3.4617851057364732 12.707842942326256 0.0 0.0 0.0 8.82740265295566  1.0176263634138487 -1.1874115835262777 0.026565252932198587 -1.187411622155635 5.320528834417523 -0.11656028837231751 0.026565912387632565 -0.11656176877349295 3.3689572108014083 
50  2.792656448373358 -0.43678822881342827 0.0 -0.43678822881342827 0.3580819977274581 0.0 0.0 0.0 1.4594440913352347  74.44018064724925 -50.37829572646574 0.0 -50.37829572646574 130.38257048301253 0.0 0.0 0.0 110.42896054285586  15.13668866972024 -3.9568639492318503 1.0659837530929708 -3.9568633609038457 15.105705164967839 -2.7614023521647013 1.0659849471238183 -2.761404762117115 21.083689939616207 
51  2.550975146415276 -0.48326199386897367 0.0 -0.48326199386897367 0.3920069552246468 0.0 0.0 0.0 1.0940196959120456  27.681085746786636 -9.737760949369852 0.0 -9.737760949369852 10.478862003736968 0.0 0.0 0.0 18.213202832700556  8.274866822832783 -2.2172439685529777 0.2153934629545538 -2.217244060550139 3.1660658652867504 -0.1644944362025676 0.21539447654949612 -0.16449511355707436 6.172664398594586 
52  0.7292813486627798 -0.4846461954351611 0.0 -0.4846461954351611 1.3712129095768233 0.0 0.0 0.0 1.3277289056846808  1.0335874203499478 -0.35300363582810873 0.0 -0.35300363582810873 0.7865851674448386 0.0 0.0 0.0 1.2054518894956434  0.8684238039393729 -0.4107257618716258 -0.00026626617942696875 -0.41072576425967555 1.04388716110029 4.905247861595762e-06 -0.0002660588231190845 4.643098591065023e-06 1.2639119690650205 
53  0.6662703924661635 -0.6799054725565448 0.0 -0.6799054725565448 1.5008921472535417 0.0 0.0 0.0 1.2319135822387575  2.7607219504770906 -1.8509692746180852 0.0 -1.8509692746180852 3.0833910948459993 0.0 0.0 0.0 5.812662412978178  1.4346638286362474 -1.0979995630075892 0.030081241283569312 -1.097999579625898 2.166675018980233 -0.015344083148099494 0.030081648054104272 -0.015344569204657143 2.8507866502464023 
54  3.1088354051253635 -0.34307276352021904 0.0 -0.34307276352021904 0.3216638611202625 0.0 0.0 0.0 1.6555731963283196  0.01536774013292987 -0.012440115367730266 0.0 -0.012440115367730266 0.10004742780961047 0.0 0.0 0.0 0.07740761644672331  0.1653108235583067 -0.03453639686459639 0.009766432278319153 -0.03453637578571653 0.17794742773887093 -0.001054521589607305 0.00976653782113562 -0.0010545987064825462 0.35423502279606084 
55  0.33012506262871827 -0.4318876882056852 0.0 -0.4318876882056852 3.0291550482026564 0.0 0.0 0.0 1.8855081546670756  0.20177178607140908 -0.2052751091245112 0.0 -0.2052751091245112 0.988224841403715 0.0 0.0 0.0 0.4711133048588493  0.25721645678216304 -0.2881783386823012 0.0012883504434339583 -0.28817832836674334 1.7315215121377543 0.0035328482060456305 0.0012884696648980461 0.00353257184787519 0.9676781057849937 
56  0.600340669356106 -0.3513562237228336 0.0 -0.3513562237228336 1.665720899889304 0.0 0.0 0.0 1.5091466038401125  0.024271584042740282 -0.005970363470771554 0.0 -0.005970363470771554 0.005356710426206367 0.0 0.0 0.0 0.012706904470721748  0.09718654142569912 -0.02868059157040803 0.003924331319442405 -0.028680595191749616 0.1161460861199124 -0.002073014450553908 0.0039244428129672085 -0.0020732336970395197 0.12229273482925207 
57  0.8870991524875137 -0.35555267854214717 0.0 -0.35555267854214717 1.1272697050785148 0.0 0.0 0.0 1.053589886911775  0.13718535205077112 -0.02739777096130133 0.0 -0.02739777096130133 0.01602106647437315 0.0 0.0 0.0 0.050452300917641066  0.31929687042967936 -0.0825821905015052 0.00511976485857603 -0.08258222865148743 0.20668630443195224 -0.002435170185097751 0.005119976094240103 -0.002435473605873856 0.2695221118763091 
58  1.8921108159816107 -0.5897497596602903 0.0 -0.5897497596602903 0.5285102709384433 0.0 0.0 0.0 1.4903963290746554  0.02807563797330459 -0.03354140384764777 0.0 -0.03354140384764777 0.22137279317476016 0.0 0.0 0.0 0.11121742821427424  0.20964502739712226 -0.08908548006482299 0.008373779536627685 -0.08908544997293079 0.30101093365480663 -0.0022343735409951723 0.008373886064479792 -0.0022344638996623033 0.4267825859124146 
59  0.5219450434968461 -0.6538349361800931 0.0 -0.6538349361800931 1.9159105205796298 0.0 0.0 0.0 1.5399781240538566  0.5760528670244573 -0.13999915212724062 0.0 -0.13999915212724062 0.13953950761060535 0.0 0.0 0.0 0.5447762433475056  0.5116990669055282 -0.287718978455277 -0.0018549543238092813 -0.2877189862893512 0.6365829622924895 0.00021587576665996498 -0.0018547271701412264 0.00021547043906747774 0.9172966844882214 
60  0.3270718163398976 -0.4936213920734938 0.0 -0.4936213920734938 3.057432496601254 0.0 0.0 0.0 1.2764352149388634  0.01797769680027798 -0.006464403667558862 0.0 -0.006464403667558862 0.010040619249845112 0.0 0.0 0.0 0.022164413663989236  0.06836725240289222 -0.030829614948156538 0.0032468173569279632 -0.030829604059211615 0.17866332653068315 3.269693461174677e-05 0.0032468861030871435 3.247890017282872e-05 0.14690063776755252 
61  0.40037078728972325 -0.33689976511390907 0.0 -0.33689976511390907 2.497684725625006 0.0 0.0 0.0 1.564515852095115  1.5756535626053896 -1.7016582219017098 0.0 -1.7016582219017098 7.879716898977745 0.0 0.0 0.0 4.651278107707464  0.8554910704641867 -0.8090163956653477 0.014307822044845864 -0.8090164315336901 4.588338772160418 -0.007597375838671551 0.014308128115889796 -0.007597968944782357 2.835750610360549 
62  2.299234166847946 -0.6563783220065229 0.0 -0.6563783220065229 0.43492742688793407 0.0 0.0 0.0 1.5529679876532576  0.00811168988225103 -0.008507593846525673 0.0 -0.008507593846525673 0.02551048476748634 0.0 0.0 0.0 0.016875728876882896  0.07489258318082041 -0.029063983530710307 0.005272929499219583 -0.02906396291543864 0.09686866146145427 -0.0007430878536854895 0.005272982349175752 -0.0007431514020076568 0.1338659920512278 
63  1.455392341083823 -0.6515185446998104 0.0 -0.6515185446998104 0.687099946709425 0.0 0.0 0.0 1.5695492495530046  1.7018651808641383 -0.43562508569292585 0.0 -0.43562508569292585 0.28455569970284705 0.0 0.0 0.0 1.0913169516820103  1.5647703645933562 -0.5297388888296588 -0.0005724286230787544 -0.5297388915935631 0.45676928949559564 -0.00036554585882401743 -0.0005720897409574463 -0.00036582725662939703 1.3064317816212452 
64  0.8147062837013601 -0.5470331495253313 0.0 -0.5470331495253313 1.2274362184329997 0.0 0.0 0.0 1.43976722348843  0.07619090271229739 -0.014977802563095773 0.0 -0.014977802563095773 0.015868907093373505 0.0 0.0 0.0 0.04323083692619653  0.21714218260425658 -0.0745112507424975 0.005636899440537242 -0.07451125708951072 0.20169415653105394 -0.001935808440726305 0.005637088579176132 -0.0019360914914813494 0.2643769962838322 
65  0.7698268385871438 -0.6388763097545775 0.0 -0.6388763097545775 1.2989934227745175 0.0 0.0 0.0 1.0765512491502252  11.9650006732907 -3.6131608051060886 0.0 -3.6131608051060886 2.255874388317137 0.0 0.0 0.0 6.134214501137981  3.1382683706274337 -1.2691460919420872 0.07924897642569204 -1.2691461249519431 1.5507073041710568 -0.021426173987247908 0.07924966043693137 -0.021426703840109265 2.8835750843337165 
66  0.3168297987521448 -0.5793092847592545 0.0 -0.5793092847592545 3.156268772503617 0.0 0.0 0.0 1.2383298982334887  0.010886423493420262 -0.009521630228975482 0.0 -0.009521630228975482 0.0233104203845383 0.0 0.0 0.0 0.02323461800453417  0.052940711540930746 -0.037618378032410485 0.0030416878890558315 -0.03761835395957595 0.23293086554684495 0.0022902794341431118 0.003041736263944523 0.0022901255442308254 0.149643393812527 
67  2.0844875772432996 -0.5307403667602382 0.0 -0.5307403667602382 0.4797342094609571 0.0 0.0 0.0 1.8097736075811426  0.3660456087443721 -0.6452515328555396 0.0 -0.6452515328555396 2.423564973710336 0.0 0.0 0.0 1.0479555018296314  0.8320895790127946 -0.5096994175860201 0.005275097071261596 -0.5096993807996373 1.1995730426599303 -0.001085032172083197 0.0052752740971164355 -0.0010851569032496824 1.3782534722440472 
68  0.3623187891476749 -0.3949971811935392 0.0 -0.3949971811935392 2.7600003917887275 0.0 0.0 0.0 1.7051554796515171  0.034750631853026646 -0.05959247292565575 0.0 -0.05959247292565575 0.28935831771260384 0.0 0.0 0.0 0.11753539046375079  0.12078656726804522 -0.12840143587769196 0.005364246462010051 -0.1284013870992774 0.8806307176584619 0.004275959569885888 0.005364327071084372 0.004275759581134447 0.4724367543458422 
69  0.6591041539970055 -0.5559578968234935 0.0 -0.5559578968234935 1.5172108898657364 0.0 0.0 0.0 1.2253282889812904  0.0570111204720398 -0.01747205914087576 0.0 -0.01747205914087576 0.018278338561376138 0.0 0.0 0.0 0.033623945505034857  0.16781734008814067 -0.07088445733334657 0.00453296926108034 -0.07088445892915027 0.21237289190939632 -0.0016637172674836727 0.004533108884055314 -0.0016639552274908317 0.2161595463857544 
70  0.5868445567584268 -0.6309096086760604 0.0 -0.6309096086760604 1.7040287559685887 0.0 0.0 0.0 1.3453156390790688  2.3035180226904384 -0.4115406220138324 0.0 -0.4115406220138324 0.6634243903842297 0.0 0.0 0.0 1.3958361404308197  1.1572362672999403 -0.4915314448503117 0.0004526714769009586 -0.49153145841864193 1.0887105869328293 1.0788415942638792e-06 0.00045297457611893167 7.547155293427191e-07 1.3710534715876934 
71  0.45702016557200204 -0.30287838242469906 0.0 -0.30287838242469906 2.1880872559494384 0.0 0.0 0.0 1.2554372334436756  0.1283861678673636 -0.13475089857459074 0.0 -0.13475089857459074 0.3099323762975952 0.0 0.0 0.0 0.28874730814235655  0.24548924984726966 -0.1937069105141035 0.003353111753215497 -0.1937068901286313 0.8539167524257881 0.002877920348410561 0.003353208178499085 0.0028776743764436 0.614208969537831 
72  0.7162877227686671 -0.4630224607792338 0.0 -0.4630224607792338 1.3960870306902646 0.0 0.0 0.0 1.4956379650886205  1.9042205857726582 -0.8136820385311071 0.0 -0.8136820385311071 1.1095030432912647 0.0 0.0 0.0 2.6904782641737133  1.2031137703526913 -0.605668917797349 0.006104122257799 -0.6056689254619789 1.2274483663224443 -0.0021745159385575153 0.0061044063251481755 -0.002174897634380154 2.035258200731134 
73  1.061910784796939 -0.6943664003839076 0.0 -0.6943664003839076 0.9416986947648548 0.0 0.0 0.0 1.0403745410945937  66.63437717483095 -47.39833969210577 0.0 -47.39833969210577 119.13666074600245 0.0 0.0 0.0 173.08701554064476  9.911568160980027 -3.8008011670939914 1.1090557749177847 -3.8008002042762534 16.962156213359933 -2.8994160966498277 1.1090560730957024 -2.899418331354749 20.602604568572307 
74  0.6874161605402143 -0.6887564350635651 0.0 -0.6887564350635651 1.4547228555321394 0.0 0.0 0.0 1.398992297250468  2.7125544338962726 -2.8810048710267204 0.0 -2.8810048710267204 8.334050881260232 0.0 0.0 0.0 8.216664139959873  1.4291576486842295 -1.367792052174165 0.036498155082724464 -1.3677920783749384 3.8482151318105626 -0.03031260942754989 0.036498600970494025 -0.030313170452289994 3.6885971845291525 
75  1.2547841619553854 -0.658695323802819 0.0 -0.658695323802819 0.7969498104292742 0.0 0.0 0.0 1.6145238696069504  62.1393470588358 -34.236191512338145 0.0 -34.236191512338145 138.00065135508336 0.0 0.0 0.0 163.90727614130464  11.080069901108839 -3.3609647110493994 1.188967026864969 -3.3609637001615256 19.553755224172182 -3.0471182157937355 1.1889676616473241 -3.0471208033677284 23.771710209113863 
76  1.6122044757884828 -0.5628350939631788 0.0 -0.5628350939631788 0.6202687159213652 0.0 0.0 0.0 1.1821940116333542  0.03942330350844696 -0.038963230652436516 0.0 -0.038963230652436516 0.17210686083882262 0.0 0.0 0.0 0.12779968604161707  0.2305190040465146 -0.10361063164152101 0.006979782066750008 -0.10361060691633249 0.3044058804007188 -0.001772310892569537 0.0069798845606710135 -0.0017724142113165204 0.40481897082380125 
77  0.5778662073312414 -0.5828318416430973 0.0 -0.5828318416430973 1.730504375084154 0.0 0.0 0.0 1.1711946932734583  0.029571658111298933 -0.019066720572586536 0.0 -0.019066720572586536 0.07885153735720118 0.0 0.0 0.0 0.06527836839488502  0.12469412003491914 -0.08408922350332765 0.004468071207255711 -0.0840891982843356 0.37769544968869717 0.0009571859154952155 0.004468153071557527 0.0009570285869545637 0.29021539088527115 
78  1.0455583444753613 -0.551809819552702 0.0 -0.551809819552702 0.9564267793221798 0.0 0.0 0.0 1.365426021975379  52.149860108957924 -20.703475481300753 0.0 -20.703475481300753 26.516164468135365 0.0 0.0 0.0 62.599515306464575  8.48065243702807 -2.8679400942563094 0.6704974988397824 -2.867940122786857 7.136236599887634 -0.5884208861061033 0.6704984927757542 -0.5884220419275684 13.030984866121246 
79  0.36559573553179403 -0.3633748950018974 0.0 -0.3633748950018974 2.7352616642133536 0.0 0.0 0.0 1.025682717243207  0.4642108992650094 -0.17323107083413292 0.0 -0.17323107083413292 0.13444095088054933 0.0 0.0 0.0 0.3540261826314678  0.4075518002918914 -0.20670840318147016 -0.0009927515267287147 -0.2067084123546301 0.6982237626286295 0.002611463346633774 -0.0009926220980150005 0.002611086024308623 0.6121248458643053 
80  0.7626059947327756 -0.4474637119064336 0.0 -0.4474637119064336 1.31129312765291 0.0 0.0 0.0 1.0966021063570246  0.06991423987116831 -0.018403139877897216 0.0 -0.018403139877897216 0.050963497190137104 0.0 0.0 0.0 0.07648934548077538  0.21702051461787936 -0.08448720770204647 0.004994911825068685 -0.08448719394399808 0.3116777430620924 9.695378699634534e-05 0.004995034703767104 9.676220519916737e-05 0.31665787501209275 
81  0.33719250894006636 -0.34197367150452784 0.0 -0.34197367150452784 2.9656649346790296 0.0 0.0 0.0 1.8684665971418009  3.023879850911412 -1.6843123970811682 0.0 -1.6843123970811682 1.9805123439507126 0.0 0.0 0.0 2.962273295074793  1.1634049514001874 -0.7702622063341709 0.011189928315551672 -0.7702622135852424 2.2225614557809865 -0.007423759559543068 0.011190272546781184 -0.007424392687659088 2.3783696533736736 
82  0.8018818579841803 -0.46838212226800524 0.0 -0.46838212226800524 1.247066497443727 0.0 0.0 0.0 1.6735480077130964  0.006690064058771004 -0.006711621998769127 0.0 -0.006711621998769127 0.03708821514700089 0.0 0.0 0.0 0.01838173379935627  0.06122702674108757 -0.03183900267929154 0.004838798682700858 -0.03183896610711117 0.21146838857389225 0.0015588889148933673 0.004838854278704937 0.0015587881795875167 0.1584115484854898 
83  1.7885781147101716 -0.5165156702010331 0.0 -0.5165156702010331 0.5591033412382126 0.0 0.0 0.0 1.05990458548486  0.15356034029097082 -0.13052057944300957 0.0 -0.13052057944300957 0.23564019260699987 0.0 0.0 0.0 0.21589885549743015  0.4760783209247396 -0.21209172673358892 0.00721714288931492 -0.21209171535427832 0.35516665466748076 -0.0014949875378470138 0.007217279398273488 -0.0014951131039063466 0.4976697063086526 
84  0.46407947959919954 -0.411979757856566 0.0 -0.411979757856566 2.1548033127076556 0.0 0.0 0.0 1.7157848766125119  1.1640831519257873 -0.47383455990080475 0.0 -0.47383455990080475 1.37537672044576 0.0 0.0 0.0 1.3725468391020248  0.7561794035849209 -0.42682322203971323 -0.0015169780011232228 -0.4268232331579465 1.7168837026493744 0.0005495598454359367 -0.001516760207426601 0.0005492282478538875 1.5326092623815462 
85  0.5453983860046003 -0.3924607166566352 0.0 -0.3924607166566352 1.833522110920888 0.0 0.0 0.0 1.8581365138610235  0.18842804390399454 -0.10409672686767654 0.0 -0.10409672686767654 0.265524231891939 0.0 0.0 0.0 0.3788127129513186  0.3215920961463981 -0.19190506224067722 0.003988668974476669 -0.19190505330185761 0.759693661559514 0.001477409822469489 0.003988809885136381 0.0014771252259329433 0.8447952261408969 
86  1.702390315516892 -0.6118572045161492 0.0 -0.6118572045161492 0.5874093566470817 0.0 0.0 0.0 1.698273073371452  1.20525267852986 -0.5715367328229068 0.0 -0.5715367328229068 2.4949310159367264 0.0 0.0 0.0 2.3376822702889557  1.4272485829121144 -0.5756998674338236 -0.0011528150556688506 -0.5756998505985457 1.3370927641206383 0.0004652678014857422 -0.001152546700452721 0.0004650617873551706 2.0067087595954547 
87  1.0040431574688533 -0.6410731402788015 0.0 -0.6410731402788015 0.9959731238256273 0.0 0.0 0.0 1.1509257242681263  0.016053536465684283 -0.011249282306054677 0.0 -0.011249282306054677 0.040568022527601576 0.0 0.0 0.0 0.04743661068405325  0.1079652199713054 -0.05555493406576672 0.004689443226454469 -0.05555491327920094 0.20510065828003143 -0.00018646938975130247 0.0046895201440511885 -0.00018659365791740402 0.22555094636723813 
88  2.616048035643705 -0.5045331828291273 0.0 -0.5045331828291273 0.38225597786240184 0.0 0.0 0.0 1.081248916775259  0.008867180763397505 -0.010340150335927016 0.0 -0.010340150335927016 0.03334133254423075 0.0 0.0 0.0 0.018888316182662797  0.08191452854870293 -0.029424846021337027 0.005355168985841654 -0.029424821377339323 0.11200692970046072 -0.000583993010190165 0.005355221003540611 -0.0005840536664315309 0.13904916563511419 
89  0.9364231106624045 -0.30740705416382275 0.0 -0.30740705416382275 1.0678933364775915 0.0 0.0 0.0 1.1026403284543627  38.94060458229624 -16.70600408124043 0.0 -16.70600408124043 15.870407028057809 0.0 0.0 0.0 28.91981667236435  6.517940835563786 -2.358548100688062 0.4083172330978451 -2.358548221875838 4.679420641148633 -0.24638790924372525 0.40831818422878374 -0.24638886331777274 7.991505648045752 
90  1.7435764181494733 -0.31960419630424575 0.0 -0.31960419630424575 0.5735337950150413 0.0 0.0 0.0 1.0874363590767118  13.363634766708735 -3.4472008293737852 0.0 -3.4472008293737852 2.302367192417722 0.0 0.0 0.0 7.664176346321567  4.817675192735306 -1.1188271440242594 0.08109621519992213 -1.1188271753175278 1.1889739570537063 -0.02554799832396508 0.08109682650166065 -0.025548413194070224 3.388522690369813 
91  0.5025608022829239 -0.6812921942814554 0.0 -0.6812921942814554 1.989808985216152 0.0 0.0 0.0 1.0800551316363645  10.27778730127146 -14.662533464215578 0.0 -14.662533464215578 65.55077506954507 0.0 0.0 0.0 42.9759288557558  2.769585595087151 -2.5242260197392183 0.3503184355273862 -2.5242260047358807 13.936950950154165 -0.5718417278325477 0.3503194524591227 -0.5718432741092182 9.436215665805788 
92  2.5228282456788156 -0.3455138298165821 0.0 -0.3455138298165821 0.3963805311411244 0.0 0.0 0.0 1.0572722655981772  0.4518057990604549 -0.20480462110589737 0.0 -0.20480462110589737 0.26699175168463035 0.0 0.0 0.0 0.6694066071771626  1.003220322349359 -0.2484820463897974 0.0033382956692356875 -0.2484820487092321 0.3256042790589237 -0.0001920792403369324 0.0033384657566601778 -0.00019222174902591875 0.841207388779036 
93  1.1080484442942387 -0.5738820048345549 0.0 -0.5738820048345549 0.9024876169894728 0.0 0.0 0.0 1.3892876441715727  0.2459558365097016 -0.10901032251922552 0.0 -0.10901032251922552 0.3906576463409213 0.0 0.0 0.0 0.41640478054943564  0.5161252238775632 -0.24944859029206062 0.00542499629377465 -0.24944857874146667 0.5798975066564667 -0.0023693060470721477 0.005425156322296418 -0.002369471936488516 0.7748709594042924 
94  2.0930414869053604 -0.38071692549568054 0.0 -0.38071692549568054 0.4777736161735318 0.0 0.0 0.0 1.0150464163252848  2.0059773508628367 -0.27343044848972503 0.0 -0.27343044848972503 0.31727830362041043 0.0 0.0 0.0 0.8935000432535974  2.0463894210676457 -0.32276743285586373 3.874452901226732e-05 -0.32276743256637863 0.39114294623445817 -4.7568438998402445e-05 3.903714409378902e-05 -4.7731889202544056e-05 0.9515291242313952 
95  2.4522789496927295 -0.45862624327170687 0.0 -0.45862624327170687 0.40778395138338563 0.0 0.0 0.0 1.7975326085009684  3.2297594397158353 -1.215564268267597 0.0 -1.215564268267597 4.64140048039725 0.0 0.0 0.0 6.4484031904600245  2.814476301775978 -0.734568363537083 0.006891060230956912 -0.7345683664622747 1.9098607719412388 -0.009031049023382661 0.0068914792682098795 -0.009031360431654093 3.6334151499697698 
96  2.6659845010044796 -0.6178027578034038 0.0 -0.6178027578034038 0.3750959540924652 0.0 0.0 0.0 1.9674558409691  85.47463054005698 -25.138347847742605 0.0 -25.138347847742605 27.857402301816197 0.0 0.0 0.0 56.69141665713946  15.232794884202182 -3.494176928353192 0.6619759894380113 -3.4941769615016454 6.639846988264822 -0.6548760907111797 0.6619773715720932 -0.6548771949752712 14.897343184968285 
97  2.915700970571052 -0.37413614287637653 0.0 -0.37413614287637653 0.34297069901655447 0.0 0.0 0.0 1.8102741997965608  0.08994560164371006 -0.024851733652434635 0.0 -0.024851733652434635 0.03053597836316079 0.0 0.0 0.0 0.10028337061093359  0.39306950038709965 -0.07082910878407084 0.011347476410153701 -0.070829106059127 0.1284457545247675 -0.0018316611123725824 0.011347690162779084 -0.0018318340850640793 0.4264291146974761 
98  1.1926307803438314 -0.520494149048443 0.0 -0.520494149048443 0.8384824679031875 0.0 0.0 0.0 1.7519842357716382  24.120622364855613 -17.610096983922528 0.0 -17.610096983922528 121.34835604654944 0.0 0.0 0.0 107.35594630048199  6.713986878473164 -2.46265807017019 0.7441604263266242 -2.4626577788815345 18.413753865992142 -1.8662511598723774 0.744162080224896 -1.8662535937698606 18.829885057590012 
99  0.4592589280989462 -0.628462918488805 0.0 -0.628462918488805 2.1774209249222314 0.0 0.0 0.0 1.4307488637364842  65.63271595143088 -22.93351162895037 0.0 -22.93351162895037 26.544970405223964 0.0 0.0 0.0 53.58915070297295  6.8090622655795725 -2.5668751689920746 0.7969294488782099 -2.5668752622941127 8.550592821496497 -0.4252799576866603 0.7969299809901171 -0.4252811374624622 12.338503605554259 
