0  1.649035201487875 -0.5855201227156196 0.0 -0.5855201227156196 0.6064151930157282 0.0 0.0 0.0 1.3582028975497469  30.102668091031394 -10.921644145890175 0.0 -10.921644145890175 38.37284072257166 0.0 0.0 0.0 61.87299344615311  6.978548966225982 -1.6957821759476908 -0.6524362225361786 -1.6957822097962556 3.57784580677328 -0.4983812424084135 -0.6524362465372756 -0.4983811187566463 7.560170125323839
1  1.4387079577569861 -0.5206728985833494 0.0 -0.5206728985833494 0.695068095375692 0.0 0.0 0.0 1.330870778711335  1.3804202375593464 -1.451291467541572 0.0 -1.451291467541572 6.135799646484187 0.0 0.0 0.0 3.0017172870135767  1.3614768728226359 -0.7108020352568276 0.007273801048756342 -0.7108020218189851 1.8563726011144048 -0.027722030137738992 0.007273740475953225 -0.027721979534999327 2.0066793685943054
2  0.3728306801441609 -0.3918901398396627 0.0 -0.3918901398396627 2.6821826991634223 0.0 0.0 0.0 1.2667075065156685  25.49622805522588 -8.942677513266277 0.0 -8.942677513266277 25.459607689951667 0.0 0.0 0.0 26.485846282066667  3.704169681507011 -1.5542234460836233 -0.38139452247122646 -1.5542235631130126 6.979625657968203 -0.31175033662403145 -0.38139445635453606 -0.3117504770883805 6.352714710774373
3  0.692060972652297 -0.6823474068188726 0.0 -0.6823474068188726 1.444959388719087 0.0 0.0 0.0 1.9342538467312362  0.025787299513031794 -0.015262176873177768 0.0 -0.015262176873177768 0.03626924892537612 0.0 0.0 0.0 0.04234627225462226  0.18734704068596958 -0.10741771903568341 -0.01842160000234122 -0.10741767150297281 0.28073955432984765 -0.00827729207978992 -0.01842161575007062 -0.008277290682121267 0.40502305230580604
4  1.0925848272527514 -0.5732409055972796 0.0 -0.5732409055972796 0.915260742284376 0.0 0.0 0.0 1.3955686313312907  17.230995515317964 -12.120967048472899 0.0 -12.120967048472899 45.98820136630034 0.0 0.0 0.0 29.551210688589492  4.520024855198582 -1.6309324910773573 -0.34476714773619543 -1.630932567521598 4.3300506895038495 -0.41842218600606856 -0.3447671269740649 -0.41842219148266324 6.193811902824968
5  0.5120881249868353 -0.5622042573423914 0.0 -0.5622042573423914 1.9527888877050368 0.0 0.0 0.0 1.2382074912280574  81.0560070770776 -36.83951744878647 0.0 -36.83951744878647 74.36549250178373 0.0 0.0 0.0 84.4441273270653  5.715377202839664 -2.3296854003597782 -0.7283135055937565 -2.329685615363586 7.8053141767459255 -0.9210036383374989 -0.7283134306678729 -0.9210038746871038 9.060203727057267
6  2.9694733807860914 -0.6253276238303491 0.0 -0.6253276238303491 0.33676004858992065 0.0 0.0 0.0 1.363387513815388  1.4538043512454277 -0.8426258693968981 0.0 -0.8426258693968981 1.800014069096168 0.0 0.0 0.0 2.3654121781998145  2.106080326700289 -0.6504961608947711 0.011445923594650145 -0.6504961403314754 0.77294526246142 -0.008611454599835436 0.011445828290348205 -0.008611395805662198 1.7889606025140519
7  1.17398980302541 -0.4272961584019131 0.0 -0.4272961584019131 0.8517961548072799 0.0 0.0 0.0 1.2275067175158707  0.22393215266181013 -0.034254588846029346 0.0 -0.034254588846029346 0.05353818034703175 0.0 0.0 0.0 0.1198823908994402  0.5756616145929364 -0.14001460107848746 -0.01322284033815745 -0.1400145935663314 0.2762889131784488 -0.006839254085516755 -0.0132228452556187 -0.006839251855038658 0.4837607149997106
8  2.853291668138204 -0.44720842753079615 0.0 -0.44720842753079615 0.35047240741865976 0.0 0.0 0.0 1.0029988222414137  7.851163899336143 -2.7274298413108204 0.0 -2.7274298413108204 2.011346070536743 0.0 0.0 0.0 5.57092542253887  4.485468463020605 -1.0854745678547215 -0.02997256028327493 -1.0854745468194902 0.8420133311810155 -0.002518457021156492 -0.02997264681296028 -0.0025183910169205453 2.3898124442399906
9  1.701778686829832 -0.49799734343196006 0.0 -0.49799734343196006 0.5876204748238184 0.0 0.0 0.0 1.3345234732857978  0.39706684953247257 -0.2203914820644879 0.0 -0.2203914820644879 0.28315694036883343 0.0 0.0 0.0 0.3978356847786232  0.9156985725676642 -0.3291094848293338 -0.01390052057443738 -0.32910945717574974 0.41588258616882257 -0.000205619589144303 -0.013900569240572777 -0.0002055900015536035 0.7744474490106426
10  0.4925431107130423 -0.44210560895975726 0.0 -0.44210560895975726 2.0302791334393553 0.0 0.0 0.0 1.322575605500546  5.541620602619982 -1.3548428383205555 0.0 -1.3548428383205555 1.063302712330249 0.0 0.0 0.0 4.2071522740449145  1.857422381334116 -0.6588842524310159 -0.057915133534762915 -0.6588842750431587 1.407518601285522 0.024231617210920067 -0.05791514320451164 0.02423166103217297 2.3721457623380684
11  0.5787987748708118 -0.5404212633849712 0.0 -0.5404212633849712 1.7277161656453066 0.0 0.0 0.0 1.7141947839033065  0.1410900466152684 -0.02350153858036028 0.0 -0.02350153858036028 0.027453596093064102 0.0 0.0 0.0 0.07392903583221347  0.29214171453492255 -0.1136425645805205 -0.004944657737292598 -0.11364255787540377 0.3296111900802613 -0.020023856499168748 -0.004944644769927081 -0.02002389680741867 0.48433905894310614
12  2.5896950304698567 -0.4039430691089629 0.0 -0.4039430691089629 0.3861458543319546 0.0 0.0 0.0 1.1675705056360843  33.62923717927089 -18.603752491720762 0.0 -18.603752491720762 67.15379402353463 0.0 0.0 0.0 75.20418274648786  8.810728268075017 -1.533110994931803 -0.6800714622919918 -1.5331109859965548 3.208641158698871 -0.4982958747553043 -0.6800714444001237 -0.49829574768551294 7.958890583331665
13  0.4798436404463668 -0.32801057192171806 0.0 -0.32801057192171806 2.084012198368965 0.0 0.0 0.0 1.1801572481197542  0.03470442074484263 -0.028879390329948264 0.0 -0.028879390329948264 0.10607394747952716 0.0 0.0 0.0 0.10467534170076025  0.1933037395008402 -0.09690206617212746 -0.012693193289493771 -0.09690200913370443 0.5307370684564584 -0.02048622598132989 -0.012693232501609343 -0.02048618910854263 0.46035492320302446
14  0.33779481040934867 -0.5638173332208355 0.0 -0.5638173332208355 2.9603770371373486 0.0 0.0 0.0 1.3021900147383656  7.387678487029696 -5.03385425860608 0.0 -5.03385425860608 16.908304473812453 0.0 0.0 0.0 15.696013806405729  2.0128010451072798 -1.4392566004628091 -0.17641247945722993 -1.4392566925936257 6.281414082206081 -0.12887120580203196 -0.17641245957021204 -0.12887129373269307 4.8258656872999754
15  1.1173099313691608 -0.33865701762094114 0.0 -0.33865701762094114 0.8950068122768691 0.0 0.0 0.0 1.5550699539199715  0.10520327071744161 -0.019168555346467827 0.0 -0.019168555346467827 0.01591860179358087 0.0 0.0 0.0 0.06349643555077349  0.4355786464607978 -0.08777123024755931 -0.022810314191673516 -0.08777120990053462 0.20489251768715971 -0.012326026392902856 -0.022810295380732957 -0.012326076225102926 0.424246989322194
16  1.0230200856436928 -0.4780299359063318 0.0 -0.4780299359063318 0.9774979142963666 0.0 0.0 0.0 1.7891505248040582  47.82771576852632 -26.113863273811994 0.0 -26.113863273811994 77.07836420431515 0.0 0.0 0.0 84.50246991376214  6.923510137727558 -2.0105820989253105 -0.8207277192214951 -2.0105822016395547 5.601711167365096 -0.7619684274973519 -0.8207276213646421 -0.7619684642530117 9.875150877570182
17  2.737925775931238 -0.4227753443694246 0.0 -0.4227753443694246 0.365239996201093 0.0 0.0 0.0 1.703766745678496  35.32536324160344 -26.50543208551658 0.0 -26.50543208551658 41.815516727432595 0.0 0.0 0.0 40.62209653205962  8.195995785766051 -1.906473932610608 -0.386128420092053 -1.9064739116735825 2.922717605826502 -0.27380930256247965 -0.38612834354860426 -0.2738092340429071 7.564872382796689
18  0.33819317981048436 -0.5886337712647486 0.0 -0.5886337712647486 2.9568899070063357 0.0 0.0 0.0 1.682332931682025  23.051379353709287 -9.021121683605204 0.0 -9.021121683605204 7.458575315657232 0.0 0.0 0.0 16.0635026725359  3.332567377959416 -1.689012448519115 -0.2707866586083295 -1.6890125324869785 3.957417396081549 0.06190930875548317 -0.27078666228333464 0.06190934856243137 5.24247159132288
19  1.1623666671781243 -0.3380205099374386 0.0 -0.3380205099374386 0.8603137273608322 0.0 0.0 0.0 1.6650965431621612  1.693944371417346 -2.4282778966172893 0.0 -2.4282778966172893 8.902751318439503 0.0 0.0 0.0 6.722886388849718  1.2680851096786425 -0.7667046086032112 0.015294605803461578 -0.7667045965266477 2.510069541108011 -0.0576072123926495 0.015294551238494679 -0.05760718015402485 3.3334629729461795
20  3.005407535404471 -0.3946215968329344 0.0 -0.3946215968329344 0.3327335771337976 0.0 0.0 0.0 1.1649434739308389  1.462368460067812 -0.5812022280114714 0.0 -0.5812022280114714 1.0272696075739745 0.0 0.0 0.0 2.349361293133344  2.12492880047486 -0.4465769555990677 0.013631023945084088 -0.44657694243185053 0.5898301375838555 -0.004456483437382016 0.013630935131901669 -0.0044564360262557955 1.6514542838116102
21  1.0099199191686998 -0.41593655682272074 0.0 -0.41593655682272074 0.9901775190483764 0.0 0.0 0.0 1.2182718588958814  0.15254418405927686 -0.06407956209147375 0.0 -0.06407956209147375 0.23557423608873895 0.0 0.0 0.0 0.19120916565998902  0.47722126313224417 -0.17936690029686453 -0.012870251539571595 -0.17936687294192463 0.5054370304201609 -0.004369879420813421 -0.012870284748990185 -0.004369844272064059 0.5745929433324598
22  0.4084166320542203 -0.5249671744962625 0.0 -0.5249671744962625 2.4484801095643007 0.0 0.0 0.0 1.0105428394742704  16.57267302560617 -2.508287181679773 0.0 -2.508287181679773 3.587344947910935 0.0 0.0 0.0 14.910945746946116  2.837515403962496 -0.8748258629067553 -0.2517422597520774 -0.874825933598946 2.8948032520146363 0.006174688224835668 -0.2517422640965169 0.0061747139181162385 4.068695610067883
23  1.6768606392006864 -0.3872114320881788 0.0 -0.3872114320881788 0.5963524795218955 0.0 0.0 0.0 1.2031385382112554  1.9546017429335614 -0.879438064560548 0.0 -0.879438064560548 1.836227338780789 0.0 0.0 0.0 3.141065113728142  1.7869159622038293 -0.5644193115626343 0.0021411507789110946 -0.5644193051969809 1.0417684345218468 -0.00801628926892166 0.0021410932506284197 -0.008016240865387736 1.948659892056438
24  0.5569946266990746 -0.5976972240915366 0.0 -0.5976972240915366 1.7953494559297898 0.0 0.0 0.0 1.560100335973323  0.8743627849647266 -0.30824480681437705 0.0 -0.30824480681437705 0.8902038346264497 0.0 0.0 0.0 0.9454311916611698  0.6855542205911896 -0.4343933202894203 0.0038643952628268337 -0.4343933335355115 1.2786021429773329 -0.0019383681902545632 0.0038643601858573693 -0.0019383047785224094 1.2337680918878855
25  1.2283229501186486 -0.6713538705057095 0.0 -0.6713538705057095 0.8141181436880309 0.0 0.0 0.0 1.6965400095340404  12.57393682853591 -3.121627459896313 0.0 -3.121627459896313 6.712553246282063 0.0 0.0 0.0 12.77485751348142  4.170103778744596 -1.2949274849815486 -0.19857952598556688 -1.2949275159221791 2.2667025698073235 -0.0865173366193477 -0.1985795597523364 -0.08651724751817626 4.519574756839184
26  2.0395022726745053 -0.5148163691571752 0.0 -0.5148163691571752 0.4903157076106848 0.0 0.0 0.0 1.0430351160015405  73.48978488008503 -43.25149659521959 0.0 -43.25149659521959 68.59903678342447 0.0 0.0 0.0 107.32838527473535  9.519174218404691 -2.1183044963421445 -0.9391734890398258 -2.1183045099978783 3.537273460137824 -0.5378152023299831 -0.939173506575932 -0.5378150376109434 7.923701729302277
27  2.7832034934633443 -0.653260231950605 0.0 -0.653260231950605 0.35929819804718144 0.0 0.0 0.0 1.0123813196983085  0.022006147310828193 -0.01438860751275603 0.0 -0.01438860751275603 0.08359425687510585 0.0 0.0 0.0 0.06360297387421888  0.4411554478803478 -0.10349510719502135 -0.034395835251135626 -0.10349505811072864 0.15777903728064546 0.005163072172578978 -0.03439589398193813 0.005163099276250457 0.3430765991161012
28  0.3347289005110545 -0.49891126074823033 0.0 -0.49891126074823033 2.9874922615681787 0.0 0.0 0.0 1.6352830188376315  0.02642464395389171 -0.022799198234732334 0.0 -0.022799198234732334 0.06196175879064068 0.0 0.0 0.0 0.0499528320528707  0.12691040795469172 -0.08934604909400576 -0.010749498710425014 -0.0893459832510749 0.4931283356162079 -0.028586744736833432 -0.01074952586282408 -0.028586722970389843 0.43799665549380634
29  1.6744698838855845 -0.5141863217730428 0.0 -0.5141863217730428 0.5972039327930543 0.0 0.0 0.0 1.2647471080724573  0.20333220166403385 -0.048807265694464114 0.0 -0.048807265694464114 0.07136463957339707 0.0 0.0 0.0 0.13780171835513383  0.6943761669374041 -0.1768939983106661 -0.020343748608605456 -0.17689398245841279 0.24048270778320638 -0.00115012140002054 -0.020343762181078497 -0.0011501123044472374 0.5072666778408809
30  2.6510938638007318 -0.43312017123970864 0.0 -0.43312017123970864 0.37720278925407547 0.0 0.0 0.0 1.1756768340963655  80.31212955652674 -22.41646820438863 0.0 -22.41646820438863 21.969281011761268 0.0 0.0 0.0 45.471083427356156  11.518682495453112 -1.9441775090501623 -0.8382147630494174 -1.944177474055266 2.5005853879426074 -0.26329585047097714 -0.8382146100650912 -0.2632957273712117 6.824107108806755
31  0.3309628812067015 -0.681831345165848 0.0 -0.681831345165848 3.021486869929242 0.0 0.0 0.0 1.2083330289871574  16.759880749382503 -2.9931625080947217 0.0 -2.9931625080947217 3.7991727476915953 0.0 0.0 0.0 13.961818051518401  2.6654615397106194 -1.0352848915063118 -0.23520123442630714 -1.035284987281745 3.2855048371424957 0.021999043096876947 -0.23520128075816543 0.021999086118399982 4.245897346767203
32  2.9127844635615388 -0.5850464417940668 0.0 -0.5850464417940668 0.34331410803299656 0.0 0.0 0.0 1.1521508023716065  213.69122446928498 -31.736425042201418 0.0 -31.736425042201418 35.05380319438433 0.0 0.0 0.0 153.20216458571278  15.12750651166306 -2.2167955889407644 -1.6210142054274026 -2.2167955589096966 2.9250762900270453 -0.5048126122826889 -1.62101413541232 -0.5048123152232002 9.090753064383579
33  1.278131643233692 -0.6274006600199624 0.0 -0.6274006600199624 0.7823920214274527 0.0 0.0 0.0 1.299452305555232  8.966730663607072 -2.1953847507817055 0.0 -2.1953847507817055 3.454184472284431 0.0 0.0 0.0 6.068710220325522  3.4923352554410814 -1.0860312141780641 -0.09423893965124489 -1.0860312304109172 1.615621308569924 -0.025197728143662855 -0.09423898011820943 -0.025197657387565513 2.8277488080917372
34  0.9673848792596536 -0.48868400614940294 0.0 -0.48868400614940294 1.0337147307546373 0.0 0.0 0.0 1.271570027399852  61.878214594189444 -33.7964828703712 0.0 -33.7964828703712 57.52243996407438 0.0 0.0 0.0 107.29691284720438  6.779732335636136 -2.1516525973888836 -0.8376183240729689 -2.151652730071165 5.1629510323299135 -0.6786319488033934 -0.8376182046028601 -0.6786320180995908 8.699311320050642
35  1.286969364804991 -0.3517494165816852 0.0 -0.3517494165816852 0.7770192728336822 0.0 0.0 0.0 1.5028481929961404  0.03385557154669622 -0.02597348409848047 0.0 -0.02597348409848047 0.07427008748056689 0.0 0.0 0.0 0.0832060815116582  0.3661763251554477 -0.09947815194561656 -0.03334501766286273 -0.09947807609827032 0.2807168446555892 -0.006392009906473664 -0.03334507172593509 -0.0063919858830062985 0.4747553067594331
36  2.0616123048392216 -0.43123897176073556 0.0 -0.43123897176073556 0.48505725235181246 0.0 0.0 0.0 1.0437710171140413  0.09085103630485328 -0.015321923587767537 0.0 -0.015321923587767537 0.017221077459360027 0.0 0.0 0.0 0.0636038766569567  0.5799152312745715 -0.09639540150954246 -0.02920918157680548 -0.0963953842084857 0.13883268764498155 -0.0026042932668063896 -0.02920916897436981 -0.0026043099889032587 0.3418376487260566
37  0.43716677917721947 -0.3317657871449466 0.0 -0.3317657871449466 2.287456521472365 0.0 0.0 0.0 1.2131037631705082  0.048402682946136075 -0.018622326948360333 0.0 -0.018622326948360333 0.017772935046309963 0.0 0.0 0.0 0.030050639991657333  0.18247019869768813 -0.061036048858224425 -0.011785011185370634 -0.06103599772482273 0.26968210726879766 -0.019898320448960893 -0.01178500457663354 -0.019898381205391922 0.300381005880702
38  1.2850124989305731 -0.3288911419171599 0.0 -0.3288911419171599 0.778202547315478 0.0 0.0 0.0 1.4895359413619986  57.34810968628808 -13.928953345511859 0.0 -13.928953345511859 12.710179205314926 0.0 0.0 0.0 27.161912215302078  7.556126457017975 -1.6305837939118843 -0.5779882067111664 -1.6305838043893695 2.8559129757598507 -0.1549193999351609 -0.577988068765617 -0.15491933995904533 6.154457639903681
39  0.5886526701972227 -0.3493827183208782 0.0 -0.3493827183208782 1.698794638381508 0.0 0.0 0.0 1.1301729695044058  10.351958600052226 -1.4398109085703004 0.0 -1.4398109085703004 1.2903564664240328 0.0 0.0 0.0 4.501643276197714  2.6218786497658075 -0.5450781754608396 -0.08903005415595891 -0.5450782005556204 1.4365523840975751 0.016988793879437688 -0.08903006143983791 0.016988835306791083 2.317654330544796
40  0.8976736140905821 -0.3125536201792121 0.0 -0.3125536201792121 1.1139906356867613 0.0 0.0 0.0 1.3175258298662589  0.22229155778304288 -0.06358851058268084 0.0 -0.06358851058268084 0.04284346027792344 0.0 0.0 0.0 0.16356059144301024  0.4964712918736289 -0.13639993233880468 -0.011195087953197519 -0.13639990609039998 0.3098201697782755 -0.013460816028068126 -0.011195103074270223 -0.013460830883150447 0.5454274340681007
41  2.707674514467937 -0.3049983803448169 0.0 -0.3049983803448169 0.36932060875732764 0.0 0.0 0.0 1.281529032882612  0.02273629306524339 -0.012765418656631054 0.0 -0.012765418656631054 0.034070861211949514 0.0 0.0 0.0 0.03224590738199994  0.3982852403663318 -0.05550926003097896 -0.047740024883876506 -0.05550918701047222 0.13506151657005072 -0.0013750779148093849 -0.04774004263583862 -0.001375067006855768 0.32332500795849656
42  2.6805538855906645 -0.3032033536575828 0.0 -0.3032033536575828 0.3730572272303522 0.0 0.0 0.0 1.193478981541202  32.175481032576116 -16.494812412462437 0.0 -16.494812412462437 87.0378098639951 0.0 0.0 0.0 89.02453694080077  8.998873240493593 -1.3462081787937894 -0.7230606135469343 -1.3462081909415013 3.352310401743132 -0.5578674769734868 -0.7230604523941383 -0.5578674127522465 8.589694406750663
43  1.6430954253014063 -0.48417378426426133 0.0 -0.48417378426426133 0.6086073788541904 0.0 0.0 0.0 1.5853724853321272  0.15318962121280377 -0.0711588486065175 0.0 -0.0711588486065175 0.18780591452293538 0.0 0.0 0.0 0.32184456057306265  0.6679878421384975 -0.20269969665633658 -0.022183860726963326 -0.20269967109347511 0.3515543980083219 0.0009437244690821524 -0.022183917791116066 0.000943757862836468 0.7774967751305389
44  0.31858119956110176 -0.36941928477261143 0.0 -0.36941928477261143 3.1389171783446894 0.0 0.0 0.0 1.0373675059209286  2.196766479055016 -0.23633630321938792 0.0 -0.23633630321938792 0.25729021698083193 0.0 0.0 0.0 0.80954356362469  0.8897704740832066 -0.16697390711014698 0.004568486831078408 -0.16697392206677095 0.9802387516560229 -0.004164466133115369 0.004568468058694866 -0.004164433402747439 0.9225895560020055
45  1.1097904968926346 -0.37498520763800935 0.0 -0.37498520763800935 0.9010709704218559 0.0 0.0 0.0 1.625590039364076  1.6105615759759224 -0.7581885471953851 0.0 -0.7581885471953851 1.842650359482674 0.0 0.0 0.0 1.9721910175997739  1.3313353656079019 -0.5279929890711829 -0.000579727080814123 -0.527992989940331 1.2785859462715354 -0.0009336284261770593 -0.0005797763668610093 -0.0009335741023949344 1.786917378320995
46  0.6466588694248396 -0.5185408972249967 0.0 -0.5185408972249967 1.5464103985605795 0.0 0.0 0.0 1.8584818978688955  0.6587288539038839 -0.2862399375657042 0.0 -0.2862399375657042 0.480682352463824 0.0 0.0 0.0 0.9542861456210919  0.6454967094933364 -0.376313398645595 0.0018546383777698783 -0.3763133999303361 0.8964126782831272 -0.005119232941386224 0.0018545973445996987 -0.005119177372836154 1.357051593114956
47  0.6295463004649735 -0.35302085619329693 0.0 -0.35302085619329693 1.588445519037146 0.0 0.0 0.0 1.8646541020159817  0.03256705441083898 -0.013928176794481802 0.0 -0.013928176794481802 0.05490452693581246 0.0 0.0 0.0 0.05171652388510927  0.2225871271284687 -0.0784910774882872 -0.023379711735728042 -0.07849102679764002 0.3722417365453294 -0.019935025421378247 -0.023379732132024645 -0.0199350111224459 0.4753887279447928
48  0.36778940943008376 -0.5288294176649369 0.0 -0.5288294176649369 2.718947240894109 0.0 0.0 0.0 1.8241623963628304  36.252122758902665 -8.028922063974264 0.0 -8.028922063974264 4.4192518063013555 0.0 0.0 0.0 13.211865061967577  3.940461918664585 -1.279837098416216 -0.26959730287917766 -1.2798371658701748 2.9403868883910955 0.05329807680049393 -0.2695973603399433 0.0532981599728402 4.9461077806837475
49  1.0427999032557511 -0.575233619487381 0.0 -0.575233619487381 0.9589567441249999 0.0 0.0 0.0 1.7347116287962252  28.29949820850559 -12.162105419360271 0.0 -12.162105419360271 15.638330230387178 0.0 0.0 0.0 40.12859681750605  5.532816236100933 -1.9202115797774488 -0.4804492638879537 -1.9202116431330756 3.423600020274919 -0.19602611669451472 -0.4804492531610742 -0.196026053650805 7.12002035609082
50  1.7672491181908687 -0.3013794100716663 0.0 -0.3013794100716663 0.5658511806324731 0.0 0.0 0.0 1.0757227662210362  22.44687666434154 -15.459073771773214 0.0 -15.459073771773214 69.11969120921518 0.0 0.0 0.0 46.59582520475103  6.212581449532173 -1.3143431589926107 -0.47336740531069393 -1.3143432092222982 3.6645399553313145 -0.48672086338426873 -0.473367293601571 -0.48672088702688576 6.804009998824514
51  0.5136086532525392 -0.6101555054118692 0.0 -0.6101555054118692 1.9470076948028057 0.0 0.0 0.0 1.312172748992514  0.01244190039229371 -0.004755471288164167 0.0 -0.004755471288164167 0.012175542590651688 0.0 0.0 0.0 0.01538627775661524  0.11650039018265654 -0.04654118880705291 -0.016547604317150105 -0.0465411477013703 0.19000168292541864 -0.010567457481968516 -0.01654759908686122 -0.010567487927453463 0.22795234996551145
52  0.7924166957272516 -0.37045052684072527 0.0 -0.37045052684072527 1.2619623051761117 0.0 0.0 0.0 1.0842624071138558  30.326263372637026 -5.362511308107943 0.0 -5.362511308107943 5.551211095165998 0.0 0.0 0.0 24.65221488243834  4.803190924670716 -1.1438957144201178 -0.42612848246359514 -1.14389576261848 2.5299029737856156 -0.06266886564635606 -0.42612843181113164 -0.06266882735175702 5.030524044807077
53  1.5685866338460832 -0.6994722302895945 0.0 -0.6994722302895945 0.6375165887701454 0.0 0.0 0.0 1.0925981696451277  0.9617739014434376 -0.4681673440745066 0.0 -0.4681673440745066 0.5013897715275281 0.0 0.0 0.0 0.9846764838353262  1.2455253267965471 -0.5752375192230917 -0.00047400663788302376 -0.5752375147895974 0.565991914145136 0.00011827481137697959 -0.0004740597771858024 0.00011831586338496993 1.0390962821461955
54  2.908457074562841 -0.5519216408695867 0.0 -0.5519216408695867 0.34382491278483324 0.0 0.0 0.0 1.1046211363851852  0.3218351174295891 -0.24998958343544198 0.0 -0.24998958343544198 0.8825728069282427 0.0 0.0 0.0 1.042314723247656  1.2126923873410507 -0.33776249525000335 -0.0014218583763582824 -0.3377624624519616 0.5272747177704611 0.0005430405685095444 -0.0014219464488658446 0.0005430822010491808 1.0740549703419209
55  1.2331026266989025 -0.536349666653806 0.0 -0.536349666653806 0.8109625089981897 0.0 0.0 0.0 1.7641485340513183  0.29741946762562715 -0.11508965863741955 0.0 -0.11508965863741955 0.11671154504222406 0.0 0.0 0.0 0.2123379439570212  0.6633329977549586 -0.24831217742747752 -0.014188425882652575 -0.2483121572795859 0.34926009920965634 -0.004567027073413344 -0.01418845261441982 -0.00456701000994591 0.7066754228381397
56  2.3349846285515814 -0.5743357890484337 0.0 -0.5743357890484337 0.42826834394208063 0.0 0.0 0.0 1.1793390449419376  14.633462835778216 -2.9779924240686904 0.0 -2.9779924240686904 1.6818349433029722 0.0 0.0 0.0 8.95780732190353  5.707535405184805 -1.190697019978679 -0.15063607822572417 -1.1906970170260391 0.8410350697948661 0.0030118762092210347 -0.15063615080980483 0.003011961875201373 3.153792421034764
57  2.5766143603967864 -0.6199258788547841 0.0 -0.6199258788547841 0.3881061967868582 0.0 0.0 0.0 1.115852103227465  0.49663980279816544 -0.2896096189727868 0.0 -0.2896096189727868 0.6726917459033692 0.0 0.0 0.0 0.6418553225822391  1.2745942377532558 -0.40941699057973546 -0.009325789542371484 -0.4094169651671137 0.49032152598009854 0.0035316280184991586 -0.009325852876688667 0.0035316646096015644 0.8617312928410636
58  2.1040028836778997 -0.6088185606857479 0.0 -0.6088185606857479 0.47528451969226926 0.0 0.0 0.0 1.3598034551644353  0.06947754917730545 -0.013352344798450093 0.0 -0.013352344798450093 0.014173183151926453 0.0 0.0 0.0 0.0415488948672709  0.502168011100782 -0.10425694381838867 -0.03270201964060722 -0.10425692577481274 0.11940109932045731 0.0005188533645669555 -0.032701982359582875 0.0005188284931708892 0.3313126629779332
59  1.445899244235881 -0.6682453727875294 0.0 -0.6682453727875294 0.6916111229648462 0.0 0.0 0.0 1.4019908328437234  0.01094409763543032 -0.008364665600072227 0.0 -0.008364665600072227 0.06402064965858326 0.0 0.0 0.0 0.03340148777627077  0.24334365984593181 -0.09046329182397174 -0.03159933229664448 -0.09046322426559955 0.20709164179859088 0.003936358971972789 -0.031599394168923545 0.003936406904937966 0.3435664704015383
60  0.36544046914947004 -0.3487775317687094 0.0 -0.3487775317687094 2.7364238074874696 0.0 0.0 0.0 1.0407693151940927  0.013537709537260736 -0.005572975564446704 0.0 -0.005572975564446704 0.00967718058681813 0.0 0.0 0.0 0.021878465473006897  0.111970663667709 -0.032359002276288074 -0.014932809141508649 -0.03235895617985837 0.20885474342620483 -0.016193156193859293 -0.014932815421782979 -0.016193208935969355 0.2265029745977746
61  1.0779967184906682 -0.465833400294956 0.0 -0.465833400294956 0.9276466086094645 0.0 0.0 0.0 1.067022567533022  6.393909822135575 -5.122694394541973 0.0 -5.122694394541973 15.217191772841767 0.0 0.0 0.0 12.53191207681072  2.6455002065339834 -1.1999692783220985 -0.08651031047409813 -1.1999692993602376 3.0919093194454934 -0.14989200295051397 -0.08651031645558382 -0.14989200555234067 3.784190208396041
62  0.49430210274454983 -0.6644143447888106 0.0 -0.6644143447888106 2.023054311214997 0.0 0.0 0.0 1.082422514899203  9.181082583780949 -2.0257129739826674 0.0 -2.0257129739826674 4.515047310907674 0.0 0.0 0.0 6.879106461635818  2.3495762000534257 -1.0436964513982234 -0.12779830625581148 -1.0436965157928884 2.953438358291506 -0.018348351751076568 -0.12779832820750472 -0.018348313636378018 2.8642681323262367
63  1.7194716710265217 -0.4154914050876834 0.0 -0.4154914050876834 0.5815739897610536 0.0 0.0 0.0 1.025474256071619  3.4324927052240315 -5.796449741459822 0.0 -5.796449741459822 22.900064888805915 0.0 0.0 0.0 11.3073972939972  2.035696088303289 -0.9082447649559847 0.023608928958262953 -0.9082447526893879 2.5711060122653056 -0.16023596406922513 0.02360886529028847 -0.16023593676570697 3.516002467419279
64  0.463102918168697 -0.35537962020186104 0.0 -0.35537962020186104 2.159347222328935 0.0 0.0 0.0 1.148511527690344  0.050019479761185835 -0.047806593284868526 0.0 -0.047806593284868526 0.2791655138655502 0.0 0.0 0.0 0.22336431472317939  0.2107138635502546 -0.13549737709641277 -0.008335407884301255 -0.1354973364449209 0.8057300629558789 -0.014319534185871773 -0.008335452719641907 -0.014319472233353584 0.5837975439797816
65  0.4880806485576208 -0.4460695651051144 0.0 -0.4460695651051144 2.0488417292412775 0.0 0.0 0.0 1.1283005104986292  2.9821377914327827 -0.8533776778766614 0.0 -0.8533776778766614 0.6169050929289964 0.0 0.0 0.0 2.691238390059766  1.3060265913916236 -0.543081750449852 -0.024918114229965864 -0.5430817657698969 1.104701380353813 0.01689770916239467 -0.024918128642122443 0.016897745852907074 1.7468221174997498
66  0.3857653356110879 -0.5226002904120695 0.0 -0.5226002904120695 2.592249504263797 0.0 0.0 0.0 1.3125586740987567  17.451732299343625 -4.470865483662551 0.0 -4.470865483662551 10.24182422474758 0.0 0.0 0.0 20.605911445906703  3.123997303901214 -1.286195656840041 -0.3075480706761675 -1.2861957614925643 4.864746698198521 -0.10807929881991564 -0.3075480546164288 -0.1080793327381182 5.416704805487463
67  1.2548764099304093 -0.5423335918947806 0.0 -0.5423335918947806 0.7968912253721115 0.0 0.0 0.0 1.158291204468133  0.06741987811433932 -0.019369528475849943 0.0 -0.019369528475849943 0.01940262320457725 0.0 0.0 0.0 0.04074165310322554  0.37706772028815794 -0.10519468223848043 -0.021223922327788934 -0.10519464821224897 0.17880572822311677 -0.005416344859184802 -0.021223902686866587 -0.005416371397758837 0.31491497295333776
68  2.774320930929902 -0.324648557017696 0.0 -0.324648557017696 0.3604485655755833 0.0 0.0 0.0 1.5715411447249072  8.683548319420547 -2.961411191780401 0.0 -2.961411191780401 2.102455051070985 0.0 0.0 0.0 7.356455490117579  4.659275028482664 -1.0658182869849973 -0.041405047678976355 -1.065818268444426 0.8830057398198038 0.004045302912294969 -0.04140511761393587 0.004045372741601472 3.3331909282979293
69  0.5363059118141121 -0.5333540938921781 0.0 -0.5333540938921781 1.864607452521627 0.0 0.0 0.0 1.2913216511495682  0.3058862607734807 -0.3892236569454665 0.0 -0.3892236569454665 1.4377004344943016 0.0 0.0 0.0 1.0601237715633745  0.41663913890382226 -0.4568145864408631 -0.000643092895873978 -0.4568145727903707 1.642181920334421 -0.0002187763992889564 -0.0006431360940547065 -0.00021871023703113295 1.1750292809791185
70  0.7112098349195166 -0.3025476964812561 0.0 -0.3025476964812561 1.4060547969125934 0.0 0.0 0.0 1.2218043234791018  1.802581855910546 -1.885464677625905 0.0 -1.885464677625905 8.295658235595884 0.0 0.0 0.0 4.731310710417562  1.1198879962184976 -0.7000520008441307 -0.007974508151320062 -0.7000520095246227 3.111441010919555 -0.04077383495352292 -0.00797452966820658 -0.04077382466561059 2.4765775982763305
71  1.2197155710402705 -0.5159658108370698 0.0 -0.5159658108370698 0.8198632728342726 0.0 0.0 0.0 1.0615594067904985  92.76748859635339 -22.11995995428636 0.0 -22.11995995428636 30.623401768126133 0.0 0.0 0.0 53.91019417219967  7.98160242220266 -1.960921499463404 -0.8715987210675469 -1.9609215894002818 3.8743334215335925 -0.46270631447364236 -0.8715986287757983 -0.46270626057164543 6.86017786858799
72  1.1836154613449383 -0.600865582453307 0.0 -0.600865582453307 0.8448689905281427 0.0 0.0 0.0 1.3435678881192674  0.2979010170215025 -0.1486436563197162 0.0 -0.1486436563197162 0.1851526868901158 0.0 0.0 0.0 0.2736939123981378  0.6443164500039597 -0.2986323235659176 -0.009524141130428876 -0.29863230249440936 0.4199632767278655 -0.0023057360706459787 -0.009524176882184758 -0.0023057087530548967 0.6684873998814493
73  0.3834827444522419 -0.3640734802634657 0.0 -0.3640734802634657 2.6076792618879825 0.0 0.0 0.0 1.6074868980163333  20.32678487102037 -9.528033347562657 0.0 -9.528033347562657 12.161390554597551 0.0 0.0 0.0 17.799759610209872  3.3990245096693523 -1.6129637355548403 -0.2785844789057268 -1.6129638068938188 4.916134785417914 -0.020189893404351882 -0.27858443226495266 -0.020189921571520757 5.542581466588215
74  1.2355645194200449 -0.5009845558651316 0.0 -0.5009845558651316 0.8093466462353457 0.0 0.0 0.0 1.7262255299665505  46.662625897728674 -7.45773568407602 0.0 -7.45773568407602 4.755705936677837 0.0 0.0 0.0 21.044924180381297  6.902297230556586 -1.4166120050340976 -0.4778716352269203 -1.4166120276973893 1.8868814913192105 -0.03364468588051493 -0.47787164276301053 -0.033644573305707054 5.600698552570774
75  0.793602939595377 -0.6980881196493781 0.0 -0.6980881196493781 1.260075977679538 0.0 0.0 0.0 1.5864810086309282  64.21535109544925 -15.484902567922473 0.0 -15.484902567922473 8.180227408075957 0.0 0.0 0.0 34.18284475745507  6.054942263470237 -1.9203623766013798 -0.5812437868737894 -1.9203624609499328 2.6959017708802437 -0.033936626863417016 -0.5812438510413072 -0.03393652078131456 6.325656245940189
76  0.3853225318388753 -0.4666601586213177 0.0 -0.4666601586213177 2.5952284576448164 0.0 0.0 0.0 1.0328249496246562  0.02526826677563354 -0.004024049145199977 0.0 -0.004024049145199977 0.00533937025581397 0.0 0.0 0.0 0.01221082091859791  0.12350183452693433 -0.03071190701279532 -0.010141303697551823 -0.030711893863271514 0.14815748738117326 -0.013030037210444972 -0.010141278479383568 -0.013030108232063312 0.1876892404591376
77  1.6312623221694431 -0.42358169483311103 0.0 -0.42358169483311103 0.6130221892638844 0.0 0.0 0.0 1.5518612913972991  0.9199093820782204 -0.19850046070456415 0.0 -0.19850046070456415 0.11947379525170922 0.0 0.0 0.0 0.3538105127938598  1.2455750182290672 -0.28669131125735653 -0.0067119581894450496 -0.2866913052094214 0.30465086578979367 -0.0038895461308884037 -0.006711992473888703 -0.0038895294864297234 0.8059067591831289
78  0.6147010278998719 -0.6325644366099008 0.0 -0.6325644366099008 1.626807105588392 0.0 0.0 0.0 1.1056929204730859  0.5175552955482473 -0.37240439596584124 0.0 -0.37240439596584124 2.5453937591195595 0.0 0.0 0.0 2.1627507146329186  0.5628164510441716 -0.52033094178834 -0.00033242679725178117 -0.5203309429607478 1.9899065241256828 -0.008848445246862433 -0.0003324647977476197 -0.00884838907143244 1.548588885066048
79  0.8518393550175066 -0.5574348736086812 0.0 -0.5574348736086812 1.1739302652663288 0.0 0.0 0.0 1.8061497642374942  1.2169228538283259 -1.7669715221463347 0.0 -1.7669715221463347 5.4956484960864245 0.0 0.0 0.0 2.5909929156614067  0.9599508778635176 -0.8978983247928809 0.0019700856013423677 -0.89789832218421 2.390386997078601 -0.007702316885995861 0.0019700341110232135 -0.007702258471825163 2.1571682986172642
80  3.0903719505960487 -0.45267883745870996 0.0 -0.45267883745870996 0.32358564470115875 0.0 0.0 0.0 1.0417543646126879  114.124314130596 -51.6576112640183 0.0 -51.6576112640183 75.58422473523001 0.0 0.0 0.0 136.09868292767982  13.621956967427709 -2.136277223470049 -1.2570371012248533 -2.136277199311588 3.148195811148914 -0.5293581090639181 -1.2570369677860338 -0.5293578551544825 8.905251162355754
81  2.2763217322857434 -0.5765651161574871 0.0 -0.5765651161574871 0.4393052114807431 0.0 0.0 0.0 1.5901274333108797  8.29430797032739 -1.417479108894643 0.0 -1.417479108894643 1.484218028002681 0.0 0.0 0.0 4.339019456075237  4.364617248884448 -0.8710055409876868 -0.04730844104337203 -0.8710055395750053 0.8217214673181296 -0.006161838885088445 -0.04730851474654921 -0.006161765703158911 2.611208680871921
82  0.38028066337359084 -0.6426013815900782 0.0 -0.6426013815900782 2.6296367296950667 0.0 0.0 0.0 1.0575246742296387  11.282739045370514 -6.391093444425214 0.0 -6.391093444425214 8.291730911249985 0.0 0.0 0.0 19.110610903792672  2.43753148077269 -1.662827083400482 -0.2227803785196145 -1.662827169328958 4.153430536765941 0.022478500511232218 -0.2227803603562479 0.022478479272638168 4.550947638641697
83  1.6671586378888275 -0.49558059358236645 0.0 -0.49558059358236645 0.5998229426243022 0.0 0.0 0.0 1.4849460662617033  0.27712635386562645 -0.42213970815730084 0.0 -0.42213970815730084 1.3641532630681785 0.0 0.0 0.0 1.0862648559581418  0.8167024021327913 -0.4239986050724497 -0.006157030565668448 -0.42399855214162363 0.8859144045293444 0.0030389663562797498 -0.0061571187288174765 0.0030390182089523 1.2788346068670686
84  2.2038522217385803 -0.46940616900837007 0.0 -0.46940616900837007 0.45375093217961665 0.0 0.0 0.0 1.9074403048861555  1.4108696126724751 -0.24826275269096953 0.0 -0.24826275269096953 0.4609063474384942 0.0 0.0 0.0 0.8453718646139379  1.7855835583084 -0.3543887715821836 -0.004789489300255873 -0.35438876964756244 0.4544483258441378 0.0019270907789600137 -0.004789552264336198 0.0019271319634896593 1.3057010861567773
85  0.684687111479415 -0.40688507606214686 0.0 -0.40688507606214686 1.4605211391219022 0.0 0.0 0.0 1.0210178786458421  3.421785067324152 -1.9680607512894364 0.0 -1.9680607512894364 5.866587711072537 0.0 0.0 0.0 5.33324540136586  1.6294902156396496 -0.8545089165248274 -0.041198287574112896 -0.8545089465798072 2.7732776250605418 -0.030505539996543273 -0.04119829311578609 -0.030505525393842957 2.4488134260199748
86  0.3867988724986216 -0.5369636476306063 0.0 -0.5369636476306063 2.585322944558386 0.0 0.0 0.0 1.2618177249728173  0.00573696853684364 -0.01173672455678564 0.0 -0.01173672455678564 0.04903773959409997 0.0 0.0 0.0 0.02926230311538178  0.09566029602855025 -0.06406375346757819 -0.015892438802008902 -0.0640635945279575 0.3830972503911856 -0.01971874492922716 -0.015892511676935787 -0.01971867837918191 0.31110316433658153
87  1.6283780173413949 -0.3116376904630753 0.0 -0.3116376904630753 0.614108019974791 0.0 0.0 0.0 1.951779033100669  0.22555334882947733 -0.06490375441334316 0.0 -0.06490375441334316 0.04487967461747564 0.0 0.0 0.0 0.15157150745548228  0.7305550503867351 -0.14560824087906576 -0.029619584524371363 -0.1456082103586466 0.22384082366452815 -0.007378370584651353 -0.029619599426867673 -0.007378381282086549 0.6519291213851343
88  0.7743745471602241 -0.5338418903800405 0.0 -0.5338418903800405 1.2913647583939665 0.0 0.0 0.0 1.2566212933113239  0.25566532407135034 -0.053937822606333015 0.0 -0.053937822606333015 0.0425239637714367 0.0 0.0 0.0 0.18861667790831654  0.4504210036757163 -0.16592598391067107 -0.003558219033653987 -0.1659259764913616 0.3364946855554401 -0.011110366799415863 -0.0035582291428864427 -0.011110375996820684 0.5538637474742066
89  0.6811625548451585 -0.36529468865598125 0.0 -0.36529468865598125 1.468078350588898 0.0 0.0 0.0 1.2582916000043267  42.560115511115995 -18.984825905565632 0.0 -18.984825905565632 51.802692764610235 0.0 0.0 0.0 47.4389535390915  5.433151395144507 -1.8070144899591174 -0.6112764260363751 -1.807014623468526 6.071469484065448 -0.6012546035271222 -0.6112762472539242 -0.6012547804312778 7.606376991377536
90  1.440116825856121 -0.69333828910298 0.0 -0.69333828910298 0.6943881093851673 0.0 0.0 0.0 1.2849782104572738  27.218260288011237 -6.073856044880046 0.0 -6.073856044880046 3.299293371441867 0.0 0.0 0.0 15.695217357332965  5.835608956658186 -1.5756161452711326 -0.32539561208226686 -1.5756161831833653 1.4067541609613103 0.0038344546563747854 -0.3253956905534548 0.0038345655801498846 4.139696594100835
91  0.3974698115017267 -0.5165627969485646 0.0 -0.5165627969485646 2.5159143438385527 0.0 0.0 0.0 1.6741628483849476  0.10842976803239017 -0.08075874023997139 0.0 -0.08075874023997139 0.2034185342095371 0.0 0.0 0.0 0.1629850918151981  0.22269269182777948 -0.18709542137244362 -0.004103545449016529 -0.1870953927893736 0.7667461950063906 -0.024533030068514337 -0.004103575562370244 -0.02453297846675457 0.6598817443646057
92  1.222399531074666 -0.4293439810395277 0.0 -0.4293439810395277 0.818063141042647 0.0 0.0 0.0 1.7214706985170476  8.633460744055078 -9.356645671781573 0.0 -9.356645671781573 32.484352653586434 0.0 0.0 0.0 27.27259557252725  3.196890391326548 -1.3281072331133064 -0.14252095348332486 -1.3281072588821456 3.85561419078 -0.2995866346683813 -0.14252094290882522 -0.2995866641437101 6.3819022261142715
93  1.7532308364141118 -0.3398785215260156 0.0 -0.3398785215260156 0.5703755485189291 0.0 0.0 0.0 1.7764440295982191  0.2880897144037295 -0.049289942116064286 0.0 -0.049289942116064286 0.037056384799583404 0.0 0.0 0.0 0.10864958080523615  0.8175535900833891 -0.13863313878137856 -0.026615362184655947 -0.13863312828702715 0.20117537925769 -0.00593156654039841 -0.02661534949158355 -0.005931580222810477 0.5703171567464673
94  0.7588288392710806 -0.5438645015194203 0.0 -0.5438645015194203 1.3178202359317086 0.0 0.0 0.0 1.350437169670842  0.17740422981366696 -0.2926151576678197 0.0 -0.2926151576678197 1.7165630474496756 0.0 0.0 0.0 0.7181087012917937  0.42698065127563256 -0.4024816374595115 -0.004989496299441502 -0.40248159916858967 1.4778813050216069 0.004991283522444929 -0.004989555256817361 0.0049913545517798995 1.0090986136082996
95  0.8142645764635263 -0.30642453619815907 0.0 -0.30642453619815907 1.2281020554070405 0.0 0.0 0.0 1.1432337804862942  9.010980857195218 -8.970147251078012 0.0 -8.970147251078012 32.15740017126975 0.0 0.0 0.0 24.87117423192778  2.8412464927054257 -1.2592972090626156 -0.18232660639631706 -1.2592972445416333 4.594960706935054 -0.3101046822954123 -0.18232655440164888 -0.31010480086086223 5.434155346310664
96  1.3868997762863366 -0.6695080527544067 0.0 -0.6695080527544067 0.7210326348726311 0.0 0.0 0.0 1.5143385923595696  9.224502677326852 -7.925337245192168 0.0 -7.925337245192168 20.96632244913011 0.0 0.0 0.0 16.10322095670211  3.4895626663694754 -1.5475890748764256 -0.11613286704214541 -1.5475890883738137 3.059843624616406 -0.19188895765064443 -0.11613291371065136 -0.1918888966734311 4.790179565851562
97  1.5502794662136927 -0.4765825758125149 0.0 -0.4765825758125149 0.6450449882061191 0.0 0.0 0.0 1.9422885852985041  0.10397039227595362 -0.047233557724768095 0.0 -0.047233557724768095 0.14482289572494406 0.0 0.0 0.0 0.16720217477734675  0.5703740497865873 -0.16997834779765134 -0.03149508156309955 -0.16997831350881856 0.32528354028858364 0.0004357927502091132 -0.03149512584851393 0.0004358233934760734 0.6911399331994865
98  1.4549395983550137 -0.42093156129162645 0.0 -0.42093156129162645 0.6873137559322886 0.0 0.0 0.0 1.046849309812169  27.2795386823681 -12.54687114064776 0.0 -12.54687114064776 27.35765496855675 0.0 0.0 0.0 31.88173275999682  6.068147179870602 -1.5917955927367355 -0.4523258734432891 -1.5917956233705912 3.317334216767043 -0.320417628935599 -0.45232581354622753 -0.3204175936375155 5.706929616227426
99  2.0175386831885183 -0.5138074314837959 0.0 -0.5138074314837959 0.4956534456229607 0.0 0.0 0.0 1.1292445434811649  3.3316679018985824 -2.476085579399989 0.0 -2.476085579399989 13.91485320646553 0.0 0.0 0.0 9.235597783772654  2.5255373489005892 -0.7944931058588537 -0.008033627887191358 -0.7944930925021271 2.091082656074104 -0.1350594828919443 -0.008033704628911415 -0.13505942568885715 3.3157875826520558
100  1.536662492114908 -0.566108114404015 0.0 -0.566108114404015 0.6507609869644833 0.0 0.0 0.0 1.835198898034453  0.3467429087094361 -0.09084885152542185 0.0 -0.09084885152542185 0.05008187294554981 0.0 0.0 0.0 0.16062761469372755  0.7866649399955606 -0.22651334929310352 -0.017208181510525448 -0.22651333066699944 0.23407152137542384 -0.00328892747698054 -0.01720818173728959 -0.0032889360438669987 0.6369919033045492
101  0.7379281724459817 -0.5712405295250188 0.0 -0.5712405295250188 1.3551454427947085 0.0 0.0 0.0 1.3056953305722707  1.955703925374156 -1.0487468740268715 0.0 -1.0487468740268715 3.1860526655234733 0.0 0.0 0.0 4.301640307952953  1.2367306735833778 -0.7558432091400971 -0.01860003603693644 -0.7558432187159048 2.0411384117702958 -0.014083856256089966 -0.018600066237917212 -0.014083808877784447 2.379697192438335
102  1.4265257133715417 -0.4985683983640868 0.0 -0.4985683983640868 0.7010038379445235 0.0 0.0 0.0 1.0032628781907074  22.64167818990842 -24.890695986440992 0.0 -24.890695986440992 75.37552379705843 0.0 0.0 0.0 68.02382664405158  5.1737853110315095 -1.6799908879907983 -0.4327269433455032 -1.679990954970373 4.013909167870876 -0.5415311329056154 -0.4327269314922996 -0.5415311565495277 6.827090200998127
103  0.447241144000994 -0.6556601993767863 0.0 -0.6556601993767863 2.235930243479069 0.0 0.0 0.0 1.7816065833893837  1.2535513041264637 -1.5314507277068314 0.0 -1.5314507277068314 4.052526539630174 0.0 0.0 0.0 2.395525968353404  0.768166892305831 -0.9813322618791801 -0.002615671054580243 -0.981332281456571 2.944589724709914 0.00020257406046994233 -0.0026157010184639667 0.0002026376656445883 2.0609603416123203
104  2.7134692409644425 -0.4716436736737845 0.0 -0.4716436736737845 0.36853190922649715 0.0 0.0 0.0 1.3575447711071278  54.042263075008314 -48.79379933407693 0.0 -48.79379933407693 115.22623159467088 0.0 0.0 0.0 88.17750231606728  9.921329913860122 -1.9147936150102287 -0.7703693867139758 -1.9147936314911198 3.462968134344643 -0.5306338754567843 -0.7703692765251167 -0.5306337443215978 8.836770258664295
105  0.4855811276928779 -0.42608824515342514 0.0 -0.42608824515342514 2.059388108329621 0.0 0.0 0.0 1.1698938619097246  0.23664153459500836 -0.10468183787829761 0.0 -0.10468183787829761 0.11986843649182559 0.0 0.0 0.0 0.2574010119546809  0.3438785426640092 -0.18646783030941913 -0.001592316661334644 -0.18646781363499032 0.5792228355170724 -0.016250595217783832 -0.0015923400589501772 -0.01625057366963991 0.6099768389503193
106  1.5059157063254143 -0.5921053833425037 0.0 -0.5921053833425037 0.6640477921836014 0.0 0.0 0.0 1.146637803586906  0.09703455763572699 -0.08137610093555549 0.0 -0.08137610093555549 0.5229971210202059 0.0 0.0 0.0 0.3198408113533146  0.5557190388917791 -0.24914941038808575 -0.014642128297834883 -0.24914937037362908 0.5611998294106203 0.005855598607136016 -0.014642193411064392 0.0058556457554564375 0.6561453499434307
107  2.5507712494879673 -0.3169584680102073 0.0 -0.3169584680102073 0.39203829045851774 0.0 0.0 0.0 1.0207773649202416  0.027350903338438797 -0.009350778371823291 0.0 -0.009350778371823291 0.006672234259828709 0.0 0.0 0.0 0.021161052729373873  0.3543637892098546 -0.04612288302096903 -0.03560174542377215 -0.04612281668172787 0.08692512179772213 -0.004069271982465323 -0.03560173169210389 -0.00406930888440717 0.21659755595243774
108  0.5497778364894106 -0.5700733140354517 0.0 -0.5700733140354517 1.8189165397889975 0.0 0.0 0.0 1.615854975336222  0.011536025278761883 -0.0062751021204688505 0.0 -0.0062751021204688505 0.011163359400873664 0.0 0.0 0.0 0.014589407159664124  0.12185758795807507 -0.0449970864008846 -0.02027135100769441 -0.04499702220978829 0.18002245129008215 -0.010612453581976457 -0.020271349094831803 -0.01061249377453567 0.2330130563141451
109  1.9780531528010208 -0.5925139811100286 0.0 -0.5925139811100286 0.5055475878309694 0.0 0.0 0.0 1.3098260747897996  23.975890363657175 -17.909913468630496 0.0 -17.909913468630496 122.63919060956795 0.0 0.0 0.0 86.83195529881222  6.852383354487828 -1.570385615225979 -0.6195312131465526 -1.5703856572645467 3.8175594187261384 -0.6542429361843544 -0.6195312881496052 -0.6542428267343547 8.216043150701656
110  2.553610599782321 -0.579931022868213 0.0 -0.579931022868213 0.3916023845159648 0.0 0.0 0.0 1.1255073662464368  0.004064244373900804 -0.0038126258346484043 0.0 -0.0038126258346484043 0.035668062094774876 0.0 0.0 0.0 0.02337536775649835  0.1936095965622787 -0.03857324123828395 -0.03313003475468639 -0.03857317695220891 0.11920524902376646 0.0016144198727250526 -0.033130138742620836 0.0016144598195480847 0.2576268041044797
111  0.39851898201675373 -0.5098335585128007 0.0 -0.5098335585128007 2.5092907618587663 0.0 0.0 0.0 1.1307797217014977  2.3201512960416584 -0.6371820032389245 0.0 -0.6371820032389245 0.7263633213343508 0.0 0.0 0.0 2.0287211974225876  1.0376956760830527 -0.4855448619277592 -0.014438499639575823 -0.48554488366220255 1.3515570584281866 0.010018522440100583 -0.014438518469744997 0.010018567788854123 1.5165946775074068
112  1.7471000064835782 -0.4888214106778486 0.0 -0.4888214106778486 0.572377079897515 0.0 0.0 0.0 1.2677449082334642  1.423006717475561 -1.1508067108272049 0.0 -1.1508067108272049 4.43879172222766 0.0 0.0 0.0 3.9475978088127106  1.5468775923600904 -0.633213602051576 0.0128829015159499 -0.6332135879382941 1.5008727691097143 -0.033579947762230104 0.012882831485214413 -0.03357989280997179 2.2471715854087813
113  0.5186411390690686 -0.40829777512328985 0.0 -0.40829777512328985 1.9281154630250565 0.0 0.0 0.0 1.15776229108889  4.6156740725512275 -2.8036237557192214 0.0 -2.8036237557192214 5.084685390090645 0.0 0.0 0.0 8.485697631221282  1.738736205663697 -1.0600659762692888 -0.0800456348362893 -1.060066012860183 2.973499808799435 0.006201327333956468 -0.08004562400128232 0.006201330242669332 3.2340261420441796
114  2.9302671356081578 -0.3538945106340372 0.0 -0.3538945106340372 0.34126581424886254 0.0 0.0 0.0 1.6560752128249132  15.707196018454411 -14.828198337426128 0.0 -14.828198337426128 79.0673219058558 0.0 0.0 0.0 54.07701191785518  6.542493858698828 -1.133550232316203 -0.30551503375087186 -1.1335502139398625 3.1748770453132016 -0.4347374457775275 -0.3055150218998972 -0.43473739051242244 8.34925080541619
115  2.6128322114500095 -0.370102535174294 0.0 -0.370102535174294 0.3827264512500185 0.0 0.0 0.0 1.0931376194699034  12.565570734688304 -3.711835246566559 0.0 -3.711835246566559 7.016576685897287 0.0 0.0 0.0 16.646555572488083  5.689825835806075 -1.045207329820208 -0.17100803162948933 -1.0452072924906 1.6277944722008704 -0.10379487192529048 -0.1710080492128343 -0.10379479723034148 4.2826468442959955
116  0.35622954752478203 -0.48292769627912785 0.0 -0.48292769627912785 2.807178705271304 0.0 0.0 0.0 1.660748687343117  0.03265529939285294 -0.032079830056129265 0.0 -0.032079830056129265 0.07411468008953333 0.0 0.0 0.0 0.09492289274418128  0.14494745797797132 -0.10699163043051939 -0.00983160242720793 -0.10699156592520158 0.5434249987285292 -0.02944212787323907 -0.009831638842624458 -0.029442109947496187 0.5226964537965715
117  2.2289834199122813 -0.5666792778376096 0.0 -0.5666792778376096 0.44863501050149296 0.0 0.0 0.0 1.2067195974275986  0.16872804390321805 -0.05544291007931799 0.0 -0.05544291007931799 0.05822327238249347 0.0 0.0 0.0 0.10721255119148887  0.7620790515274177 -0.1825353628262079 -0.028032249910434598 -0.18253533480363618 0.18363393007446202 0.0013246468624249217 -0.028032260099266782 0.0013246523922179811 0.4476950036776546
118  0.45994105059641033 -0.5087898724029406 0.0 -0.5087898724029406 2.1741916680480893 0.0 0.0 0.0 1.0480933670814971  0.8757555321273025 -0.29961168465584537 0.0 -0.29961168465584537 0.5391872610591331 0.0 0.0 0.0 1.3398004105681038  0.6300627069780695 -0.3608815112435967 -0.002085505178022982 -0.36088152179085525 1.1144231902343615 0.0027475725844173077 -0.0020855302644216997 0.0027476196234087233 1.1827276006546255
119  0.32665213250120356 -0.6541019258478442 0.0 -0.6541019258478442 3.0613606969068705 0.0 0.0 0.0 1.6677657400171788  1.3572631674340827 -0.26359160954700045 0.0 -0.26359160954700045 0.1492065489421429 0.0 0.0 0.0 0.8038336162576025  0.6695135815615856 -0.3214563701336007 0.013711476416641076 -0.32145638237056073 0.8433374659762641 -0.014791104710691994 0.013711458467687248 -0.014791087467353903 1.1852230557792578
120  2.392069656664334 -0.36648525939888166 0.0 -0.36648525939888166 0.4180480268264716 0.0 0.0 0.0 1.8148391695529755  0.28521246249586707 -0.10986650388552865 0.0 -0.10986650388552865 0.13715107751266292 0.0 0.0 0.0 0.22115819642442794  1.0069680100737863 -0.2009427895558364 -0.0354724280660016 -0.20094275858854838 0.2536943182039896 -0.0004397047878687393 -0.03547246711437899 -0.0004396857329038606 0.7369522639924246
121  1.1957464197646133 -0.653144257199473 0.0 -0.653144257199473 0.8362977161970958 0.0 0.0 0.0 1.0082532165216014  19.051507569558023 -14.710079794474389 0.0 -14.710079794474389 46.95672443333548 0.0 0.0 0.0 32.27946411665776  4.669894715953301 -1.7489869143919319 -0.3599078790483887 -1.748986999333345 3.929276464681875 -0.42852158051425565 -0.3599079143181809 -0.42852154829769223 5.469579350274345
122  0.323127301603593 -0.39414897369832963 0.0 -0.39414897369832963 3.0947555190702603 0.0 0.0 0.0 1.702702053797513  0.4573838269512604 -0.08126436491007474 0.0 -0.08126436491007474 0.14094299619718004 0.0 0.0 0.0 0.299854111158378  0.3720228302232497 -0.14365522208072865 0.007273365800989214 -0.14365522780462264 0.7906456185319396 -0.028599454638100607 0.007273348287779073 -0.028599426101780352 0.8207333015367274
123  1.262150140040231 -0.6973673564257519 0.0 -0.6973673564257519 0.792298767219663 0.0 0.0 0.0 1.1166804966207071  13.850794632626934 -9.792820758246389 0.0 -9.792820758246389 18.492668533710237 0.0 0.0 0.0 25.8652682504128  4.054091099185194 -1.7757417140226082 -0.22494507633259217 -1.775741744371021 3.057072193908584 -0.2184881127657876 -0.22494514054524734 -0.21848803446865014 4.921512760468938
124  1.9421072182210621 -0.4970582211998913 0.0 -0.4970582211998913 0.5149046307113689 0.0 0.0 0.0 1.473996983853071  6.287191867764973 -2.902337802331195 0.0 -2.902337802331195 2.7636133001517678 0.0 0.0 0.0 4.594840244165509  3.3506856092296244 -1.1548960219890954 -0.022027216984634983 -1.1548960153792482 1.1717797867696678 -0.003665934540733249 -0.022027282929916053 -0.0036658686911010293 2.5919292077116363
125  1.492374218403891 -0.3210355016659083 0.0 -0.3210355016659083 0.67007322135966 0.0 0.0 0.0 1.508533012000016  0.34207140693823895 -0.1530126470958396 0.0 -0.1530126470958396 0.26226521777163525 0.0 0.0 0.0 0.30069277057552135  0.8042914623800174 -0.2249936986869227 -0.017385472544203116 -0.224993671989208 0.4338660432423845 -0.003265705522905878 -0.017385514743216132 -0.003265676354246565 0.7561918650433239
126  0.468240238775199 -0.32436101987743604 0.0 -0.32436101987743604 2.1356558390106612 0.0 0.0 0.0 1.3927485032783895  0.011102062122662003 -0.006110242688850266 0.0 -0.006110242688850266 0.011421714817790456 0.0 0.0 0.0 0.01466913521610977  0.12182660913173475 -0.032636358990552956 -0.021575710140031998 -0.032636284550500244 0.19532930004450927 -0.01467724438384542 -0.02157571545129652 -0.014677284606416652 0.22961116184588687
127  0.8650582193982206 -0.434857705691163 0.0 -0.434857705691163 1.1559915593838896 0.0 0.0 0.0 1.329983535177636  2.011339071240871 -1.1571629766472475 0.0 -1.1571629766472475 4.8727885130459905 0.0 0.0 0.0 5.619089929561278  1.3413289431174575 -0.6708754222725741 -0.017567982145635666 -0.670875433347852 2.2777171377586227 -0.037231174472557846 -0.017568014482361945 -0.03723113306414301 2.7606530546072747
128  2.6075374173090755 -0.5744953540806199 0.0 -0.5744953540806199 0.383503605111055 0.0 0.0 0.0 1.7342600193830466  0.017793176948398097 -0.005792718523056951 0.0 -0.005792718523056951 0.015746269018167138 0.0 0.0 0.0 0.01969685727019044  0.31580414764438625 -0.055140530520355543 -0.04741366582729403 -0.05514049014539374 0.09722139328530105 0.002591701310997004 -0.04741364329924295 0.002591694652481233 0.2852017888084656
129  1.9183754370083659 -0.5681153566936858 0.0 -0.5681153566936858 0.5212743974450915 0.0 0.0 0.0 1.3512479015011238  0.04192189929049513 -0.011828437762772153 0.0 -0.011828437762772153 0.03261940187660138 0.0 0.0 0.0 0.03840591346498031  0.42222292997034633 -0.0980296498134398 -0.03612779294374299 -0.09802961454029324 0.1559247675837457 0.0014946134711632986 -0.03612778171615451 0.0014946137309737192 0.3458437196585339
130  0.8364648267457631 -0.5433324269892738 0.0 -0.5433324269892738 1.195507531249658 0.0 0.0 0.0 1.0783516050829176  0.49236924074979155 -0.4441672520352961 0.0 -0.4441672520352961 3.319169410478699 0.0 0.0 0.0 1.3355663293351172  0.6574130339630426 -0.48847416762897483 0.0009198608980355302 -0.4884741580217657 1.8839968154466846 -0.0037359383412514727 0.0009198160774246895 -0.003735882907033215 1.1983592157421168
131  0.4460988010639057 -0.4002275838320774 0.0 -0.4002275838320774 2.2416558789557146 0.0 0.0 0.0 1.1382968870667676  10.006842487721181 -3.3624537631669837 0.0 -3.3624537631669837 9.502101917134706 0.0 0.0 0.0 14.797628482947742  2.544290955092794 -1.076947484857875 -0.20913217988844351 -1.0769475479613093 4.339553456865671 -0.08624107556663883 -0.20913215934777615 -0.08624110475345223 4.399600277069679
132  1.8439346676590014 -0.4583114888963333 0.0 -0.4583114888963333 0.5423185634171991 0.0 0.0 0.0 1.345691997808414  0.6421426866410388 -0.9850842807703151 0.0 -0.9850842807703151 4.43293180456189 0.0 0.0 0.0 1.8282505136820701  1.1138419290062955 -0.5219864123019335 0.006273248024470899 -0.5219863699692185 1.4168565891105278 -0.008110953667644642 0.006273169626635096 -0.008110905482565947 1.565528211444049
133  1.3609112525806215 -0.5868129505216331 0.0 -0.5868129505216331 0.7348017720507158 0.0 0.0 0.0 1.0215391780920084  0.43369351846934434 -0.16321302461455553 0.0 -0.16321302461455553 0.37881679125028955 0.0 0.0 0.0 0.6687325804240298  0.8177003376613264 -0.3307305006234242 -0.00283408438855659 -0.3307304926509458 0.5295015849519439 0.0005539581655368829 -0.0028341304810146246 0.0005539951013550492 0.8362127551337631
134  0.5355453892386158 -0.5202746780759148 0.0 -0.5202746780759148 1.8672553626531987 0.0 0.0 0.0 1.0386727263134063  18.847164162789923 -8.051023944682594 0.0 -8.051023944682594 8.005762433442433 0.0 0.0 0.0 17.214644656108522  3.3847109233432233 -1.6101860452454617 -0.26618471841356445 -1.6101861146233305 3.367134467039532 -0.0015228872529123674 -0.2661846874598772 -0.001522882402795171 4.330109745070053
135  0.5095045524804491 -0.33432006844871615 0.0 -0.33432006844871615 1.9626910007607288 0.0 0.0 0.0 1.0262237608111573  0.09008122516357198 -0.01568989339413738 0.0 -0.01568989339413738 0.01542868602627016 0.0 0.0 0.0 0.04080261627019847  0.24449509611964276 -0.06451470410369484 -0.008485045679489938 -0.064514689474238 0.26413534987844733 -0.01845871261604288 -0.008485031132617463 -0.018458766767491044 0.3082988224143252
136  0.623604645663481 -0.5840168812165019 0.0 -0.5840168812165019 1.6035800999141934 0.0 0.0 0.0 1.318589555262264  118.44316839660904 -32.429639398744 0.0 -32.429639398744 60.65186615715979 0.0 0.0 0.0 99.20565060239264  6.677029126386397 -2.2976940794144944 -0.882605342313823 -2.2976943110951646 6.84733470610834 -0.9102654572483583 -0.8826052693211833 -0.9102656290408961 9.324892332856194
137  0.995555935818197 -0.5409449684629786 0.0 -0.5409449684629786 1.00446390204901 0.0 0.0 0.0 1.7104123161147962  0.0125362000793844 -0.013890531038146763 0.0 -0.013890531038146763 0.04804230322760088 0.0 0.0 0.0 0.04767565951089321  0.2227318112581825 -0.08799918180025086 -0.03163567390030955 -0.08799908127470443 0.259824808558723 -0.005140100788481721 -0.031635748309416255 -0.005140063747975739 0.4029943578155514
138  0.7846975839274795 -0.6844167350031796 0.0 -0.6844167350031796 1.2743762953810986 0.0 0.0 0.0 1.0291830514234364  3.4326052958782878 -0.49453500772696296 0.0 -0.49453500772696296 0.7813166442943289 0.0 0.0 0.0 3.118580187043362  1.6441417864829884 -0.580375540395935 -0.03554860528741464 -0.5803755652228841 1.0087364349754953 0.0034823120164754044 -0.035548632046622154 0.0034823568667014487 1.7938948464821072
139  0.33551120652741295 -0.3150829529680809 0.0 -0.3150829529680809 2.9805263745140955 0.0 0.0 0.0 1.301989439743251  0.04489470363438142 -0.023061871011965048 0.0 -0.023061871011965048 0.0527408740654427 0.0 0.0 0.0 0.05420247475997432  0.15496809020485716 -0.07251479113217654 -0.009758505974021729 -0.07251474669484521 0.4705447722728843 -0.028314077150724794 -0.009758520539085007 -0.02831407441473447 0.4044042988566656
140  0.8759420579161153 -0.34662523704151343 0.0 -0.34662523704151343 1.1416280231811464 0.0 0.0 0.0 1.2337129437479466  0.06148452714961505 -0.0316423877703916 0.0 -0.0316423877703916 0.035489011548742136 0.0 0.0 0.0 0.08216065318668743  0.3245422819541049 -0.10147285441162635 -0.019672259669584014 -0.10147278987952492 0.2784438357188084 -0.013091657632778548 -0.019672280757564956 -0.013091674414603304 0.4117544445594263
141  1.3762230206025237 -0.49143441522829223 0.0 -0.49143441522829223 0.7266264152173464 0.0 0.0 0.0 1.6407603624022993  1.1129586765664972 -0.37279139340189843 0.0 -0.37279139340189843 1.3309754087289378 0.0 0.0 0.0 1.6355365072097898  1.243825163066612 -0.43690331634180735 -7.361354376368427e-06 -0.4369033148311488 0.9708117907079364 2.6525292998332435e-05 -7.4195901957501995e-06 2.6581630239351977e-05 1.6382259364117446
142  0.5846387188291429 -0.5415820871733266 0.0 -0.5415820871733266 1.710458044931923 0.0 0.0 0.0 1.2136335098894602  0.026309979752170295 -0.05001456515888843 0.0 -0.05001456515888843 0.21051866231408672 0.0 0.0 0.0 0.10663107254421038  0.20190210441075132 -0.16088241958009922 -0.01320020890933243 -0.16088231485260138 0.6117508939289485 -0.01039251087020597 -0.01320027422078619 -0.010392433525107133 0.47366548132746
143  0.9442775513902957 -0.5710261063072856 0.0 -0.5710261063072856 1.0590106674967144 0.0 0.0 0.0 1.044873973781152  0.009219063082387362 -0.006759774689217942 0.0 -0.006759774689217942 0.017664828035985045 0.0 0.0 0.0 0.013340027826993747  0.15311440485364264 -0.05075301058235008 -0.02518216380842739 -0.050752919108853635 0.1646789163920375 -0.004533536911293603 -0.0251821728534556 -0.00453353361878714 0.2084317896749496
144  0.6421211591696765 -0.5310848768799049 0.0 -0.5310848768799049 1.5573384955778358 0.0 0.0 0.0 1.4957875774254779  0.08125790252731202 -0.02120243459146118 0.0 -0.02120243459146118 0.040750527645711285 0.0 0.0 0.0 0.08644031894927061  0.26867737864153973 -0.1158837187908961 -0.010522207715552404 -0.11588370074356541 0.3432292253886898 -0.01555139955719797 -0.010522215064955733 -0.015551408097785636 0.471478280740611
145  0.38895124273176823 -0.5296278896718672 0.0 -0.5296278896718672 2.571016338645891 0.0 0.0 0.0 1.056230234215611  4.162462900688804 -4.632253936578994 0.0 -4.632253936578994 16.97296986456733 0.0 0.0 0.0 15.281211791810698  1.4657377054266463 -1.3398360614516536 -0.10190465818627298 -1.339836126433706 5.709639368785218 -0.13072134373797747 -0.10190461887581506 -0.13072148971601033 4.278335749245015
146  0.9994920893219481 -0.6950952577752749 0.0 -0.6950952577752749 1.0005081687824027 0.0 0.0 0.0 1.039112161171131  33.82203790691678 -24.45775436882605 0.0 -24.45775436882605 61.78791578687855 0.0 0.0 0.0 47.6818764351703  5.359830459408199 -2.074673356852131 -0.5415832953636242 -2.0746735049494314 4.6988262864887025 -0.563686758731011 -0.5415832819440523 -0.5636867978938396 6.340705224508533
147  0.6001963847156676 -0.6052046993996633 0.0 -0.6052046993996633 1.6661213320598929 0.0 0.0 0.0 1.9191383453150348  0.04916053076889173 -0.017802039092307025 0.0 -0.017802039092307025 0.02355146099134188 0.0 0.0 0.0 0.03613552387592286  0.20517046087863067 -0.09682452728849462 -0.013329679657174017 -0.09682449242713054 0.2724725862313723 -0.015278542834203074 -0.013329666967857812 -0.015278584531788323 0.3880474829121165
148  0.9497870583656823 -0.5803026921251163 0.0 -0.5803026921251163 1.0528675782556145 0.0 0.0 0.0 1.4282740851744593  0.501355907241805 -0.12734494254976253 0.0 -0.12734494254976253 0.0831984313974578 0.0 0.0 0.0 0.39778905335778925  0.6790934693009344 -0.26238028434864413 -0.001100942444334082 -0.26238027914764944 0.3740320639394198 -0.006056725837688103 -0.0011009675110204727 -0.006056714694621748 0.7939632757383129
149  0.40121207802997405 -0.5966047321783683 0.0 -0.5966047321783683 2.492447398169532 0.0 0.0 0.0 1.818979401881078  0.4956961267235103 -0.39127927161499193 0.0 -0.39127927161499193 1.7511608779413146 0.0 0.0 0.0 1.0842482735275973  0.4417429899794981 -0.4884236926040185 0.001992778802979757 -0.48842370270473184 2.096787449412441 -0.0012028183395131507 0.0019927417243931094 -0.0012027290124044265 1.4281162044003022
150  2.4891045520411086 -0.6420197148380606 0.0 -0.6420197148380606 0.40175090241990147 0.0 0.0 0.0 1.1853682812623854  4.110472892945147 -1.8929082757678506 0.0 -1.8929082757678506 2.3013559421850247 0.0 0.0 0.0 3.672352918732972  3.095814258748594 -1.0111201577461881 -0.00201736593548556 -1.0111201449296718 0.9602805619711033 -0.013106521324664012 -0.0020174582257513735 -0.013106451237252043 2.0867414592166997
151  2.0424494410410046 -0.4797983571778467 0.0 -0.4797983571778467 0.48960820273245814 0.0 0.0 0.0 1.765913513927564  0.0576569021488406 -0.014581791990203498 0.0 -0.014581791990203498 0.00875464717743686 0.0 0.0 0.0 0.031798838269066355  0.4667610230920492 -0.08140274267623449 -0.03765283827914187 -0.08140269937000288 0.11217074672414909 -0.0037481568788562993 -0.03765279236701973 -0.003748211650636339 0.32634798545828897
152  0.5992176722125074 -0.4514104562915049 0.0 -0.4514104562915049 1.668842636612624 0.0 0.0 0.0 1.5981106409582184  0.3531385107346065 -0.28364443773523607 0.0 -0.28364443773523607 0.913398237965846 0.0 0.0 0.0 0.6121353815480007  0.47093148989717243 -0.35784958399951006 -0.0025309401814239654 -0.3578495718914873 1.2450798252711874 -0.004013242645566501 -0.002530981619907708 -0.004013178837481381 1.0383008098313429
153  0.6294065686072644 -0.4997079193651087 0.0 -0.4997079193651087 1.5887981630264454 0.0 0.0 0.0 1.4121709179039121  0.9426822166659354 -0.1819674297195862 0.0 -0.1819674297195862 0.09959688858365866 0.0 0.0 0.0 0.3189328349819357  0.7428767625145728 -0.25607402582635524 0.009122951069713189 -0.25607402729053835 0.4921307701012192 -0.014262056357229559 0.009122930143774776 -0.014262044961166526 0.7388441718911198
154  2.755161488471977 -0.6285477970906277 0.0 -0.6285477970906277 0.36295513137221 0.0 0.0 0.0 1.2691118084545563  2.837962109224397 -0.8235681000362428 0.0 -0.8235681000362428 1.9709781800698298 0.0 0.0 0.0 2.8319226233143073  2.791045121517761 -0.6876190258339591 0.0011403041701359582 -0.6876190101215854 0.8376027869844401 -0.013529235055991701 0.001140213922812196 -0.013529172745968814 1.8959101865015788
155  1.1817317961848055 -0.3623905642362906 0.0 -0.3623905642362906 0.8462157007440076 0.0 0.0 0.0 1.2707963253423313  51.62212421070248 -24.904430193751203 0.0 -24.904430193751203 39.925227351044946 0.0 0.0 0.0 85.33279126698395  7.077739095140619 -1.9129335131082372 -0.7821339875366017 -1.9129335623526036 4.313471954528212 -0.511705786400639 -0.78213385635295 -0.5117057942735727 8.252253157155849
156  2.4146245146019476 -0.500521591220998 0.0 -0.500521591220998 0.41414306611761154 0.0 0.0 0.0 1.961496818361409  6.218389554002512 -3.7672210779750532 0.0 -3.7672210779750532 6.508663875133958 0.0 0.0 0.0 9.926293862507114  3.650231618616046 -1.1639013113118335 -0.020001542125380585 -1.1639012955069856 1.6554940668495155 -0.05440006261296846 -0.02000162274920894 -0.05439997574660784 4.2915256667191555
157  0.8457704540138336 -0.6336043057058104 0.0 -0.6336043057058104 1.1823539061387498 0.0 0.0 0.0 1.332251738372001  1.1403471604869553 -0.11851636778588312 0.0 -0.11851636778588312 0.12376512932983225 0.0 0.0 0.0 0.4106946980799197  0.9096676236889687 -0.28040534046278787 0.00910088630476761 -0.28040535214400825 0.4514042605630774 -0.005173296783526907 0.009100858310814957 -0.005173273414381846 0.7862089495433698
158  0.929368761141389 -0.5399965419824375 0.0 -0.5399965419824375 1.0759991532014337 0.0 0.0 0.0 1.0864543990117845  0.24089006654874281 -0.02657782529627248 0.0 -0.02657782529627248 0.028848540454050057 0.0 0.0 0.0 0.16436883810120745  0.48675674854848905 -0.14171502749563 -0.005355300727391937 -0.14171502684485066 0.2728345370348359 -0.007682226871500936 -0.005355302914877164 -0.007682241750677841 0.4843666707822728
159  1.2007253955848967 -0.49625140346835767 0.0 -0.49625140346835767 0.8328298907285796 0.0 0.0 0.0 1.3231589749757413  0.9423504867347894 -1.3762617583952081 0.0 -1.3762617583952081 8.149768739749113 0.0 0.0 0.0 3.865965201699321  1.0310252161622273 -0.6494493194641091 0.012184114493793216 -0.6494493050141302 2.261618593786167 -0.04701008449261207 0.012184053700769106 -0.04701004106884091 2.2783200857941104
160  2.8960432455102865 -0.37802369213646736 0.0 -0.37802369213646736 0.3452987111122364 0.0 0.0 0.0 1.0133934080925455  30.15146238398688 -10.331676207574038 0.0 -10.331676207574038 19.182115083809084 0.0 0.0 0.0 44.56025975379485  8.79081765438252 -1.4671139430840225 -0.5114451476647002 -1.4671138938699382 2.278439233153151 -0.2571162350081429 -0.5114451169073772 -0.2571160885016695 6.278558090130754
161  1.6016647923507874 -0.3002637884385873 0.0 -0.3002637884385873 0.624350366428599 0.0 0.0 0.0 1.0789223644531456  20.064435963997774 -19.23552576834766 0.0 -19.23552576834766 168.39820133142481 0.0 0.0 0.0 85.78869918313644  5.76557454607129 -1.2090122029945989 -0.5598597794865731 -1.209012243832855 4.313001590335336 -0.712623147344706 -0.5598596776306012 -0.7126232336778476 8.016696410469224
162  0.6221714623440953 -0.561928169458348 0.0 -0.561928169458348 1.6072739759428962 0.0 0.0 0.0 1.3718355272702483  1.72867604817184 -0.4774993637687552 0.0 -0.4774993637687552 0.6890027942472469 0.0 0.0 0.0 1.3106762375509466  1.050937100287584 -0.49065341852787653 0.0007173722462516871 -0.49065343414638235 1.068786916856712 -0.00035727659295997703 0.0007173387767741575 -0.0003572252079366008 1.3419207981751828
163  0.3320597669163404 -0.41182330703235576 0.0 -0.41182330703235576 3.0115060589437244 0.0 0.0 0.0 1.1339937403629394  5.143326778901353 -0.7217631784202999 0.0 -0.7217631784202999 0.5386275129515403 0.0 0.0 0.0 1.6963100043675694  1.4460462395674172 -0.3292565216515339 -0.01493814919828204 -0.329256546058114 1.277615589159818 0.007974854477400446 -0.01493816727905164 0.007974894344070602 1.3876692403242876
164  1.8750748000546882 -0.5950753008052742 0.0 -0.5950753008052742 0.5333120577220888 0.0 0.0 0.0 1.1945821533101841  9.866930343687015 -7.313501982538745 0.0 -7.313501982538745 22.021515532362265 0.0 0.0 0.0 15.709516377026501  4.159869657486411 -1.3566643864989139 -0.12238082377501935 -1.3566643797340388 2.591108509403571 -0.20166912626473155 -0.1223808881681723 -0.2016690448760006 4.356879611330149
165  1.3456214820045864 -0.6547767390395982 0.0 -0.6547767390395982 0.7431510371774754 0.0 0.0 0.0 1.1930161083531838  3.586603463005681 -4.079632699241541 0.0 -4.079632699241541 20.226194143845152 0.0 0.0 0.0 11.78126078506286  2.119291015635184 -1.1002350603675437 -0.02557043581628116 -1.1002350623658343 2.868568232449812 -0.1901343909332812 -0.0255704968767049 -0.19013434545968563 3.7474286295590353
166  2.1297289529779957 -0.3613555351354535 0.0 -0.3613555351354535 0.4695433184592349 0.0 0.0 0.0 1.6695472670186449  0.008885309152504009 -0.009600849119103683 0.0 -0.009600849119103683 0.022283347205743438 0.0 0.0 0.0 0.01867633355667927  0.22985712197280894 -0.04129851788008134 -0.04749994032328872 -0.04129837940214051 0.1302308337712802 -0.002474991045003275 -0.04749999455033658 -0.0024749703519433004 0.2800718581568563
167  0.42880980538805435 -0.4949363352757167 0.0 -0.4949363352757167 2.332036225466074 0.0 0.0 0.0 1.2838178282906993  3.6820227523740443 -4.775138516945718 0.0 -4.775138516945718 20.660690686842077 0.0 0.0 0.0 15.545326166077562  1.4018072417417076 -1.269741157673812 -0.08322685838007789 -1.2697412098510281 5.791628525318588 -0.1685236942222472 -0.08322683021149693 -0.16852382659282467 4.626589652944084
168  1.0860699060776353 -0.4113213065763436 0.0 -0.4113213065763436 0.9207510441123642 0.0 0.0 0.0 1.6372637426253316  0.5761138209205923 -0.14080373064417315 0.0 -0.14080373064417315 0.3081258080633925 0.0 0.0 0.0 0.626950087696115  0.8097875506713491 -0.2498339188358308 -0.0038280040440864314 -0.24983391623444826 0.5578474101023245 -0.002661302321825342 -0.0038280478416119223 -0.00266126316940763 1.0531085634434074
169  0.44232573267889047 -0.5027850425356599 0.0 -0.5027850425356599 2.260777355058285 0.0 0.0 0.0 1.999411190717641  0.019165568935288386 -0.01704985989193186 0.0 -0.01704985989193186 0.041721773602954905 0.0 0.0 0.0 0.05068741859277366  0.14446511423582573 -0.08271990894910643 -0.017597609336867347 -0.08271982897852494 0.3885772006400959 -0.02372243494087215 -0.017597647211932348 -0.02372243289278136 0.44906007959770033
170  1.9654488511202848 -0.5260387552480087 0.0 -0.5260387552480087 0.5087896331822681 0.0 0.0 0.0 1.2396003655847738  0.04398332983195072 -0.03094652155829227 0.0 -0.03094652155829227 0.23828325860643138 0.0 0.0 0.0 0.11576604594880882  0.5157421717924418 -0.1481972516266885 -0.029770338802059145 -0.14819718851000396 0.33395217429246604 0.004848396819754669 -0.029770403593068963 0.004848437670216264 0.490901789851332
171  1.5605962972325362 -0.3042780999554697 0.0 -0.3042780999554697 0.6407807078443909 0.0 0.0 0.0 1.4190484721900931  0.21158253177726527 -0.25873644057851136 0.0 -0.25873644057851136 0.6766679746022971 0.0 0.0 0.0 0.5676380325237578  0.7112870440722879 -0.2739630813711919 -0.015585585481383498 -0.27396302029410646 0.6575828729993735 0.0008807130977108566 -0.015585659991254377 0.000880752459840008 0.9343759056601005
172  0.4780346798474022 -0.6901147960060154 0.0 -0.6901147960060154 2.0918984378271865 0.0 0.0 0.0 1.745671544932199  1.2390896718721949 -1.992201185905161 0.0 -1.992201185905161 9.805022785975412 0.0 0.0 0.0 5.533032597965761  0.7759331973609488 -1.0456528712312159 -0.0082142023284769 -1.0456528966809517 4.15594426999229 -0.04554004808624994 -0.008214231913205089 -0.04554002131773894 3.1101276324707468
173  1.5738928678062245 -0.3018205592243673 0.0 -0.3018205592243673 0.6353672606661298 0.0 0.0 0.0 1.162012930052409  1.658540575747986 -2.0601434584811997 0.0 -2.0601434584811997 6.419283681516648 0.0 0.0 0.0 4.076264924405574  1.4516836078525348 -0.6609055739602046 0.018956848984247265 -0.6609055614308029 1.836119500090399 -0.03504217129935359 0.018956791830632588 -0.0350421393181388 2.2148606273329343
174  0.4348617480811704 -0.32229225841080056 0.0 -0.32229225841080056 2.299581428839177 0.0 0.0 0.0 1.3756509507154169  5.217619168321401 -3.9210677182425058 0.0 -3.9210677182425058 15.771305264264395 0.0 0.0 0.0 12.873599796534016  1.8062620674866008 -1.0673869635229463 -0.11767517895141359 -1.0673870071613583 5.3214842729497995 -0.11849177494489548 -0.1176751493869797 -0.11849185212919945 4.455288955089523
175  1.243096747789568 -0.5103785256396745 0.0 -0.5103785256396745 0.8044426162148406 0.0 0.0 0.0 1.9391289227781703  0.017526619869448177 -0.023537389589322787 0.0 -0.023537389589322787 0.11052012810739559 0.0 0.0 0.0 0.06810080577471271  0.3018795241098892 -0.11474430944655631 -0.036839670315316056 -0.11474420131394673 0.315133658521405 -0.0007533987239641551 -0.036839772018521684 -0.000753334114522084 0.5145814437442273
176  0.5341532286403524 -0.3511526038387045 0.0 -0.3511526038387045 1.8721219799521311 0.0 0.0 0.0 1.0815341637606362  22.324830278152213 -19.39569277722544 0.0 -19.39569277722544 57.93418656875096 0.0 0.0 0.0 45.649575981470626  3.7885866798902637 -1.756305408303956 -0.42245356274678014 -1.7563055171375825 6.891154235053003 -0.5719867226113209 -0.42245346178535126 -0.5719869953554696 7.140822176904548
177  1.5549796473466992 -0.5729375846022993 0.0 -0.5729375846022993 0.6430952338870319 0.0 0.0 0.0 1.164139394361026  1.2209692709502515 -1.4018730934638828 0.0 -1.4018730934638828 4.305473922387628 0.0 0.0 0.0 2.3122090915319786  1.322358337021308 -0.7587638335481814 0.008632507221831561 -0.7587638125608834 1.5353498018118785 -0.01646839437677824 0.008632444551832133 -0.016468342763453363 1.6437627378788229
178  2.841078941800462 -0.6432225870779837 0.0 -0.6432225870779837 0.3519789560533208 0.0 0.0 0.0 1.242454122854036  4.126386502399298 -1.8623203801733699 0.0 -1.8623203801733699 1.7862057870171308 0.0 0.0 0.0 3.064729479491083  3.2816142160397557 -1.0230023103290593 0.0027889328640160987 -1.023002293584479 0.799790720979204 -0.006314290852173992 0.0027888320227845305 -0.0063142239423271945 1.9457526620607424
179  1.0640685087959407 -0.6783636865671863 0.0 -0.6783636865671863 0.9397891129505954 0.0 0.0 0.0 1.3083796204748872  5.347432386646206 -1.3079710301421694 0.0 -1.3079710301421694 0.8952714148763141 0.0 0.0 0.0 3.2353421254633723  2.4461487293909827 -0.8776484516395344 -0.03650940452161657 -0.8776484724861492 0.8995737402637015 0.0070124120569059045 -0.036509448445916304 0.007012466242385831 2.043527789911149
180  0.3775185293479936 -0.47710101401511446 0.0 -0.47710101401511446 2.648876604089035 0.0 0.0 0.0 1.211721294192376  0.00791318018747481 -0.006992556114400917 0.0 -0.006992556114400917 0.04227831009720594 0.0 0.0 0.0 0.03341271395676045  0.10482866934917798 -0.05616297180733149 -0.015312025914723505 -0.05616289803942402 0.3783009891360504 -0.020714042178705813 -0.015312071086073943 -0.0207140046443178 0.31946769322023055
181  0.5627089499866136 -0.6785205179207172 0.0 -0.6785205179207172 1.7771176378548612 0.0 0.0 0.0 1.0005096262921267  0.20947046216793974 -0.09420650326804039 0.0 -0.09420650326804039 0.34867724048409265 0.0 0.0 0.0 0.42594019288847695  0.3376277188827837 -0.27477216424773016 -0.0003852622304970149 -0.274772160964426 0.8010317530984867 -0.002973811832275904 -0.0003852948449926022 -0.0029737594082395315 0.6790791058474179
182  1.1535564881533078 -0.43231999616369876 0.0 -0.43231999616369876 0.8668842924206238 0.0 0.0 0.0 1.6118389917547857  0.0484081159917807 -0.043521702818517416 0.0 -0.043521702818517416 0.14100915663755678 0.0 0.0 0.0 0.10735811943499524  0.381091014355662 -0.14264812908206592 -0.028096522055004576 -0.142648054833091 0.37617830081438036 -0.004526210831563637 -0.028096577765589735 -0.004526170686464124 0.550074683725919
183  2.1441835531058047 -0.672124056384692 0.0 -0.672124056384692 0.46637798268320874 0.0 0.0 0.0 1.9749620415121714  1.4868512877058084 -0.2496233950413617 0.0 -0.2496233950413617 0.18726975271751056 0.0 0.0 0.0 0.5557599961204559  1.7685750967274654 -0.42992697186468215 -0.002653411404328921 -0.4299269756843236 0.3065324425856041 0.00160956750644853 -0.0026534601195799647 0.0016095983578325523 1.0968697169630397
184  1.4116472590998912 -0.5210234900332633 0.0 -0.5210234900332633 0.7083922655278841 0.0 0.0 0.0 1.6047435006110304  23.936686440490625 -14.218044707767303 0.0 -14.218044707767303 20.722375242487637 0.0 0.0 0.0 31.670529202068735  5.558708041078473 -1.892374646986284 -0.3507720673612188 -1.8923746804015216 3.180082546116278 -0.20478981451867953 -0.3507720635679369 -0.20478975144298178 6.427887258367529
185  0.5466720782180959 -0.5783403545116865 0.0 -0.5783403545116865 1.8292501846071019 0.0 0.0 0.0 1.0892175115875604  3.2627532265629684 -0.5880369712597743 0.0 -0.5880369712597743 0.5780710551340864 0.0 0.0 0.0 1.5232120216589318  1.375113903206964 -0.49521907570239465 -0.009194153677372844 -0.49521909955704735 1.0448497475889287 0.0036635465742397154 -0.009194181893523841 0.0036635897363623635 1.2862353569921368
186  0.33327237208674887 -0.3349663571213453 0.0 -0.3349663571213453 3.000548751577001 0.0 0.0 0.0 1.3355185032064874  15.737830109106156 -9.81997270165151 0.0 -9.81997270165151 55.24631350675404 0.0 0.0 0.0 38.97760236462624  3.06295137133768 -1.5149490620840609 -0.3862429965248939 -1.5149491869198617 9.32785754029418 -0.6087854427913176 -0.38624290889227164 -0.6087857702265091 7.805552099175771
187  2.466945061735074 -0.6526070041353459 0.0 -0.6526070041353459 0.4053596553531156 0.0 0.0 0.0 1.112142515797377  194.1775305414116 -42.861237824027874 0.0 -42.861237824027874 42.78172101361061 0.0 0.0 0.0 109.07244965120596  13.21765979345468 -2.337156109587434 -1.4071240468723711 -2.3371561448631875 3.1025733202401686 -0.5006162411841111 -1.4071240851548337 -0.5006159630963268 8.22109283365232
188  1.2890028970370366 -0.606153636656302 0.0 -0.606153636656302 0.7757934464683109 0.0 0.0 0.0 1.2618581999773117  4.245197408435991 -0.8466839361252992 0.0 -0.8466839361252992 1.0631140204148553 0.0 0.0 0.0 3.399583026084373  2.3708647434369237 -0.7040823674273577 -0.030510677778093086 -0.7040823837528857 0.9051266165723743 -0.000868622552759171 -0.03051072379590864 -0.0008685660408410268 2.0636198442228886
189  0.8337922446576865 -0.5894529897539901 0.0 -0.5894529897539901 1.1993395314087505 0.0 0.0 0.0 1.4162997550500576  0.11738284403700579 -0.17828261309124216 0.0 -0.17828261309124216 0.8370523659773176 0.0 0.0 0.0 0.5344925602266106  0.3996082330683978 -0.33727345914907314 -0.008227532094385861 -0.3372734180437761 0.9894481529948761 0.0034637603490493126 -0.008227598802901156 0.0034638313936485063 0.9093030005592375
190  0.9289261997350391 -0.6838903897078541 0.0 -0.6838903897078541 1.0765117834820823 0.0 0.0 0.0 1.4135638618409834  0.004701463346350241 -0.007512364910816588 0.0 -0.007512364910816588 0.03338587391958489 0.0 0.0 0.0 0.01441904736104791  0.12581667320992385 -0.05993070212871184 -0.026017958460966033 -0.059930565309850053 0.1962429121131438 -0.0015687498355683332 -0.02601802594225627 -0.0015686867365693605 0.2519572571425234
191  1.7093832164928184 -0.3434328800224694 0.0 -0.3434328800224694 0.5850063288042124 0.0 0.0 0.0 1.380347285795735  0.08080165344638529 -0.14619911110293532 0.0 -0.14619911110293532 0.5430120848159418 0.0 0.0 0.0 0.24470600241875023  0.5781267688453229 -0.20698396423859547 -0.02726210779123996 -0.20698384323616684 0.5596972640331342 0.0030216078489387647 -0.027262197646014775 0.0030216540101980736 0.6711360748013526
192  0.47419930974161056 -0.5699629972497935 0.0 -0.5699629972497935 2.108817915709106 0.0 0.0 0.0 1.1324510385535567  1.7436623312256172 -0.4476100812291231 0.0 -0.4476100812291231 0.486474578215792 0.0 0.0 0.0 1.551246780124663  0.9313049262397418 -0.44424334994136605 -0.0058180435941699105 -0.4442433655072987 1.047338954125878 0.004131356248301178 -0.0058180676581667526 0.004131399236114955 1.3225909055437433
193  0.4907657384747104 -0.5614906274302891 0.0 -0.5614906274302891 2.0376320545683955 0.0 0.0 0.0 1.0874542397440559  9.830368311363383 -1.1672790733883156 0.0 -1.1672790733883156 1.3278950217806111 0.0 0.0 0.0 3.783771327258838  2.2730350731371574 -0.6145844905840151 -0.07638838500963475 -0.6145845306267842 1.630382371990803 0.012886003689059495 -0.07638840930179444 0.01288605060351516 2.0797020904287735
194  0.532911731010383 -0.36197299852666404 0.0 -0.36197299852666404 1.876483368275705 0.0 0.0 0.0 1.8439293287009224  0.8940712992627209 -0.10925213662456017 0.0 -0.10925213662456017 0.09784367174769633 0.0 0.0 0.0 0.34645537805768817  0.677213068034159 -0.1635391770120944 0.010721861812836643 -0.16353918467680661 0.5592312583195845 -0.02028444646605626 0.01072184213741849 -0.020284437902230622 0.8961760828992434
195  1.1082768923973498 -0.6867930997601204 0.0 -0.6867930997601204 0.9023015880416557 0.0 0.0 0.0 1.049203905221585  1.3503944315174705 -0.5430728287237457 0.0 -0.5430728287237457 0.4979293396809912 0.0 0.0 0.0 1.2152410507578735  1.2139974148929846 -0.6060289094109308 -0.0007024659916208088 -0.606028913858378 0.6793259558235897 0.0004385347956735626 -0.000702510454215369 0.00043857692314434713 1.1271182264939523
196  2.9893920315113296 -0.5451752514502669 0.0 -0.5451752514502669 0.3345161790286956 0.0 0.0 0.0 1.0057270466161223  0.24814459048453688 -0.15485370405841867 0.0 -0.15485370405841867 0.2563527450534679 0.0 0.0 0.0 0.36562918157591434  1.084994384791899 -0.2743049183631397 -0.01971267401411018 -0.27430488014772897 0.2848443703805999 0.0025721273916955024 -0.019712734638794496 0.0025721534642351497 0.6360729920823803
197  0.9773819385552797 -0.4386873849696493 0.0 -0.4386873849696493 1.0231414767886475 0.0 0.0 0.0 1.289205956171809  0.7171434689539147 -0.7046892395588454 0.0 -0.7046892395588454 5.952409619891748 0.0 0.0 0.0 3.8083093867591695  0.8401096663951667 -0.4895363704143636 0.007449235929762058 -0.4895363601593998 2.254762869568286 -0.03969351079747325 0.007449180996229229 -0.03969346605918422 2.233517719074458
198  0.6557795558572405 -0.4151409446231489 0.0 -0.4151409446231489 1.5249026766209444 0.0 0.0 0.0 1.7239073151273778  0.008666374295177708 -0.01074298516930288 0.0 -0.01074298516930288 0.04033999157592955 0.0 0.0 0.0 0.0313716597170343  0.1565912403902029 -0.061148723689808865 -0.028678204697495033 -0.061148591312715744 0.30428474418577944 -0.015422302957166293 -0.02867827578633572 -0.015422264830595243 0.3632476079318659
199  1.7051868604991214 -0.6496448987024115 0.0 -0.6496448987024115 0.586445992028869 0.0 0.0 0.0 1.1975864179199425  0.803797472556361 -0.12811188092535783 0.0 -0.12811188092535783 0.16519845193661575 0.0 0.0 0.0 0.7249428765519628  1.1676808012948778 -0.3254914354847595 -0.0021246603177410444 -0.3254914376610401 0.32910192442587444 0.0005688431797805854 -0.0021247036585980484 0.0005688723577667801 0.9431353418552817
