-1.4090946471408485 -0.8321271248412153 0.6053664029763746 0.8915656601858073 1.3602692033047699 1.5038590542021688 -0.7465961466447673 -0.6785136166072214 -1.5586734168425418 1.1980590144083338 -0.5180323232635194 0.16720802185172143 -1.0255001159104389 1.1679481109607548 1.363734244476759 -0.6333261369802359 1.1321304673734234 1.08470602054258 1.1353307748870094 1.0898054785972024 0.4827205706843736 -0.8983091359740505 -1.4224522529316999 -0.7747634887258921 -1.264842866933317 -0.8913069140513197 0.5872827065819562 0.5702705826681065 -0.9924326455310719 -1.0244892482540997 -1.041350560819605 -0.9709885846809255 
-1.1459091869846734 0.34053437726124286 1.0923815697472348 -0.32704031181093646 1.0969998896549717 -0.3493704521386957 -1.2715380612749523 -1.3141913196087294 1.0588739241523455 1.0581970054542602 -1.4861313312751243 -1.4408291562587827 -1.2858177521840752 0.38755375091004296 -1.436909668030112 -1.4404437691155183 
0.8016416930429504 0.0025030113028480516 0.624795250532513 0.09135279860835262 0.016206085575641904 1.2079245385561648 -0.38291552950345975 -0.03228170428416909 
0.729899589325736 0.1096938216314493 -1.5588364322460513 0.1146385348636838 
-0.4863662568613253 -1.0582277363199086 
0.33241852640912667 
0.30066539321655167 0.29645115101567343 0.5527605966370104 0.48113741145586375 0.5043693684799313 0.5491923258320308 0.001 0.004592700736570784 0.47075892353017995 0.3178301647997519 0.17139678816409246 0.20323673660743583 0.001 0.0026656081333690665 0.14801062056544947 0.13376193424286958 0.001 0.0013742037179984912 0.001 0.0012626896616237727 2.453136025599857 0.20031073932091709 0.1699367101173202 0.36920106123861823 0.26558130987680834 1.8461674019534076 1.3662097379398166 0.13627402219175272 3.2468332344918895 0.12815779299401014 0.6601759692703744 1.0094243337071873 
1.0031915635046538 0.3315540202324468 0.28225613528993787 4.798667020532819 0.17582336048802083 2.1002632340723175 0.95400271338626 0.34524636782654183 0.9548564729772397 0.413735238965641 0.2793664046843618 0.41817996398011625 0.8549291001688244 0.47350224270995955 0.6929830749365821 0.8521702199122441 
0.21269545202608095 1.1644845280617515 1.1749932767951954 2.3761454029905456 1.3771651512857164 0.8895638881319547 0.6239776761043387 28.4713837127234 
0.9121048636994374 0.2846776945160358 1.5177953714263988 6.389240549399876 
2.4675541599477144 14.276281081548715 
0.6181451854288458 
