0.4058916757637199 0.28826359095557275 0.4889569620202258 0.21224945199348252 -0.22984740089187877 -0.24705738751280126 -0.0295640574684122 -0.1285419426497685 -0.1110697179200656 -0.19931347520271836 -0.5012838149882277 -0.20105673943115485 -1.2752945370466988 -1.3669426521586139 -1.248936056454115 -1.3901444981522193 0.3507423897491886 0.3883763850998171 0.2917284904070223 0.38096080887131356 0.9211845961435712 1.0275677044159146 0.37179002369771996 0.41452761667028376 -1.0173347031788744 0.16236077499675095 -1.1866487116417446 0.26590945297246865 -1.4618041659256236 -1.1899843578215776 -1.5108528283543166 -1.261813471064517 
-0.33318442294869927 -0.10349572911194685 0.39516503692731203 0.3476982670722829 -0.6790626641725278 0.029288135905385915 -0.04560024755711728 -0.04942762530414357 0.3700450144710366 0.38587577740886986 -0.10298597360004234 0.5589478132126271 0.9482936578526269 0.23453559979755778 0.057053662141492996 0.05069713955373527 
-0.029666199966063234 0.03944603005375778 -0.8849450281239472 0.003148765296852178 0.013350786336510408 -0.14314127649405145 0.2174562510105435 0.0001085363140621064 
-1.3892022623551192 -0.0317141456004676 1.265673097724201 0.03846619184254987 
-0.1605190227346508 0.1797358810838936 
1.2859684748482136 
0.4982393249942727 0.5069920966807524 0.4983524205480044 0.4944806908695149 0.5032127478975622 0.49640624107428694 0.4954593546682276 0.49472993754366906 0.4927690897078909 0.5004397182169618 0.5014333895253361 0.49630939903066523 0.5099873301403306 0.4959304648666029 0.5098841378549405 0.5077088634849389 0.49221993371195194 0.5085794343888469 0.4926215876121086 0.5096323290870937 0.5051523174840905 0.5016018757608964 0.5029014237496685 0.5066878218698277 0.4993693773350402 0.49897654676531494 0.5040892055030847 0.5008457927667502 0.4995179790880774 0.5060219698608678 0.5031751834633592 0.5071608583746354 
0.49175482232539813 0.49978720138244764 0.502089460141336 0.5031129438239176 0.5080182233057304 0.4929835604528555 0.49967489956571737 0.5029457182306153 0.5049399467760743 0.5080195814905917 0.4963231399790908 0.49189566164730314 0.493787017575279 0.5006551398733586 0.49389089809208164 0.49528618273691516 
0.5027155153664865 0.5023915141710843 0.5090764218549724 0.503577855653692 0.49862327941215595 0.4912226320270892 0.5084902677424992 0.5023265110267474 
0.4983101985768803 0.5051806378018819 0.5071639608572192 0.49074867144178164 
0.5005926240408778 0.506011065395879 
0.5095898077164893 
