-1.3849932978904815 -0.3135524639549458 1.2732446908987152 0.24429857096353896 1.5138214720944316 1.4729327339146272 -1.30751014014213 -0.9150496760670335 -0.5175484990385738 0.8347547411695102 0.37320537409449533 0.26264126834107937 0.11793096524044286 1.3986634689493782 -1.0855861355784127 -1.4144131833315186 -0.27369378326088367 -0.19777167233078097 0.02384553407603319 -0.0163539889016985 1.0856068090163713 -0.010087879605030057 -1.168074042537759 1.3052002315850622 0.10061800531930686 1.3469249429565586 -1.148518797424331 -1.2120373178233972 1.3548518291562213 -1.2958719809135035 0.9714244846616681 0.051387960718822026 
0.86574465265843 0.058687325734854245 0.06530824421991345 -0.47827995605587564 1.5308565642739926 1.5585510101108127 1.54924189296937 0.0035666241132974856 -0.8169670781847443 -0.0013783295440292324 -1.5665619635528323 -1.5526811599152766 1.3516223042447426 0.8339168786522345 0.007163232519239895 1.4997499523521793 
1.5522593926531347 -1.501068662860477 0.0452323115815372 0.0070279307052124465 -0.1265655988795519 -1.5697414253963595 -0.5861904184799 0.8381614175629746 
1.561103242565637 -0.7382450555765976 0.012990202043665121 0.5750580914772505 
-1.5347477762642339 0.035508764885279716 
0.12164337443148204 
0.7393617560019989 0.3839633681094092 1.4069882176282398 0.13425423133633663 1.8675081652669054 0.6798097803897705 1.6541592412191142 0.25656449510650425 0.32573444715184047 1.8337500433411338 0.3170615379216478 1.8219775878809872 0.49465961125126756 1.7398501675933926 1.001148581948035 0.4095217292230271 2.2152308434275763 0.5036923279668768 1.5771385993293499 0.11755202979535387 0.27332776532648034 1.9100486001545252 0.7096812198448692 2.1363499150270435 2.2694933700377597 0.002573372198618889 6.602933775990293 0.06730821695213864 1.7255175190450882 0.29689630027838915 0.20845647362019723 2.2865778844066527 
0.6214588112826928 0.914984689671342 0.6023694865843099 1.1593396620646397 0.4134093082888221 1.1074638949871405 0.391764462838243 1.7693843192766885 0.006334546037121565 5.630549945810364 1.8530651186124347 0.17717621769151318 1.40087611987426 0.5469393650511285 0.18866594651476878 1.8582232085534915 
0.00020593458331958205 8.716806983322092 1.3091961210285994 0.4125566846643076 1.3181597825617808 0.5882400283756127 0.3267932210767463 1.713113708371895 
0.7872800580744417 1.2158770280346385 0.6123890848596547 0.8440274904861276 
1.9218341179793033 0.4393684422252826 
1.294831226464502 
