-0.7988364165945647 -0.480340157637485 0.7088661649950453 0.6695512516766952 -0.5967538385062742 -0.6286547919323978 -0.6818586348071765 -1.460015025292547 -1.2322354434574443 -0.7168027160887831 1.1260096633201198 -1.3221498123784503 0.10986814479955986 -0.01708122472284351 0.5763245888832345 0.6508057986555728 
1.3559986630408265 0.10084210413786683 -0.6030952248659844 0.274298732243144 -1.546176763160064 -1.5515029314150135 0.13107005155094786 -0.43797158354647897 
0.4027996733872842 -0.7739319537113234 1.5694625572438636 -1.2454179070899518 
0.05913509038647733 -0.7091805839676472 
-1.299129461638505 
0.3260884304600281 0.7793054055973982 0.2642465610072649 0.9359111943858699 0.11601802354739249 2.200162637280186 0.19016667800894685 1.2850872560815336 0.39475225037805894 0.6312086195578401 0.4178214930500029 0.5797124902822516 0.40916105060983043 0.5992064977307885 0.9229062680613768 0.2662584014394923 
0.649034401400116 0.3844167508673184 0.7403925782951893 0.3330333906753524 0.4444102383192232 0.5606662371821743 0.34669171096838364 0.7173262259401746 
0.5685048297981314 0.4346315741727029 0.17145290396287213 1.3999652113127286 
0.2846043480595652 0.8876833517162215 
0.5089838063595554 
0.00147468298447434 0.0042290743808534575 -0.008514955920758172 -0.0023021769354611664 -0.010512630960231315 -0.0018154679737881038 -0.010860263177450742 -0.004382087511937768 -0.015947724606919664 -0.015096967233795186 -0.020202754879039424 -0.014285989722390272 -0.022187727054330753 -0.007675678901504356 0.033781441341381696 -0.0012853156684623022 
0.005835752083288602 -0.007916573136971344 -0.007346846809376403 -0.014552683023275665 -0.030744345341603474 -0.033870021511261256 -0.030792734293880825 0.04040724767723486 
6.884560138408428e-05 -0.012941539019157866 -0.06516562802970016 0.01757521395223271 
-0.012945487233018048 -0.02668790474070576 
-0.05858003992781459 
