-0.5176595002325636 1.5131587769897856 -0.8338644915621586 1.0689512262493748 0.005390816541402245 -0.4761800043851116 -1.2895549484663096 0.45439828346156347 0.5303934597846218 1.4275665665644344 -0.5662295957342923 -1.4901047540158026 -1.3964908952327517 -1.535183943314333 -0.7594468825361361 1.0432156794726122 -1.4905536972067837 0.08299752832451622 0.34184384670331963 1.3496293170193756 0.4593115950964141 0.6101137466740392 0.15557455697573594 -0.783769418822539 -0.7384344886545441 -0.30197060243157653 -0.5377049008552245 1.0277113940782767 0.100040661941442 1.5587512647966866 0.2009434915448722 0.19586211388895625 
-0.23379390729052102 1.389247618201412 1.1152232454881208 0.8329978500195169 0.5472782755200941 -1.238850180348397 1.0400205126212236 -1.5070951536265693 -1.1757802616372197 0.5340202868380034 0.2088876479976311 -1.2174572454090975 -0.9157295067097608 1.192714272074792 0.11247146203139337 -1.4900421736759968 
0.1228354659027046 0.9256281844462402 -0.468688941497708 -0.06710146589911921 0.9348275580629759 0.006847697714299413 -1.0437301064476672 -0.8276929093582852 
1.2538134804740553 -1.0507748281793985 1.2908721732183026 -1.5544843250840639 
0.8716689626367565 1.3631385772255316 
-0.8206880872413671 
0.5485004832896797 1.1127156880787723 0.6791126319128464 1.4778681190728442 0.6480618371065531 0.9870742510534157 0.7793979403847099 0.9769658210820605 0.9631702198072913 1.0881853762200837 1.1972658390765862 0.6261937424816125 1.4687381179394388 1.127035986123414 0.5317047315372454 0.6417924288012322 1.2062278031872404 0.8258098796057769 1.1834268233903886 1.089732849354333 1.2994826553191534 0.5013680883058378 0.9055258357052657 0.8156403021368669 0.9277658015194457 1.1504763696075444 0.753006381026738 0.682920276944031 0.7741884658498532 0.7731500699065176 0.7234944182204847 0.7424279764606031 
0.9820354034300341 0.6548943062545391 1.4783244917338847 1.378039782184811 0.9240361737923302 0.9214453274798949 0.9906436512312 1.4576050401358587 0.6479906837675434 1.2108174732190629 1.0751847936113708 1.1995220374038484 1.3644545756418058 1.4999530675160635 1.4527779219169785 1.4088314701224087 
1.2093551352437073 0.7879213286961901 0.5999851056020064 0.6459707969396001 1.2017700166327767 0.8021912847112199 0.9252547408361644 1.3762846959529056 
1.332547778130868 1.420711037406627 1.2614623070671316 1.2036789097370955 
1.4721626667690426 1.4472383366892765 
1.1638001833736347 
