0.5748854810375084 0.06949478912308678 0.47492248453299607 0.4002696739725198 0.4783307809529521 0.39764241972900477 0.47302867832323736 0.38731200762644447 -0.7713617454041914 -0.6390305857070948 -0.7145027302823597 -0.5895345958774341 -0.9928307078319786 -0.9636121554460405 -0.9945258630577324 -0.9668062671032489 0.46528922221671587 0.4761803406140538 0.2004480456860826 0.3061867444954218 0.22292286107645068 0.2863363878573113 0.25690420235166117 0.3197983172765632 1.3630826743669657 1.494732795426167 1.4488189161619334 -1.4487678624766007 -0.5626078709960227 0.05359255312674272 -0.3468049103926513 0.06528576889759198 
-0.011380681415643537 -0.25035935947782945 -0.24673438146984028 -0.24104408673922378 0.5614060898230038 0.5416454422650646 0.6455612802848292 0.6468441731774393 0.11534444378129353 0.5443662700495816 0.5243402635360758 0.21649508617835334 -0.09253599249626987 0.06001633066792551 0.043468658137151665 0.0565872544302488 
0.0071956097779343085 -0.003170941887357662 -0.005345222169553492 -0.003158525702074496 0.21807032654529082 0.3494734753980978 0.0014319667912012068 -0.002957990431929342 
0.005525129177419402 0.0006427777553165497 0.0699906547458326 0.00013563674800262985 
1.4277032597153507 -0.010967769571379446 
-1.2939541267023187 
0.7658109482231082 0.317020072849637 0.5900870179681452 0.42863099170756164 0.5648735456894955 0.42792842953440596 0.5894040513363209 0.4174143400257979 0.5411906014995306 0.4695437137022289 0.5636594848498876 0.4581159865069629 0.42202347370063453 0.5740570387559621 0.4258531310379477 0.5727890214376106 0.6236612060257647 0.4032880229125034 0.5868221558739548 0.4258281370566656 0.6135950732514504 0.40877995020366115 0.6193435528579248 0.41764799146950077 0.854966539147513 0.2871708705168569 0.8499533379901685 0.30291506777829785 0.654194512168311 0.3740629668053219 0.6713074412776447 0.38240107570745296 
0.5201148837304702 0.4784791499685696 0.5081801288454588 0.4892055505242819 0.5142398554401746 0.47542366424476873 0.49137099274635493 0.49555214538463155 0.47359930676644163 0.5185570371764002 0.5136216602268602 0.4985369018522653 0.5661345459693587 0.43132392428599836 0.5037939723025948 0.48482401649438744 
0.5158553944482857 0.47763369986210075 0.2865549573066992 0.8539042202895499 0.5585849880014386 0.45049832502257076 1.3746474213299757 0.18202298427438907 
0.32871650637439137 0.7389829414366744 0.22906850448028973 1.098512859283425 
0.991435215381444 0.24921869698351662 
0.5045286470468384 
