-0.8946458523504361 -0.6268794060124085 -0.3003758536928494 -1.4427750470132625 -1.4581977673139832 -1.4606740899680402 0.9776418603850068 0.27233617054037734 -0.870691964359306 -0.7707614390907787 -0.9081507872364171 1.071619203791253 -0.5301189013386053 0.7495139748047797 0.2196451672740677 1.3285537681484858 0.7272460152404464 -0.27418133398662103 1.4430882329777657 0.6140407829543513 1.1874625157284873 -0.23803323763308656 0.5071381101376786 0.08467470555381774 -1.3177790585848643 -1.3772638263484456 -0.690062190768833 -0.07170528246213284 0.3818175498206064 0.3151309199345738 1.4310074150407381 -0.6030847667590765 
-0.3035658328029985 -0.9191448018199179 -0.9030468532864174 0.5216590426851737 -0.6252951556768691 -0.07816475618907422 -1.2131871337578974 1.532219216689229 -0.8020010094341312 0.9290500582363134 1.2106071215016114 -0.2867717937500092 -0.3930334624145769 -1.0914464742528656 -0.25252193223352837 -1.5669317722436027 
-0.056055297212799525 0.5910506018503371 0.2575016744058303 0.5838865712278656 0.8796237802588489 0.5673318189174732 1.4340121684234877 -0.5749589208474924 
1.4574512490846998 0.7835841001227232 1.2414435055238378 -0.15066480018456277 
-1.4429945779149347 -0.8977522239115701 
-0.7678187399526248 
0.07204994227619863 1.9651351552573157 0.2550987098721914 1.4804199707939958 0.13024919122206552 1.5099154536471286 0.28814006779843815 0.9020319312967128 0.6561009168558889 0.6348143331684041 0.09587034771852439 2.083152376801242 0.36218121160943234 0.19435741295280065 0.3109061712664479 0.757683447569826 0.0029572328400415595 38.65236568089362 1.0406473547731052 0.09817309185931748 0.47621449630656026 0.5152846550296126 2.475640719349411 0.03928859266536549 0.04114307425004201 2.8281376095719395 1.069773980218162 0.13535024032088308 0.31884397402237213 0.6948448707368504 0.39336940254445346 0.3753016015854393 
0.6921348216651266 0.4513538004618963 1.6323106692286928 0.07038757899516943 0.01699005583349663 5.514548567186007 0.31614234584719514 0.5215132346975713 0.18664623893584806 2.006415112562361 0.00836445027176573 7.66366221265412 0.18185871136704523 0.643451085433529 2.2248457024332446 0.07273548525478178 
0.35810166597865223 0.9603822789884296 5.370770785816141 0.0721834800641192 0.790193736960053 0.2096206712877316 0.45849184871212856 0.696278614723761 
0.13642319555565907 1.7078613571975125 1.7336116344522348 0.24854580349357952 
0.09578329850034135 0.6571848517912972 
0.7329082040796147 
