-1.375882451615844 -0.3019042974875807 0.6840029708949246 0.25149831012540746 1.235321442884504 -0.4633406915649242 -1.020741662138389 -0.867789372711331 -0.9919220580421458 1.1305487020400744 -0.9260669449219815 0.4844599048784716 0.10477315164462762 1.3771227058332531 -0.54538938088304 1.115424833688332 -0.2869732623515654 0.03749393025836159 -0.6204273456358039 -0.22220328556012942 0.9177516806973741 0.532121853193312 -1.2124388335151348 0.7079416204137688 0.5079830787509736 1.3665518871793683 1.0156662927906601 -0.5894360635079876 0.38803871348286945 -0.865634676311352 0.9081773648595735 -0.20296020680155538 
0.9815328704270562 0.6744734958777345 -0.6405938170069944 -1.0089254172551856 -1.5438058272542612 1.0490322258875655 -1.3853071804768047 -0.1679724335449454 -0.9386716872600434 -1.0098306534279302 -1.5670317266869631 -1.313087262463838 0.9468621430282274 0.9166884154762089 0.2965930339390637 0.9688049727429346 
-1.3843085393127978 -0.6970936900013185 -0.04746292738638118 0.5854096152644834 -0.11929338360697146 0.5598700087122764 -1.3110131085006465 0.001172651323269722 
1.119169631533767 -0.8734047405284289 0.3173034926696003 -1.039372583303476 
-0.874189026140246 0.5695965722871225 
0.585139994663442 
0.5320559939774935 0.5984735929699261 1.1353624603125985 0.48608965282833266 1.4229403566789416 1.1319993491527482 1.2396723010372792 0.690385719401248 0.8790878510236961 1.4038189598503523 0.7948466849092657 1.3571133127053316 0.8266191546278352 1.41993710549631 0.9069039302234703 0.511989706845849 1.3326800224684185 1.1181335529954364 1.0270842363464112 0.809002238818546 1.0087845510156552 1.1924748220177948 1.2840755380124573 1.2698404766003144 1.2524208867275817 1.0508304487914137 1.0771721369538605 1.347194986905616 1.1480520110317207 0.5989118693461902 1.171344169852061 1.3278844651347292 
0.8729230794890052 0.6727176325656504 0.9910577493646606 0.7485076954174226 0.8689588295523948 0.8414223730085628 0.9893896836027208 1.0134189398166629 0.6810712471854977 0.9295894751365981 1.009730779209019 0.6193446350140531 1.30344864415433 1.051855326846052 0.7100180912823739 1.3775482341296734 
0.6524826350050011 1.3174546299992367 1.2197543073694048 0.5189017284273542 1.1445761216625463 0.7553389301985605 0.8938746755747494 1.1612404857144585 
0.8811836356857865 1.133912685630767 0.8247460411499348 0.646719479421494 
1.3574064197056592 1.0220145144488286 
1.294831226464502 
