0.48970308001022306 0.36348936432829076 0.6499568735019435 0.2211963105866004 -0.2865316589517816 -0.2679841713649347 -0.08123365474891016 -0.15755664389720384 -0.06198952269153818 -0.07724793234042458 -0.5561561078315832 -0.09774724731924721 -1.2869688809149047 -1.5366792143784367 -1.263011260631036 -1.555543052942764 0.4153504369670873 0.4095631290252884 0.3498824908226395 0.4028328573923768 0.8455315954881967 1.0536503223347218 0.3606001985992613 0.40147746547399976 -0.9197891332905932 0.17696560640378933 -1.1586739379006268 0.1836733000282461 -1.484530800205415 -1.33852273409047 -1.5144815060325472 -1.396960035517147 
-0.35319593921311115 -0.12106634891950861 0.40666035736114187 0.3726468459645469 -0.6756700205369073 0.024737639509753138 -0.04227823784151674 -0.04714339182685889 0.3598627364638052 0.39107703042364506 -0.10356880074404624 0.5810719652275623 1.3765677215000445 0.1323810661657505 0.0529725617583761 0.048430258007851466 
-0.034949193780449514 0.0035514390748782516 -0.8212389945281462 0.003120700024079431 -0.0020319572840431814 -0.16100052919546023 0.6715055732641162 -0.00019073629720941674 
-1.4746442524360153 -0.03084728265837531 1.2165820990866887 0.038908048772366186 
-0.1456787371659809 0.20097486627819114 
1.3163600041613295 
0.4982393249942727 0.5069920966807524 0.4983524205480044 0.4944806908695149 0.5032127478975622 0.49640624107428694 0.4954593546682276 0.49472993754366906 0.4927690897078909 0.5004397182169618 0.5014333895253361 0.49630939903066523 0.5099873301403306 0.4959304648666029 0.5098841378549405 0.5077088634849389 0.49221993371195194 0.5085794343888469 0.4926215876121086 0.5096323290870937 0.5051523174840905 0.5016018757608964 0.5029014237496685 0.5066878218698277 0.4993693773350402 0.49897654676531494 0.5040892055030847 0.5008457927667502 0.4995179790880774 0.5060219698608678 0.5031751834633592 0.5071608583746354 
0.49175482232539813 0.49978720138244764 0.502089460141336 0.5031129438239176 0.5080182233057304 0.4929835604528555 0.49967489956571737 0.5029457182306153 0.5049399467760743 0.5080195814905917 0.4963231399790908 0.49189566164730314 0.493787017575279 0.5006551398733586 0.49389089809208164 0.49528618273691516 
0.5027155153664865 0.5023915141710843 0.5090764218549724 0.503577855653692 0.49862327941215595 0.4912226320270892 0.5084902677424992 0.5023265110267474 
0.4983101985768803 0.5051806378018819 0.5071639608572192 0.49074867144178164 
0.5005926240408778 0.506011065395879 
0.5095898077164893 
