0.579584435333991 0.5035684203929602 1.2332696827556782 1.0426614766597315 0.9448055384396657 0.6655773562702807 -1.485784718365483 1.463843910701178 0.2521745188455282 0.16937946998409778 0.21732784299465926 0.15941545308542104 0.5591328075255453 0.18221610988549297 0.7787751149647129 0.1918402962764348 -0.1639551317781965 0.0011153154929520726 -0.19618493736977818 -0.0010967032804265007 -0.18421884741204012 -0.004295688009390998 -0.22014192763062218 -0.005880980534079513 -0.14286180791344638 -0.11976658281267435 -0.15020449216109033 -0.12318519604418023 -0.14169975948446822 -0.11381754562607552 -0.14586164325205972 -0.11170031046969123 
0.6770150033062203 0.004816351149913382 0.542208476742397 -0.07676165751473424 -0.012219355263105657 -0.013833095889663841 0.007216543711605249 0.019483849786585492 -0.034290622438671085 -0.03662106638773264 -0.035526689778386356 -0.03838712199591769 -0.21024067553461778 -0.2662718383715842 -0.19861238114129773 -0.20348307064448515 
0.5837459667895915 0.00029893903815807183 0.007166849230131238 0.003614043339639239 0.0013767478201017343 0.0017241826353064647 -0.2468797819746818 -0.1793699119751477 
0.8297218639698716 -0.004619729962181495 0.00023802561941870518 -0.283186348299622 
0.446452068047722 -0.0009403118084028294 
0.1318906564658491 
0.2447816242092557 0.8804359102250933 0.5773143911333573 0.3842909948711616 0.5511583957363513 0.39910852214659415 0.6970712586684961 0.2721944000268786 0.6991084978467673 0.3187231070069097 0.6968358478314368 0.3188763420275276 0.7789959602348774 0.2748294855543869 0.9168425372174935 0.24912910290600582 0.7550625485786604 0.29783776457126226 0.7885116736953767 0.2876550212569582 0.7755203321002702 0.2923876765752861 0.8088840234954681 0.281009124860212 1.0902391959101012 0.21374696052027364 1.1114238381438875 0.2152888160605159 1.0915690466766819 0.21369117569955443 1.1149382718537533 0.20739358086727278 
0.7490457960146919 0.3370398137565016 0.32190557634670564 0.7930671613761847 0.5066713700595676 0.4914188248231299 0.4515308165326313 0.5519732945561252 0.4888278366197095 0.5124165726234464 0.49377932691943016 0.5135501386103682 0.4792834091922415 0.519552012842155 0.49806716498448367 0.5081256789158605 
0.7612431364619794 0.3314789424420424 0.43643398156062185 0.5834482567740372 0.49449603467461883 0.5021272444995233 0.5176457079890833 0.4878057694928672 
1.5967879143399135 0.15278494627695116 1.2342611159478105 0.20140959932936406 
1.8292385387615118 0.134004951772515 
0.5094800455701163 
