0.5380066256914241 -0.25408321137740136 1.10637445124093 -0.3445727016477121 1.2270884310299286 0.6597531615972759 0.5703424837896418 0.682939274965522 1.463321689178181 -1.3593846197468848 -1.2298386344125274 0.1967889132077107 0.9819975767782304 -1.169938315357165 -1.024309481445668 1.1813612644088987 -0.607518231326483 -1.0528696855310535 -0.5795286637769168 0.7621338976052244 0.9941430128172776 0.3674405074111425 0.4989103908920099 0.3673424182439056 -0.22505947880815344 1.1877922766472178 -0.5397500097441428 -1.564733502010651 -0.9487770356419055 -0.7358840985048758 0.05227546940943503 0.9324576851635216 
-1.5209730645014592 -1.5421878361889756 0.6824510719282396 0.7331385786601191 -1.0540830822436253 0.42856660244716804 -0.7180521745867389 0.8935930092659141 -1.5309376041635514 -1.5074366779450326 -0.8068605943799041 0.5682039551744182 0.659941895639745 -1.528921957936348 -0.5266132638177752 0.3299810224033925 
0.3662833324474989 -0.13922044516230808 0.6379969079245933 0.08809306361489294 1.515248652671541 -1.5690832238654515 -0.9703487160558268 1.3666615481319888 
-1.112321542235394 -0.16485635075145286 -1.5606521540560818 -1.4426280119849997 
-1.3076440334699002 0.1706931195141377 
-1.2033505465974996 
0.5796273189685783 0.7365317305053233 0.5957504189175897 0.3836572297459814 0.46641388552192314 0.910401330415054 0.29807198202368324 0.6471723021473685 0.12119130256068746 1.4833489097137804 0.18633050048663435 0.41502586017500476 0.1981644510280926 1.195970214218585 0.13992728214286826 1.024221829047169 1.3557104363225259 0.29964260490453964 0.7651502457506093 0.2338126874804057 0.9097903965281776 0.16391329354528825 1.6494891303288448 0.1012901902195217 0.6927109545834842 0.3432459467832023 0.7470991377892837 0.33726613166075303 0.11794456100502958 0.4809118287670598 0.2658849968347589 0.4335916003787506 
0.7323583635604045 0.7302357065957719 0.3727542834198268 0.670060564975351 0.6639115957358185 0.3226423854854286 0.05198779066126986 6.029948296686003 0.7593734697269003 0.6657268334168993 0.026693183596399217 12.651878264589214 0.954317436345905 0.43698418773373077 0.6094990791262721 0.22719611162690975 
0.6017850991738886 0.6882661460063824 0.16462764134363717 1.0983791326362462 0.2563253964960826 0.8634080896096591 0.6954502406939331 0.42187367035488665 
0.05491607981971685 1.1120986729167646 2.3526359449920777 0.05210659055193134 
0.35150679353631276 0.8657270108975758 
0.2637900968753727 
