0.5559512277782618 -0.32202007060884275 1.072719922540614 -0.4063771868196814 1.2387703230368037 0.6753758501385876 0.6130705301738304 0.7045046330507042 1.4834626978755958 -1.4858119850346396 -1.2146235800928051 0.08713089012550525 0.9833390159770674 -1.197901375292245 -0.430358853362978 1.0610020822941784 -0.6223842722374506 -1.133002056343619 -0.6178348883052861 0.8953866892543092 1.007718777815245 0.36723494681295227 0.4609538391682212 0.5957614373698159 -0.30160701013047464 1.1860426687726793 -0.5471109119550832 -1.5593587473821817 -0.9548500950730116 -0.7492159232615265 0.07140987179870409 0.9313793683546273 
-1.4694405651387272 -1.48012420502062 0.7878274288744904 0.8538829598407756 -1.0533952364021686 0.38884706185888346 -0.6866103600059434 0.9296315855781666 -1.3297045924608482 -1.2888947260124435 -0.8113123602964176 0.6265108141519338 0.6811185038977496 1.5705638352551172 -0.5478482807833912 0.33170476630396506 
0.36129934516155543 -0.07430359016672881 0.6092477773796524 0.0028848516829513694 1.433821195977674 -1.546187430208816 -0.9716794365340169 1.3493885748171333 
-1.1486420500100605 0.005167972007453853 1.5230878295782992 -1.4525739425196917 
-1.2912133249479332 0.03718729351547907 
-1.1549893752337017 
0.5600190639160165 0.7623152968948668 0.5719747059193299 0.3996004462287021 0.43993708919948116 0.9651815664905395 0.24377215973546895 0.7912434554023599 0.12771291607734947 1.4075205627406226 0.19345141134681462 0.39970780702697023 0.19334558816483452 1.22577492293099 0.26509261410412416 0.44779122975375896 1.4079685098849208 0.2883826815706089 0.6683488061558646 0.26745966866346743 0.9268606670218619 0.16089428967123676 1.27307480601828 0.12724431505343656 0.675951714820006 0.3517543994490179 0.7493137220266697 0.33626929867162425 0.11122336020627 0.5099687140897728 0.26730785736876944 0.43128349650968745 
0.7376501681903216 0.7249969320889217 0.375454313857235 0.6652415868574915 0.5964245155025616 0.3591303938558638 0.031725849251345535 9.873596024715212 0.5978434105594922 0.8454198243265266 0.017564946661574078 19.216436692179 0.9881292472821098 0.42202988654943313 0.604801233968242 0.22896065020284642 
0.5687509487031072 0.7282334473817162 0.10335703188139374 1.748071458060058 0.27040090978360737 0.8182616685992709 0.6982337196048215 0.42019176123349666 
0.05322651298982797 1.1472585361429923 2.825136136366507 0.043385893060382645 
0.3686761302117381 0.823771999616237 
0.2637900968753727 
