-1.3849957675134437 -0.3135665065598173 1.2731215144490138 0.24429575791360797 1.5085966109804059 1.561594798226386 -1.3003338784261933 -0.9542642236742983 -0.48110129981322425 0.8981823914515578 0.27949896216556647 0.2524062652376626 0.10480039761148455 1.4116918585129166 -1.1234233191587017 -1.4364513053617605 -0.2739459770266937 -0.19753061221653373 0.02453245566160187 -0.020882579678609327 1.0923008149197728 0.0037055491672806826 -1.1806632795272696 1.1542627064612696 0.17251925212752312 1.3448766902530167 -1.1813480457366734 -1.207871782743218 1.3004937042799365 -1.2828490951824396 0.8958234895268724 0.08047944903506771 
0.8658013920798766 0.059066064415699414 0.06444209985642761 -0.47558651369236477 1.518113677116931 1.549972506104362 1.5493768770426195 0.0038961750372224074 -0.8194216896029838 -0.000983680662480725 -1.5669566854092005 -1.551582760714222 1.258338074167267 0.7030147042238493 0.007007014650399146 1.4981342796306103 
1.5525165556625018 -1.5136950777618388 0.05511225875681922 0.006059654806512787 -0.13678429749701268 -1.5690794584438799 -0.5801326980716359 0.8315375981056298 
1.5573846782151908 -0.7287195108416555 0.014705216527635099 0.5146915510435649 
-1.536092589250277 0.054303066717558406 
0.1445662219165867 
0.7391222916518679 0.3840877667538766 1.4092443958368308 0.13403929565553369 1.8634566079010921 0.6875321933343818 1.646211350762805 0.27290324701108504 0.35707581541784367 1.7854865060238523 0.3125553368298537 1.8331470834871062 0.5129514582396003 1.679083669612122 1.0055311751624505 0.41142377437958383 2.2034948811684565 0.5063750904449342 1.6014029131922494 0.11069421327570997 0.2929015926226522 1.9008918446966896 0.7601589664290224 1.995670589293496 2.486642502025766 9.588151160640338e-07 5.605714207975443 0.12378473862888072 1.5469126856664106 0.3511704998157109 0.22711692989666632 2.2682985134188463 
0.6213233254220952 0.9151842123595003 0.613713405219664 1.1526849599449682 0.25388150654140657 1.8047707356294491 0.40269998473718294 1.7047528537325534 0.013405812835552396 4.2938211648940285 1.8666806235901396 0.12876619243107174 1.9712405846467302 0.3887743777160684 0.20662903278492561 1.8534625431603857 
0.00067860181095054 7.288333747721269 1.3007794123132503 0.4264572532663942 1.3118614102989912 0.5990735357141981 0.31336654254555685 1.7335281593849157 
0.8023899071719767 1.204536468579485 0.5759327311050888 0.8859082408509323 
1.9115137752752887 0.45476074977203473 
1.294831226464502 
