-0.7608768224277456 0.7560789673982496 -1.5475370449136174 0.05379050045886981 -1.2472596593885266 1.110796343292436 -0.7253767902836058 0.9914266195816194 -0.7144740617519433 0.47980815574873115 -0.513211528145605 0.33791280629943765 0.29495136460423577 -0.49606715427629744 -0.5955195951033425 -0.6075506427326816 -0.9981863809063437 -0.7384889364304142 -1.003856498862403 -0.7403720729802642 1.1077970479208041 -0.7393973246675949 -0.4687687589733641 -0.6758832967333468 1.0798426729606572 -0.002779680600042551 -0.3579875309147276 0.5371941922675582 -0.8612504464957518 -0.8239964543571525 1.3658590101280594 -0.35139819486962326 
-0.6086419148973711 0.8302397737883788 -0.6478578068457178 -0.6179936528175425 -1.0714510851092898 1.1767392908063743 -0.5682300251385409 -0.5349126722701162 0.9762407308159883 0.977863690000057 -0.6032551841329554 -0.6246038024094305 -0.9450011486813722 -1.1719198120730299 0.9713184749639674 0.8683880329665309 
-1.5109737814644948 0.0006910132367504793 -1.429912816820584 0.03147742699318433 -0.0019390953416277173 -1.565782728241681 0.14069673976305516 -0.05784861601022897 
0.06255679257395627 1.3127425266750126 -0.014630099378274324 -1.2995380001000416 
1.0104654782068456 1.564697334049693 
1.537545444026234 
0.3121045617049717 1.828875198734201 0.12570669826353767 2.2886059689575977 0.22348328385026928 3.184915274748905 0.31735303617993255 3.0272855275513764 0.5394950846414894 1.4035912699374036 5.571161591554123 0.1520921127561047 0.35141858383570934 1.9585041458490828 0.2818613278191092 2.3435525853801455 0.2229419448861177 4.495071912447077 0.19003796753030436 3.8608187577768316 0.29639324803733014 6.589333688850006 0.19478447917525318 2.912805057320866 0.4486361893427074 3.2720901611339492 0.1924160798481562 1.8690127075221201 0.2278916609690971 4.522724923062949 0.17321989323076553 6.669922197793762 
0.6305166801546642 1.9098703812667834 5.245088850297678 0.1018225674054966 0.05859362890584742 18.915687156930517 0.132976087502777 4.651558848076609 1.1517045858229817 0.7689829826005025 1.419589764831375 0.9465438539951065 1.3631959607033446 0.7926099258165281 0.6937671869466372 1.6076599961455473 
0.10023814081786141 4.918773715076615 3.0202337471790663 0.2621673594957166 2.526002638698715 0.4574155389246956 0.25961049065396596 2.3655654350906987 
0.3744254570768691 2.835949535818158 3.7040109865286373 0.44065516635739893 
2.333176510571869 0.4706094873398781 
1.1237911175512458 
