0.5797473353086012 -0.3046256840463463 0.9151489546332942 -0.40972714620764367 1.185365396869011 0.7221935792688655 0.7570210677036074 0.7706081449184344 1.4913324045796235 -1.53424130236401 -1.2202500380664552 -0.023286807990928738 0.9806173975876233 -1.2044713194074632 -0.4497587894381722 1.1736506422441448 -0.7113232755937752 -1.3969402003615832 -0.7132684365224371 1.0368724484389003 1.0239486583176807 0.36733951410879956 0.4454582606461475 0.5083540687037116 -0.39338060298299604 1.1878790850108947 -0.5595511272037522 -1.555859021005479 -0.9665471905070078 -0.7677254086543138 0.09651602057826292 0.9303530125684285 
-1.1533038118967511 -1.1670496180210062 0.8808616977580159 0.9118374940684163 -0.9977571736167979 0.32474668131516454 -0.653255482066175 0.946723080867766 -1.2157288047395582 -1.2284497318611476 -0.8096197581795238 0.6188259514768537 0.774976838499068 1.4792353420608684 -0.5988496559931968 0.3380349263962634 
0.5232572779949836 -0.07943455890983694 0.6630699226751029 0.009285599470711996 1.3945905839925972 -1.537144593181951 -0.9519133744256489 1.3174691743686682 
-1.2454617926755105 -0.005543809885331412 1.5212930410702263 -1.464148847484314 
-1.3088598611123292 -0.0007923269574144403 
-1.1127462828809795 
0.6349579256360266 0.6722696778211189 0.5950709472404208 0.3840443270142198 0.4786848270650643 0.8868370940807497 0.2534704700609014 0.7604225428856752 0.17641837283794762 1.0187022356794284 0.22020884775597155 0.3510829961813711 0.19464703585893786 1.2175787046056166 0.20285232482499554 0.3574061072662419 0.9270073134631308 0.43761505010872226 0.4034915383189892 0.43940339016912927 0.939843614222495 0.15867164586602733 1.0065048085026016 0.1521899724198021 0.7113195776826722 0.33426180140643624 0.7502893196461631 0.335832006675178 0.10368524827407789 0.5470398471811688 0.2718022672931319 0.4241515706692132 
0.7438232703452816 0.7189791143318958 0.392956985728483 0.6356046432752217 0.5013869055398658 0.42717474343322526 0.015470308068740298 20.232207977776632 0.5054039131205393 0.999816808975831 0.008892183951995463 37.92528818132812 1.0104208719209453 0.4127186534316743 0.5952442204180242 0.23263654691566865 
0.48185634060620136 0.8595014774757521 0.07998002175211402 2.257798714422737 0.253991187967706 0.869959048205903 0.7048997348617858 0.4162179224614232 
0.10665658200550639 0.5685610107476226 3.8522187131810384 0.031810397893237266 
0.3703527784725388 0.8179474629366946 
0.2637900968753727 
