-0.7859034635478988 0.7314944548348679 -1.5655038451665906 -0.009628674568839134 -1.4252738834092618 1.1217129119864218 -0.6716065560510198 0.7275555736920359 -0.630200618492267 0.43134499392274234 -0.5469262540488886 0.46155353011115313 0.40042113262978035 -0.35028812881899435 -0.6213871568864379 -0.6046158260199406 -1.157489096871899 -0.8470372004585929 -1.1237049161299741 -0.815148708105468 1.1571093601608657 -0.6260636838344426 -0.21052974735652952 -0.5655309931307194 1.1558499209969442 0.21051146040997865 -0.35197011025050007 0.49017407950167385 -0.6794067794801911 -1.3189189281712947 1.148234454420832 0.3123023060227686 
-0.5831011483201612 0.8002721511058457 -0.6673926544022492 -0.7340988512151536 -1.0709544220257188 1.1869537146435492 -0.6460763049961361 -0.5245835294052522 1.0264397569585588 1.0192363128941062 -0.8687063769048093 -0.8878067323991654 -1.0512829886760984 -1.1009530525258169 0.6458641147877933 0.5752015332714294 
-1.4680101053417605 0.05301016043849015 -1.4407997704470275 0.04253808318067444 0.010506539741233948 -1.2709196973765635 0.05203753844481534 -0.051827060271823384 
0.021632728510979846 1.2735260529252141 -0.0016016715074401483 -0.9589985562675825 
1.0566803256993735 1.4269755959428663 
-1.5591868992312694 
0.34490363684638076 1.6549573079343878 0.13846837043967972 2.0777072419358236 0.19910061701286436 3.610748052022114 0.33306094603940056 2.884515759061874 0.6060840299134472 1.2493904799939108 5.700597662904352 0.15788719243518887 0.3717798722521249 1.85124777549118 0.2967015455169185 2.235707977159835 0.18070859193346644 5.754597729664676 0.15426659959150996 4.863203312323131 0.24335608717813856 8.030187063739469 0.1455026422313477 3.9020529119241614 0.6120501865762791 2.398493052129667 0.2677676110796535 1.343079225043219 0.2833416858901945 3.637810071605038 0.2464741327345089 4.6937481536728765 
0.6889249380718208 1.7479518127625098 3.977861810051666 0.13426288547943777 0.1246767735035395 8.893662266500156 0.1667462886073703 3.7095410846053114 1.1599174567500075 0.7635383388683242 1.2882977297132912 1.0430139590171073 1.374986617127074 0.7858135087930765 0.7512342899275738 1.4847056462785657 
0.17532541129124063 2.812349787065165 2.8000203154267367 0.2850418208048364 2.329503972653123 0.49600433260519106 0.363007746902592 1.6917977207012063 
0.35281367517289214 3.034869147106598 3.254130231080542 0.5017192064706022 
2.480329582918943 0.45055801120382505 
1.1237911175512458 
