-0.7913944448297737 0.7312558122253118 -1.5684478672462276 -0.027736013153629613 -1.5278609071182683 1.1244013712268348 -0.6629598666312779 0.688255605305852 -0.6060878056738008 0.4148366870852588 -0.5499101414064819 0.5790938275072296 0.4116079486541495 -0.3191227882066607 -0.6502215720709829 -0.5901710419494756 -1.1920600595061566 -0.8492550773243358 -1.1249415453592182 -0.7910590182961296 1.1850304909813663 -0.5829902425740655 -0.19313975612388726 -0.5474033548606951 1.1686991171266945 0.21350925615078334 -0.35150228339086104 0.4907549768464821 -0.6644254491650402 -1.4048300631506219 1.091032705279791 0.4146073080569943 
-0.5718341725634161 0.7885663220837379 -0.7076019006786419 -0.8085528745209528 -1.0696080908008412 1.1821211138602787 -0.6732165334691359 -0.5242268824879713 1.023627770982636 1.0109245757688787 -0.9016742498041033 -0.9181057625699752 -1.0558348297696298 -1.097568647118128 0.6168259801133837 0.561789426596908 
-1.4592712724070638 0.11402566858907097 -1.448389925875445 0.045356727706380086 0.02209315600404541 -1.2390720588143085 0.05341046902325671 -0.055496742993152964 
0.003928248893291887 1.269513508639733 -0.012955445785321807 -0.941842653999757 
1.0653130942269384 1.3947280563154978 
-1.537271584113249 
0.35792067606442385 1.5947699815093996 0.14486671476790053 1.9859577187590371 0.19179834997895803 3.759461442683276 0.34557052011417205 2.7800993155889753 0.6507826073034494 1.1635863456689728 5.783575183515443 0.1577446486260795 0.3801968368802432 1.8102659407464872 0.29979940669014266 2.214519969899642 0.17355501622106626 6.051150763329421 0.14817500687062474 5.094253051014855 0.2463295975954422 7.934501301681617 0.13743130956308794 4.132386606596425 0.6508346283712657 2.2555700224979884 0.28560202813178903 1.2592150549266854 0.29847706266192003 3.4533668618598736 0.25669189579570245 4.507567552352345 
0.7121249062295574 1.6910089573192952 3.4938776903560056 0.15286351783246777 0.15567682024912463 7.124038878439154 0.17889426982748866 3.457655281172554 1.1548165850355252 0.7669114917146546 1.2574622235424382 1.0685929744151288 1.3773890530601725 0.7844429433067248 0.7930244863417187 1.4064715922488296 
0.2097586436245551 2.350743509202512 2.723417855864671 0.293622966694021 2.248487449317827 0.5138784460305429 0.373681119009082 1.643479267543535 
0.34681029089228094 3.0939859253549433 3.111383695204653 0.524763993252121 
2.5052266212678442 0.4478680857461478 
1.1237911175512458 
