-1.384993123526258 -0.31354774748660397 1.2732888787801195 0.24429955044320834 1.5178823426957735 1.4458748080984778 -1.3220903613318034 -0.8998394977676442 -0.5081592174232539 0.695083391572462 0.43320029717269043 0.22923116089963716 0.13965891001209665 1.3806575595540802 -1.0561731157260152 -1.3964833042089522 -0.2735363792335771 -0.19791933114576843 0.02302288270758379 -0.013849939695619155 1.0339280800347534 -0.0019286212859996018 -1.1404429437494712 1.512674999251725 0.04469310696272273 1.360281815311766 -1.303227678196466 -1.2387372125506428 1.4235026246759184 -1.3061039934917307 1.0573557357782966 0.03285988116448227 
0.865720737395505 0.05853667891851061 0.063909031817118 -0.4805669133192404 1.54299610044598 1.5643816068452612 1.5545036661612137 0.0013013792315169624 -0.8155107993096681 -0.0031264885519218383 -1.5675497656660484 -1.566347238665733 1.4589666282704647 1.156073258096726 0.006358555078850755 1.4994219895480267 
1.5521496505088686 -1.4997573395824557 0.03950165356195373 0.004861739636647783 -0.12421377489426567 -1.5559584621907643 -0.6332213682303599 0.8608983343660531 
1.5611353008632578 -0.7480573763824404 0.01948842977335388 0.6218397946738434 
-1.5354194833778978 0.03301202986957323 
0.11614641334657828 
0.7394453253625434 0.3839199739654433 1.4061557820169304 0.13433370873075157 1.8686636662398657 0.6706616959683843 1.639272241323208 0.2538249738569492 0.30909600622206684 1.8071865142004648 0.30828866337263183 1.8161116366683352 0.4685481985686464 1.8342422420871416 0.9905693926278283 0.40696897117796 2.221515027375705 0.5022674789142335 1.5411469998513805 0.12219880171264634 0.23781040500057002 1.9213712646523204 0.6091741208280833 2.4894751660607595 2.1591340882017875 0.004672787979747846 6.995782687127085 0.03847954446168153 1.971075337821937 0.2416636020094005 0.18047809741376616 2.305878295992184 
0.6215119619511802 0.9149064416182684 0.5992750325181327 1.1544872774623451 0.5502674090210541 0.8308146348669242 0.4099898235001122 1.8271922265527296 0.002146551973399865 8.1589655635905 1.96769506038379 0.21295113721041156 0.8764546130234582 0.87387348236606 0.1740384697725331 1.8399069094814364 
3.2949554399929724e-05 11.470062649581696 1.2987034711344285 0.410856130281139 1.3250294353080714 0.5723021689936759 0.34601393242544587 1.6811746959335274 
0.7859614217785781 1.2092436445082058 0.5942838789211252 0.8526729800314508 
1.9043369321458896 0.44726944907190974 
1.294831226464502 
