-0.7923287939487632 0.6055413845637438 -1.5683954748282787 0.11588756640106776 -1.3200532934242695 1.0242786406024682 -0.32240354526614096 0.5907109311503105 0.027615430836751477 0.21248152073143403 0.5108049274322846 1.3299369815582516 0.3647811349987567 0.5360404925174429 -0.8311484708065618 -0.303605172673996 -1.3295138388103465 -0.3759770264985998 -0.44121592518074576 -1.007379751046982 1.2508273376390109 0.00591614386088778 0.04014764055431228 -1.0065323523250722 1.1410145666983789 0.12069181314339095 -0.2785330209871014 0.40873391112471946 -0.3664751428931069 -0.9650575293223244 0.16301922778397532 0.8346633001507789 
-0.7387205629512018 0.772541398052252 -1.3572905208988428 -0.5249799400587831 -1.2799097663250503 1.1969269350717533 -1.148960581888283 -1.20838095664901 1.1209382908968992 -1.3528340212304983 -0.8747597559326291 -1.4606005489875036 1.5091123894785616 -0.8047498625709666 1.0999638654695907 0.4075637835517861 
-1.2366166420810392 1.1489936345175298 -1.3852715415273447 0.8523186149473095 -0.31162637538218174 -0.7800442716447401 0.19950594533469387 -0.4449240464999339 
0.22511257752169594 -1.174238174642773 0.1941259602907937 -0.5311772171963535 
0.5294080579005572 1.3181314829227906 
-1.4787155058939057 
0.5616000328692428 1.0175151005795202 0.49460937504195857 0.5847647512893752 1.5869538737406488 0.4692339352697009 0.7554075497274417 1.2731997152873304 1.0290483107669834 0.7380575037905789 1.3081836776428788 0.7461271004063728 0.7714996504967886 0.8929766960007163 0.9530224354329602 0.7049737208279913 0.8929770751141322 1.236032131442372 0.7808346170712444 1.0048546479298344 1.3405388279692803 1.4628530746058706 1.0729607775664323 0.5335945002553658 1.4439111201467072 1.0181589774605713 0.560611329875843 0.6424638426659252 0.936005284334263 1.1101814954665792 1.4403325564745626 0.8081649408494498 
1.1699239610917642 1.0305002618894044 0.7300200766325173 0.7342434870042576 1.269751711460692 0.8769640123460144 0.6167340425291999 1.005131696348666 0.8484636213895987 1.044373173068635 1.0943261659993926 1.2281712414861607 1.1561545886925562 0.9346867094420807 1.4539523098855092 0.7684589557478745 
0.5402918707417985 0.916130405174498 0.8746103520825377 0.9244150858355212 1.2934303616697154 0.8939314493967778 0.5216252514704428 1.177754234480975 
1.3490778706432294 0.8039946126161992 1.3150864697967133 1.2444747254919442 
1.0156518455990633 1.1199212462396047 
1.1237911175512458 
