0.5256337416241729 -0.22558557461487586 1.1367426665800846 -0.31876846973649514 1.2176634065109981 0.6508975480650799 0.5477193197863967 0.6681734179327301 1.4756894452798937 -1.3233061974467735 -1.2626978125819208 0.2156577242030182 0.9747768158427529 -1.1474029544676718 -1.3211662743689792 -1.5694287674101899 -0.5842858619095767 -0.9644050017857886 -0.5660830889817328 0.5464589299526671 0.9822263303216424 0.3680890434635136 0.4994902088058588 0.18737228340679707 -0.14582510211683908 1.1873035892603796 -0.5451647521665883 1.5658515199346215 -0.9470766082871582 -0.7235400728935937 0.03534069121823474 0.9322596979995726 
1.5700827331156857 1.5388909988298147 0.6178207814565496 0.6593491149158384 -1.024164031873467 0.4127071437603959 -0.7591259177532508 0.7284980892133159 -1.5661426200179775 -1.5375817139592958 -0.7914542833029834 0.5564500170270278 0.6836558926944611 -1.5289896189151364 -0.5091586448664311 0.3260224779982378 
0.34330641769519055 -0.19453809382894194 0.6522750535380318 0.25828462556486337 1.5455795319973813 -1.5579959877195324 -0.9522992972086919 1.3802459117354926 
-1.1230846254906728 -0.3718920590634764 -1.5579451598303935 -1.4346398037956434 
-1.1995003478907265 0.1958988076399338 
-1.2281858575371571 
0.5986541820106195 0.7131255302534208 0.6148871592154818 0.3717187327464803 0.4971028717423622 0.8542064521817343 0.36470399687099914 0.5289888976145871 0.13167639046668578 1.3654872728009233 0.20299468115826325 0.3810338532692146 0.2092604279746635 1.132563397561054 0.11530174001844633 1.2529583108739921 1.3693827927792621 0.29677735706634234 0.9781602141256147 0.18296188408889175 0.8867727791567903 0.16816824843590933 1.783058389858515 0.09679430112211723 0.7326693394227586 0.32452895337132237 0.7499733256385251 0.3359736569232885 0.12321729451440222 0.460334842937965 0.26612934378813397 0.43319357921797125 
0.7223297279865163 0.7403744743698802 0.3707540896871189 0.6736757005211469 0.7671718047152041 0.2792346339245966 0.07096081092092328 4.418893333347063 0.8611435145253066 0.5871038872313434 0.03915616981061393 8.629129550312918 0.9197844712388596 0.4533925073924709 0.6028045266505097 0.229719690975392 
0.6237546646871522 0.6640279843263782 0.2293678567439877 0.7889773979338961 0.2703963664844233 0.8185928440048517 0.7004479822941183 0.4188636701705771 
0.05587309457161211 1.093189403913987 2.1207175105185185 0.05780858180508498 
0.3805248963552292 0.8012021149935354 
0.2637900968753727 
