-0.8954090738992159 -0.5821772217533965 -0.3139540711048152 -1.4109331716826587 -1.4815691656576035 1.3397650027381025 0.9779388793559559 0.26617630573448625 -0.8723624818171807 -0.7721030246927842 -1.2745510040818522 0.8972022958340508 -0.5346642474934561 0.7487469318008413 0.2202929842732419 1.3483237670806916 0.7362880791298233 -0.26542488359307564 -1.2990703166921616 -1.119394087388525 1.1866429097834448 -0.23862902676663936 -0.1762304818399866 -0.11105304527985772 -1.312776427707453 1.4332280380821172 -0.839499175783904 -0.17930482544762172 0.3749131364806012 0.0832749705138487 1.420790095687077 -0.6012715275610911 
-0.3317530407761979 -0.9199201351928664 -0.9098606965947006 0.5443367625153016 -0.6267523934911501 -0.11635689169820744 -1.222603574806823 1.5447546594458947 -0.5900086453767931 0.5277053644144706 1.2068480815054392 -0.3903898227174656 -0.4680730993499692 -1.140663350463237 -0.3987395888206044 1.5335134331037374 
-0.09012829987625214 0.4462839413402172 0.36569826381051623 0.5746832066495475 0.8408622514105079 0.5509657831794447 -1.5261126070812434 -0.7382039776255723 
1.384773199250288 0.9487619863816401 -1.5536131448822923 -0.17550684204357903 
-1.2571417558039388 -0.8046546442823432 
-0.8990082001783339 
0.0655743616101413 2.157798260597723 0.24522170093633866 1.540040703151908 0.13078881095168568 1.5015742595368102 0.28789393988436796 0.9028024081118132 0.6550096792700816 0.635871917405195 0.2426712511188226 0.8071023669794067 0.34729714076717805 0.20268645506407046 0.30004789438605 0.7851015013157202 0.06161238917181834 1.8179297795874085 1.0147297943131408 0.0888808252279993 0.4758094615842198 0.5157232844253009 0.3883183857646592 0.24667935262586774 0.038723862242220394 3.002497740737769 1.1257185517739743 0.1285434166304596 0.4220502685602809 0.5245681593164842 0.3799610312927373 0.38854507549747963 
0.7682497546727985 0.4066251038826955 3.1224160704952943 0.036778330514773874 0.011713666682088654 7.99743216867575 0.30708488073248635 0.5368947830260155 0.19156555799473243 1.9013932838246952 0.00762688761699587 8.404232167453797 0.24841755244665628 0.47096081444426197 2.2743219390977654 0.07114998229107203 
0.33862581824748716 1.0156008177099456 6.662867834020633 0.05818185033092011 1.183722351948999 0.13855860373900597 0.5343702884890937 0.5973448329399942 
0.18658125819073898 1.248420389848883 2.0239223036587712 0.21252112846183438 
0.07088445783625828 0.8440339334333583 
0.7329082040796147 
