0.15222158920907303 0.08101056013530351 0.161038079675486 0.08322299687960653 0.14280582954419332 0.07702644652194862 0.1471432062703606 0.07682488712185309 0.1096825125316981 0.0265191834569108 0.10914414274848143 0.026825917973376856 0.11062094813872654 0.02923231811196328 0.10982938825495904 0.02991387171070881 -0.6035938423254991 -0.443205735704562 -1.0627158104150436 -0.8886995299214666 -1.5494897280537614 -1.0482423799148692 1.4940455022657082 -1.4084054338949696 -0.10290476834183505 -0.06270252482847492 -0.10453486754727116 -0.08598254083516822 -0.0864229667382546 0.040067763473475834 -0.09390683244008245 0.03357699482320914 
0.2617437115185878 0.29727263410740745 0.23385492584177706 0.2449739620942478 -0.0026190733886327514 -0.002610799532572469 -0.0026385045777753973 -0.00263696662873056 -0.4455282369941441 0.15201137378099155 -0.34736114163942877 0.022308640203091295 -0.002448676526390318 -0.002588636200286948 -0.0017890674082571016 -0.0019193733127718206 
0.22278000428389208 0.12472826866535369 -0.001277338359493821 -0.0014947891371614196 -1.1476896270084742 0.0029837178941308855 0.00019643533498029943 0.0001421343500070984 
0.17497745921251975 0.0004018777691360681 -0.6553775390311016 -0.00036273833567567935 
0.002263365160412942 -0.7041485210598614 
0.23133014173250954 
0.5635445160316435 0.42422364948498287 0.5522200595090768 0.4245399706341697 0.5751188051442373 0.40911247587826355 0.5730224099973483 0.40530156384843485 0.27700789218047583 0.8015367877427655 0.2713322893208056 0.8099461499963345 0.30199764154146513 0.7600443209621279 0.2906841820024507 0.7780178538755569 0.3056895872786593 0.6051205288684273 0.5962716113183308 0.26685613846962347 2.1049030217378912 0.07665137844522896 0.421197513183378 0.20316575121465386 0.4087837378735178 0.4821455230754949 0.39678191155115666 0.4949365680263125 0.4225900169714077 0.4984724007840379 0.41889915698373836 0.4879756653932339 
0.48254339153856074 0.5192511981304854 0.4995572951869069 0.513449988460869 0.49280960183692424 0.4974532420403331 0.4940556207618121 0.5065440150152325 0.6486607146702107 0.3880642912065402 0.33787495512683285 0.7179645020900662 0.4906211512926251 0.4991265995731429 0.49285213530517813 0.49889034822088557 
0.510644708062632 0.4844694752446616 0.5274162139291273 0.4717933960230913 1.195265614861854 0.19846987713481287 0.4666641291270804 0.5176469115253493 
0.18277147714539624 1.3395634736109863 1.8158948065379326 0.1287816164289173 
0.0966398942131524 2.4076283628025923 
0.49954088195350166 
