0.3650432920610814 0.5420457416767921 -0.20790848841615667 1.4563959775180548 -1.0602162492114355 -1.0871446118332717 -0.9842822796297142 1.1014216396743033 0.3988601239672519 -0.07171909387920358 -0.03239778803635383 -1.103696180838883 -1.4971712336927678 -0.8543131267456505 1.4822406497032001 -1.1524038168550954 -0.8729995603707362 -1.5413061128486552 -0.5260641834522094 -0.23171286198581 -0.8466029619552172 -0.27346444936333764 -0.9698723503821782 0.8251417279466837 0.1802923708757304 0.5671521220232508 0.30976134225242274 -0.04364755477532024 -1.0935201259682952 -0.8112741002085139 -1.2115389745619984 1.4833759663158113 
0.03587980217662872 -0.5483442558830001 -0.934486125255978 -1.0300993175618276 1.238375891383359 1.1723097892522083 1.0417599688956345 -0.488756543243884 -0.5865354058058749 -0.761300564527141 1.4864462673792127 -0.36646854876571044 -1.3466225797640905 -0.37115343367432396 1.1612704931303457 -0.31449423769207535 
0.8561076435634989 0.12171325495045911 -1.3193236138076276 -1.3174760931401164 1.4297811660916737 0.5065727044187851 0.15432999349167592 0.3877563941060527 
-1.2960528693082676 -0.015626235364275737 -1.536569041709035 1.475600844955275 
-0.946874168285465 -0.47577450628188445 
1.1937878152265167 
1.3431143658532703 0.8720616496045827 0.9265893387061936 1.1795441493184908 0.7309153142286033 0.8579279636509886 1.4007245939236286 0.7899512232296182 0.9583993133513842 1.1463140504692202 1.1780219994967251 0.7498296329136724 1.3965786590242486 1.0113946161012124 0.9839676403113932 0.5928746231747248 1.2597841984889468 1.1848008336082314 1.44167031020304 0.8535683375813532 1.0787115687814826 0.9354710853543545 0.5282129659092551 1.0517613570485111 1.2364983784372692 1.3728074735353857 0.6268043664244362 0.5980737733648788 1.1564110544904487 1.420313363869369 1.0897397485999583 0.9786260232220988 
1.1488668803103521 1.4110357322199476 0.8382976283030777 0.6932965423470699 0.9615394167054625 1.245089649261999 0.6393514139644028 0.6341637625974562 1.413250043425439 0.6977925694661236 0.5636342849448236 1.3386719147897437 1.0423729069758947 1.034147279076751 0.9877902028389703 0.7677518198557446 
0.6482836881959149 0.8053380340853731 0.9237504815394318 1.2454900277866636 1.3044402168514375 0.6384565679410242 0.8219100916164792 1.3933093650683754 
0.8449059135886533 1.0115620486281776 1.33839540574814 1.162269949042057 
0.8754196357966059 1.0169177900877688 
1.3068516680909021 
