0.7838051990412556 0.11933926736040956 0.008872564008135702 0.03269819173922965 0.7018871491134606 -0.003923125180060526 -0.545932478368866 -0.7274086260411027 1.2228018483625223 1.1872206301989041 -1.5050715952522469 -0.32239677672029443 -0.7605586225562144 -1.5437550455662485 -0.9674585693653509 -0.49161310691788784 -1.0443325629469653 -0.8809817306267679 0.49970487098305344 0.2633362561622191 -0.5719196319600512 -0.5869133427973402 1.4125738941844765 1.1856789869207391 1.247031434314991 1.371497665149649 0.797177358976897 -0.34737288275617284 1.2618774307696572 1.3562480561848216 -1.2509805760952115 0.5392060971614507 
-0.5895077519639905 -0.07998756695164988 -1.5618638408326697 -1.519077386287084 0.5099544584141542 -0.14677959209020724 0.09947344019950373 1.2730583587435227 1.4125712594824666 0.012890143935607513 -1.3748959838455759 -0.039582022774244906 -0.0014735011205893502 -1.3865090000805622 1.167809966906329 1.4322619286214773 
0.14022225692501808 1.5604477905592078 1.2129125039050703 0.6787240882045852 0.0766644381554295 -0.7159421529447587 -0.014406720848936657 0.7588084954854476 
-0.02611977754399051 -0.01592133599867851 0.6831379915689826 -0.8741708465522031 
1.4645100598336023 -0.02154793411496006 
-1.183198603694329 
1.898046228886332 0.13289350723868745 2.7948740604469204 0.09102790712288385 0.6871105786815114 0.3511414658217036 0.25214348748538684 0.9835356214225578 0.20116772966449617 1.2199207244420271 1.8621664709636592 0.13365607031486812 0.8606841474414001 0.2873003547820201 0.5845197791807896 0.4288094396119159 0.1418636483093946 1.72977001201925 0.39257482657875903 0.6234887181767613 1.263765282503383 0.1914765935480762 0.2976339609527626 0.8573340261013931 0.4494962950478419 0.5672169121532281 0.5441983800488314 0.454181623497589 0.4187020406539571 0.5736033185878163 0.4119869054492104 0.6013921571174008 
0.2681358909326214 0.9461948807013301 1.0552055568579106 0.23991159802479714 0.7123930734392101 0.35331654514289046 0.4306687833811908 0.5990378587344201 0.6015134732005141 0.4033292067562813 1.5803855509209321 0.15523833335617324 0.5577743575847675 0.45374439523707755 0.4018740636734536 0.6072510713216264 
0.5221392323872003 0.4860561517063561 5.607265491726436 0.04469956101159777 0.34410972017948227 0.6953804758562362 0.39772810907471917 0.6144237291137838 
0.18683075661275034 1.3295503443504209 5.745687860966508 0.04251724759833997 
0.357367487378824 0.6732403371282819 
0.5084233851978939 
-0.0038129119144254316 -0.006462819728638077 -0.006039254589421308 -0.01157047937614092 -0.01888576978754687 -0.024208615620406628 -0.016195761440757538 -0.0106174103558742 -0.013261288887479095 0.023077971150321407 0.00031533404815539044 -0.015396156412334805 -0.0028935144405540588 -0.0038860166063300365 -0.000354921867821784 -0.0008755506893817994 -0.001152101669740268 0.021690480980082603 -0.04270082591348717 -0.03061882126708419 0.057829952253588425 0.009139359152876161 -0.0074378943322208355 -0.015963603696624726 -0.005603246562223127 -0.004831027880847173 -0.0005045434753943062 -0.0007773411040799049 -0.0007424462233016246 1.2027414090246558e-06 -0.0002734114848669669 0.0007236791651275669 
-0.008483389063594336 -0.017759478198855077 -0.04198909278240012 -0.023714695918211504 0.013375076570187073 -0.014811753681156286 -0.0067461533698263965 -0.0012820249285031954 0.0218437906219191 -0.07420626609871345 0.06837624217181057 -0.022997013621709236 -0.010427034381592298 -0.0012093797286698291 -0.0004972856481070672 0.0006717696937107625 
-0.02392083304444025 -0.043095254244706296 0.003137467112484903 -0.008195345675169857 -0.04918939129391368 0.04831162839940994 -0.010693679448675365 0.0008472570727633356 
-0.057280569143054974 -0.0048263149086991575 0.008696484968601667 -0.007855503951999906 
-0.06313230207673473 0.00436908840845831 
-0.1107878908634738 
