0.3364497058817564 0.2678049442292112 -1.204077854959293 -1.1491185617754898 -1.1875487638459514 -0.4642749223082583 -0.330314126824861 -1.0684049530388433 -1.3837292343356866 0.18506346421011072 -0.8637835664067458 0.603618962164609 0.02143011578185799 0.12410486983031001 -1.4064207924190233 -1.0784694600194769 0.5428057893007048 -0.28488974129093786 -1.2307969535678152 0.4519987680417578 -1.105701673146862 1.3035058342296904 0.867676811996076 -1.2819171180092288 -0.8774759222443386 -0.5442315378161984 -1.2132812216438924 -1.0119476470646718 -1.4218229707389265 -0.7790828972862578 0.664719749973584 -1.511680324314746 
1.000506610773514 -0.5710392850533906 0.8749432340944918 -0.461115656030945 -0.2046240809858136 1.12597331734514 0.938689920783425 -0.6725979279288021 0.9147268837297311 -0.13906780912631816 -0.7700961035749198 -0.09604335771135564 0.9943275466608734 1.025428410145337 0.3753255451754741 0.3851460028913955 
1.1234787438707026 1.069826358645769 0.7717708176305412 1.2074941274454793 1.538997970982247 1.357008611831071 -1.5632757034224092 0.17743732201549178 
-1.5485615452840331 -1.5472366143943797 1.1347101364442427 0.8287225405944423 
-1.5510229451225725 -0.9133196516302144 
0.7214118555861249 
0.24951099047035705 2.023083124904997 0.3450964679270516 2.4283173417138793 0.3990517769691795 1.5276584505056026 0.2607412808013602 1.1788313134176471 0.8812446059529881 1.2936458834814055 0.43861560144758255 2.9707780970620217 0.3837668795873605 1.9891891149830883 0.32628270651894703 2.571702677339238 0.3461180613582857 3.1368397112286863 0.7683865330831143 1.490670969523629 0.316119841359195 1.6286194839988493 5.603488583995465 0.1875651579148382 1.2537951432543237 0.5207683001466961 1.0582836540468512 1.3302713019553436 0.5296796097708019 2.173555770799619 0.4544838185635749 1.9621112830715932 
0.35210848008494516 3.0375444129228293 0.9442386484256514 1.2697728280335963 0.737470319522666 1.4026436837615657 0.2580511083535449 4.277466066053863 2.308707095707281 0.5059383893649215 0.5734373445065101 2.6017837347128308 1.6684642227986692 0.6969041735389762 0.7816430948425872 1.2187889193375263 
2.186201089466268 0.35905714724405136 0.49204436064857493 1.4398847877518683 0.5001601998662508 1.3501926296060591 2.333479774695587 0.6055925701972731 
0.9742248508862946 1.6156464139927058 2.950293147995181 0.608740784106416 
0.28098394578410085 3.067627984598317 
0.8460674692139825 
