-0.007981104240695468 -0.011076872273979098 -0.00834698477795515 -0.011369064460355082 -0.008254752374773015 -0.01142925665517674 -0.008035543555250662 -0.011046474528580395 -0.007943878149762352 -0.01062005835593221 -0.008052981966497497 -0.01085448208553016 -0.007890978859278709 -0.010530717079485852 -0.007973947431339574 -0.010486538502400411 0.0072155384184604855 0.012058773078511437 0.007203190639475863 0.012637721286579221 0.007385032387416078 0.012423926499437814 0.007256628440219247 0.012285797187612038 0.007146093966181008 0.011809536143397406 0.007115467661637098 0.012017594536436116 0.007192474160546296 0.011965634474680525 0.007156463541928192 0.012032945152976616 
-0.0341643890954461 -0.036056468863238426 -0.036036759694573026 -0.03418321789666613 -0.024155315619089412 -0.025106778252976355 -0.02392927419219383 -0.02394489745741946 0.031443237427789185 0.033309437917805614 0.032960034544398206 0.03224706951294622 0.02777837227111139 0.028389152751431227 0.028743836732180048 0.0288946603648044 
-0.06762042158831627 -0.06762891979055842 -0.046106582857032306 -0.04468968855602795 0.05733523172231669 0.057694260137441146 0.04829163212763567 0.04973853307867777 
-0.1269443225235865 -0.07877262163389542 0.09064478639231162 0.07176480528214566 
-0.18295065955513412 0.11008330852283994 
0.31047858304840475 
0.5105523180427642 0.4761077864200339 0.526130219796993 0.48100695281043787 0.5105183712302823 0.4737535572732144 0.5161682503650076 0.4769184385365632 0.5253808162917258 0.4841507042640002 0.5278837154539849 0.4896520065101914 0.5133191943286671 0.47266192484286634 0.5186832686393422 0.4709793544165339 0.5249571286634145 0.4793141424899321 0.5117814498872939 0.48843270870442507 0.5225503951433922 0.480168112178166 0.5288333998507998 0.48929252379648736 0.5214425666867036 0.4725065241065173 0.5283390393504185 0.488712236548337 0.5186569396595004 0.4726031221889521 0.5284128064434161 0.48656989800270795 
0.4906393274261299 0.5072532272517245 0.5057052148708769 0.4916000190493803 0.49041379706645744 0.49852213728507067 0.49266641558201846 0.49424916777222827 0.49083980607714045 0.5003447331172728 0.509315103513438 0.5027523571324201 0.4928462342505236 0.4954770931204094 0.4942192239066958 0.49421714947146483 
0.496483034911316 0.4962985251054434 0.4981619018196438 0.49122741620144494 0.5000140689375502 0.5032720227923444 0.4993699040087506 0.5013706734811784 
0.4906081622750069 0.49559099534449347 0.5015417743195553 0.5024455364647763 
0.48673076701932705 0.5127948207145706 
0.5045286470468384 
