0.5141433214713086 -0.20995572848053098 1.1565630609527715 -0.30325771190852135 1.2187043507979327 0.6477870734105233 0.532487332869079 0.665200457560069 1.5053655015852878 -1.5296607281494263 -1.2997915331085692 0.07205699376986034 0.969488532582145 -1.1327984646311244 -1.4626950687181517 -1.4636231153262333 -0.5777624513922963 -0.8821239185382588 -0.574557893592942 0.3833500353734383 0.9641401758315721 0.36795043622579915 0.5060368833279515 0.12835744259500836 -0.042434342556497216 1.1834774499299345 -0.5452909226626187 1.5517338730640757 -0.9451043393710876 -0.7115753802222443 0.017892595355469693 0.9349807989878981 
1.5502314200533092 1.5035063842823968 0.5705063028354633 0.6071080372333021 -1.1721819041148867 0.24453301525918242 -0.81349918336458 0.6378730065274383 -1.5517509716137554 -1.5332640056669826 -0.7391875800443155 0.5381933795198945 0.7018897063400972 -1.5211333594164536 -0.48071912152790064 0.32189844966982883 
0.3225925933095876 -0.24491234287803623 0.8178034447897099 0.40801372528942387 -1.5532617409956073 -1.4588193223813597 -0.9312325627580307 1.4006504396390782 
-1.1090062052346632 -0.5253496459026603 1.465326747786846 -1.4264002189258962 
-1.1074466360670638 0.18500756359240628 
-1.175042318457125 
0.6185977188824405 0.6901366837028986 0.638675977231732 0.35787490607115013 0.5255498297582669 0.8079771067232949 0.4421657532557868 0.43636188340179893 0.15218580307104507 1.1819895456320089 0.263180224722171 0.2940356513189293 0.22747249929601188 1.0419073413660924 0.12183636288158647 1.1889732501452959 1.3992169681471263 0.2906137502360666 1.3979236966592363 0.12811210899695677 0.839188593172921 0.17770557359029812 1.6716277683762977 0.10590515221522788 0.7648227009374579 0.31088752085675775 0.7544121179422809 0.33399698615289536 0.1295463156596418 0.43784799872543806 0.2661475723946638 0.4331640242298475 
0.7126491226939028 0.7504320678300123 0.36930988103278733 0.6763103458411046 0.8297079687150227 0.25820569310717306 0.09519688607051723 3.2946893552390453 0.855505755440723 0.5910023058927183 0.0759776001516854 4.453984838347818 0.886759735062053 0.4702799493477356 0.596452361325218 0.23216687803791636 
0.6329703315282478 0.6543614011851299 0.2710973055433044 0.6682488501358637 0.35507952469163945 0.6236079687948725 0.7063985044345725 0.41533538627280625 
0.05763516213895355 1.059890863138979 1.7487881144365025 0.07011416752259265 
0.4336319495706348 0.7044701316246441 
0.2637900968753727 
