0.6106990100687468 0.04740885640919221 0.38760611005214113 0.4135907044203321 0.39671234948026307 0.4115946069517582 0.3875403509686574 0.40184377349665357 -0.831150649874872 -0.6782047075249452 -0.7848422870466351 -0.6258748060245267 -1.002174681685147 -0.9794096201245827 -1.0034411932636154 -0.9814185110588756 0.477877118638535 0.4720926712130946 0.1961491852315416 0.2937062924078645 0.21665129178747072 0.27622316953507264 0.26137194858963214 0.3152214827320989 1.3545097101383505 1.4654213299538552 1.447970940617437 -1.5141326857895805 -0.5589137671188269 0.054748704914751575 -0.3103516507359196 0.06568098742338796 
-0.01449386148445763 -0.25587732068174557 -0.25336967523200127 -0.24920435829832224 0.5613210202482966 0.5404845719582492 0.6383143506065005 0.6392902322689975 0.16260858822553503 0.5523078461773837 0.5395307781817283 0.19548308979662754 -0.09657485957853114 0.056629782041442756 0.051514920318704284 0.032904825841847056 
0.00280922278563885 -0.0009044902207034706 0.00027477642111455334 -0.0012022508184849367 0.18735216162037246 0.31589658440396884 0.0019313815400175943 -0.001138642293405137 
0.0014468169702844037 0.00247659875540893 -0.003139492837918304 -0.0006310077982676686 
1.43410863667552 -0.010961439624212756 
-1.275349903537277 
0.7879738007099575 0.3080234142291951 0.6002554833109212 0.4213580884955013 0.574179628162124 0.42098107590928324 0.5986891783555409 0.4109300001232105 0.5353239747586304 0.4746867296739436 0.5583261334893074 0.4624897669958982 0.4082548914323428 0.5933873502334244 0.41198799623751203 0.5920357553032507 0.6236004284380273 0.4033268733294302 0.5907069852666555 0.4230273686985973 0.6174940889550528 0.4061986490156736 0.6216094452853521 0.4161253311707108 0.8489557836738983 0.2891113352226835 0.86604695261804 0.2972192710738084 0.6471550112990101 0.37812933078642874 0.6657087579937979 0.38561467836961216 
0.5245204361788768 0.47444943287112773 0.507867228933311 0.4895069419374971 0.5155593288121872 0.474206904540705 0.49153630139736587 0.49538548540078653 0.47417059519367366 0.5179322385495035 0.5138670908762475 0.498298788606811 0.5698203674827224 0.42853171796615197 0.5026874585118998 0.4858911860354486 
0.5177855428686313 0.47584210607509997 0.2776716486784726 0.8812183477789446 0.5621741378326633 0.4476221367244452 1.4240755056112095 0.17569560428279102 
0.3340333069488744 0.7271324822747064 0.21495881245376353 1.1705608002345045 
1.0135949306868344 0.2434594054557455 
0.5045286470468384 
