-0.7708066715689312 0.7426066049353441 -1.5557170534572897 0.0333060123021385 -1.2676474658955377 1.1163587759954234 -0.7005753063929977 0.8800454534250192 -0.6811015121587971 0.4655310177653623 -0.5386196534411088 0.36705941226201877 0.3529111096845335 -0.44039335657468165 -0.6083269343234283 -0.6052599970896623 -1.058483271102052 -0.7791848342803162 -1.0646569111750168 -0.7825010482163973 1.10727076053701 -0.7627915007375494 -0.316321851323983 -0.6438683551409377 1.1036551501962053 0.18588055434412556 -0.3530011375534041 0.503484269784393 -0.7455795566564778 -1.0299377368846385 1.2916299593475251 0.055058395446513135 
-0.6050641522926856 0.8174033972486191 -0.6476431142803061 -0.6209035331214858 -1.0708542639178542 1.1949063855928492 -0.5871732561452376 -0.5316668500506009 0.9956845141700585 0.9975147924568049 -0.6718571530451357 -0.7078426779451423 -1.0316369589031666 -1.1255921527467634 0.7718191204843017 0.6479436600994402 
-1.4971149845857517 0.00688918496071229 -1.4307873013319867 0.043335965728044795 0.0019671222731441713 -1.4681054706252117 0.06566045752157679 -0.0694465388016778 
0.06196543531701454 1.285267627974817 -0.011036567832313915 -1.0748976795263752 
1.034422123538243 1.518640600344543 
1.5476843063729173 
0.32350282952520176 1.7644371796858664 0.1298833140053794 2.2150198099480347 0.21716411986524392 3.2912737419275073 0.3206404680224391 2.996249433139636 0.5559966130822988 1.3619351952751115 5.668325684728173 0.1540040002879004 0.35803234505549764 1.9223277260716507 0.28710591272160363 2.3053440914548102 0.20023576801001575 5.079694960441499 0.17034868390321617 4.345986229794176 0.26456336715509354 7.383909283918126 0.1714598925895307 3.3098143085311693 0.5223720958647382 2.8102332199334863 0.22617321632605558 1.5900657749595235 0.23541758868036494 4.3782868825291805 0.21258355404812893 5.439508862575419 
0.6511019779025228 1.8494886002634936 4.82705164931454 0.11064132248486203 0.08004271347553239 13.848812557816679 0.1456182983456623 4.247736310282499 1.1587965616230504 0.7642767371840146 1.3589328776823593 0.9887960457715306 1.3653059431547556 0.79138518433863 0.6920276740426521 1.611716675512423 
0.12496592616995664 3.945540021950286 2.9189413376119617 0.27222671881116284 2.4784447258093363 0.4661939406236828 0.32245546128494584 1.9045470101526814 
0.3665060748056631 2.9079709784543115 3.500870119740918 0.4662948582846101 
2.413439991378288 0.45871365610966813 
1.1237911175512458 
