-1.3848054885760135 -0.31481380361061867 1.2625077282880688 0.24338797098489415 1.5055234951754473 -0.5499033671520444 -1.4296245272999966 -1.1699983861175127 -0.44285884987110613 0.9680983787638295 -0.15527298104257894 0.07254413495677323 0.050949076443571405 1.4556290767373736 -1.2034373375300278 -1.5491219079972158 -0.281939845043404 -0.19592006510518273 -0.05882593160893069 -0.10462661168593841 1.011516304691161 0.4234945794683779 -1.1966283064381102 1.1091699209932304 0.40464459455575863 1.3404131488472988 -1.2971096616272615 -1.1862060194504855 0.8999284714009672 -1.1197172616833726 0.5451233752896374 0.16135178309180404 
0.8685878129456078 0.0702276140928519 0.06208757486067823 -0.5015520975870835 1.5107125795120682 1.5647483354643197 -1.5499791458391132 0.0025069127187268515 -0.8603824633944288 -0.6537333813150266 1.5678029710172177 -1.5496718283092352 0.9164652075730135 0.6839217468640487 0.007627174719629674 1.5082948414557098 
1.5552183140906921 -1.4276068648421198 0.06128072632578918 -0.003175129965282794 0.16416207323525944 1.5011145402502377 -0.7121915743448713 0.908763647605184 
1.5050056386763182 -0.7472465464090908 0.07737263453933652 0.1726478477768904 
-1.3857442858575235 0.18713071577859294 
0.1842918858440801 
0.7278820223460767 0.3900202106464996 1.4726536832181654 0.12827582664075016 2.062210737897646 0.4971399215271832 1.7989238215131764 0.13699798907469632 0.3336665916759642 1.9404331284776493 0.19743531992351435 1.9621722896763907 0.45627498031835906 1.8896218925534654 0.8610806418175043 0.5669520630978159 2.0152238593407565 0.5537294707488405 1.8025258614783595 0.034184955029334996 0.35016202474481245 1.8576816309125492 1.0223837371788338 1.539774881421433 2.3355690036716226 0.01434553635620794 1.8725667873304723 0.5690571177390537 1.0252661626512052 0.7251939360547702 0.5124697385814884 1.992846907289838 
0.6129035529475652 0.9277614231473188 0.4884141341093953 1.2608917177715775 0.1873611682109265 2.4908930050663427 0.4583918981454829 1.5513450966472095 0.12486107002190763 1.8624110246926928 1.375534418576861 0.33213016689753466 1.8638123020674837 0.5006421006870687 0.32345780280978437 1.7633675476574375 
0.033812158190940717 3.4950185919783467 1.2692173249275185 0.4701270889023885 1.4200924352272342 0.49691692989302066 0.3006023890354325 1.7628397933736106 
0.6724909483088682 1.3430992539507263 0.5320335451759981 0.9409365502075205 
1.727319791998137 0.6532227277677836 
1.294831226464502 
