0.5451305333078157 0.4005807739177586 0.7121596542890681 0.24170583621088734 -0.3471398844048711 -0.26020179486023853 -0.13271191487342504 -0.16814825792389157 -0.004116285830394652 0.01578005929473301 -0.6086674166760929 -0.029324227343230858 -1.3044366292703478 1.5434528769708933 -1.2764476878257058 1.529869844356733 0.4879202836419327 0.41576040943344417 0.41304105858141504 0.40688276571739634 0.793906042334059 1.0537091639217102 0.35130695349019253 0.37822219341693764 -0.8490079867762697 0.2547447547387858 -1.076331706289849 0.14543425379308506 -1.505265547663006 -1.4142850518824157 -1.5249946189030588 -1.4399463308864855 
-0.3603207879101555 -0.17215104012480661 0.37910880034071515 0.3594908478089225 -0.7188282520725715 0.01145821939862468 -0.03665390267711217 -0.04575645808824838 0.33740640857007204 0.3909706507216901 -0.10450102226854001 0.6013641169154146 1.32053766094307 0.12214017106891491 0.05274483537794591 0.05146080534439345 
-0.031494792492842594 -0.012208966903937442 -0.7908217232228861 -0.00028397667214881227 -0.007488404700696732 -0.18065637170449259 0.8038664417212509 -8.850881988460807e-05 
-1.5016999542435057 -0.028500576356409374 1.2051494643099014 0.05905046416268171 
-0.12101277963238587 0.23907322358522493 
1.3085888371031857 
0.4982393249942727 0.5069920966807524 0.4983524205480044 0.4944806908695149 0.5032127478975622 0.49640624107428694 0.4954593546682276 0.49472993754366906 0.4927690897078909 0.5004397182169618 0.5014333895253361 0.49630939903066523 0.5099873301403306 0.4959304648666029 0.5098841378549405 0.5077088634849389 0.49221993371195194 0.5085794343888469 0.4926215876121086 0.5096323290870937 0.5051523174840905 0.5016018757608964 0.5029014237496685 0.5066878218698277 0.4993693773350402 0.49897654676531494 0.5040892055030847 0.5008457927667502 0.4995179790880774 0.5060219698608678 0.5031751834633592 0.5071608583746354 
0.49175482232539813 0.49978720138244764 0.502089460141336 0.5031129438239176 0.5080182233057304 0.4929835604528555 0.49967489956571737 0.5029457182306153 0.5049399467760743 0.5080195814905917 0.4963231399790908 0.49189566164730314 0.493787017575279 0.5006551398733586 0.49389089809208164 0.49528618273691516 
0.5027155153664865 0.5023915141710843 0.5090764218549724 0.503577855653692 0.49862327941215595 0.4912226320270892 0.5084902677424992 0.5023265110267474 
0.4983101985768803 0.5051806378018819 0.5071639608572192 0.49074867144178164 
0.5005926240408778 0.506011065395879 
0.5095898077164893 
