0.4552730640488478 0.17777759086301506 0.46765257063839016 0.18653222908667727 0.4529882800734397 0.1819903182514141 0.45213929891826027 0.1780096484275843 -0.3697577747005136 -0.300812816509402 -0.3170385799977215 -0.27671266578258336 -0.6599041324346828 -0.4055514414389861 -0.6658771846416295 -0.408729309315892 0.29257580600517624 0.36041446474362593 0.2033859196737427 0.30754326161070894 0.23083860539254525 0.2973382861226018 0.22970742926513318 0.301297541613729 -1.3181972118875642 -0.4064353304280892 -1.130884461292967 -0.40535316799794957 -0.41714882319673185 -0.04441418009956391 -0.3443938126077543 -0.03562502819914178 
-0.19597446210441008 -0.2580179348786581 -0.2872883871536894 -0.2327046622661607 0.4077254729137699 0.39055974155299455 0.44169612696489674 0.44202201559329785 -0.04842238502686149 0.48187051458206304 0.39548127987853177 0.30770139276150044 -0.0116281389292443 0.04337450452945488 0.20395206045799796 0.20605653474293475 
0.028020298265717947 -0.02485506124273074 0.12682175951336577 0.07390133686906011 0.27491738792167675 0.4289507224966996 0.0007213696789023622 0.06150356712718253 
0.03134282349488914 0.006466195679332088 0.34458769731161204 -0.010439888330744758 
-1.5373110012207392 -0.013222794818686523 
1.45973708822378 
0.5984097997274436 0.40600393483358777 0.6038526419755922 0.41890321783907497 0.5819624998701678 0.41540382627159345 0.6009888230171018 0.4094094029366233 0.6309113444192921 0.40279887629202404 0.6456958395812579 0.3999377765455425 0.598024707075864 0.4052114214265422 0.6035032943100146 0.40428241794006464 0.6121082790133888 0.41091039813243374 0.5805043539721915 0.43046601888065994 0.6014953816131227 0.4170052222897699 0.6080139956824471 0.4254333461684449 0.7953629686989295 0.30912703588282475 0.7667352799042708 0.3361079780197892 0.6813672855303945 0.35917082321211186 0.6904644986099449 0.3718115949542071 
0.48799525804675203 0.5100014355266633 0.5079268708061541 0.4894495647394452 0.5017238475486 0.48728367322412436 0.4913717742234397 0.4955513608028735 0.483615489975131 0.5078178237242169 0.5117154220185718 0.5003940626917285 0.5217433987722581 0.46803148585950105 0.4970135902948066 0.4914383744161632 
0.49722204785806867 0.49556061348042674 0.4107486665192857 0.5957448281580809 0.5203402067848735 0.4836109335139569 0.6395547965998204 0.391403936978368 
0.32943760914653647 0.7375921195468663 0.3500134270401615 0.7191290710986854 
0.8440176349278541 0.2938668789118987 
0.5045286470468384 
