0.5091434052245176 -0.21528174333166536 1.1719746915005804 -0.30500016624033627 1.2306177954789421 0.6505400278856307 0.5063579373327358 0.672760941257923 1.5058908528552077 1.5149150132842117 -1.4437609080605323 -0.10306939011525791 0.969515586285383 -1.1298947660116803 -1.5311824193289065 -1.5512637642879015 -0.6223333774293324 -0.8821979972488848 -0.6400681801696876 0.3152471374789077 0.9492876756744237 0.31995422639818716 0.5031953933699094 0.13293452868526875 0.10923590607465251 1.1708409775963986 -0.5040799848090521 1.5248374211929154 -0.9396528483755441 -0.7035459714267107 -0.006709023382912081 0.950759957647238 
1.565148889691367 1.493139358435567 0.540158096876104 0.5870411015658212 -1.426677656753125 0.046290327537503013 -0.8711371703781253 0.526205231219057 -1.5302070781950317 -1.5261392277005283 -0.6461908162816623 0.6586805349709864 0.7101905302580912 -1.4802436910343106 -0.4205612094186961 0.3283490391976437 
0.32662273770575423 -0.27016916933636087 1.041661503291063 0.5462753904840594 -1.3607401494135873 -1.241463788713674 -0.9115331749446456 1.4413772082125378 
-1.0290515927881208 -0.609361422682173 1.114361012795603 -1.4138567969737612 
-0.9676630788017985 0.25843670265414004 
-1.0283332531044678 
0.6411173540924133 0.6658977461011604 0.6672437797299635 0.3425545472166586 0.5441161557488678 0.7804111574860331 0.5208307561538835 0.37048773627366804 0.12875317452495885 1.3977372485209807 0.25040299302317237 0.30911939856762005 0.25232263393427307 0.9393243495354472 0.14818786233328166 0.9823928673934227 1.0831549699535 0.3757436257286266 2.672754997706727 0.06729882017772809 0.7583543391100532 0.19665469403700978 0.46881006086371013 0.38224824551038805 0.7927878100444418 0.2999224790372158 0.7808419864726398 0.32269357886275324 0.14721172409287367 0.3853284848305109 0.2662884005513404 0.4329353225221603 
0.7018411680236911 0.7619887866801099 0.3680158592109618 0.6786886020107817 0.7040679618583959 0.3043527630569373 0.13019126211900064 2.4097372698675854 0.7254090853645255 0.6970994305600446 0.19617886411168148 1.7301798612465829 0.8428509330469024 0.4947841836411672 0.5874201156884665 0.2357404324685036 
0.6427487286645948 0.6444077258438491 0.3050551026913041 0.594453304148348 0.6535050013863134 0.33937691237279705 0.7163764655626426 0.40955079782667486 
0.07827705160357096 0.7806377881457711 1.2262655858571243 0.10003261349261688 
0.3935698490569023 0.7773089798305793 
0.2637900968753727 
