-1.3849931496122252 -0.313548912148364 1.273277889253385 0.24429927502325277 1.5171167482198062 1.450199046520873 -1.3179146639183734 -0.9061516613212073 -0.5274013758296198 0.7561930857644661 0.41679937903081093 0.247810926306166 0.12928881135606235 1.3884323122654483 -1.0627640751212113 -1.4028065274036297 -0.2735871751054882 -0.19787134790249478 0.023072840084076222 -0.014440570478849751 1.0623262566363043 -0.010445153789189811 -1.1539611347483607 1.4395486825777568 0.06451795942595506 1.3537102597498831 -1.1935686423942968 -1.2230515778010582 1.3946080725130876 -1.3019986075956507 1.0195505022097324 0.03864426547065606 
0.8657270052108237 0.05857601931890418 0.06697298334912397 -0.48011123059466204 1.5401284096739927 1.5627990522013913 1.5525489656840006 0.0013088767532223667 -0.8159794619777231 -0.0012021980485205567 -1.5668178162972046 -1.5597444412753318 1.415107636436728 0.9936542745978311 0.006770926279746863 1.5013694301383897 
1.552178940568841 -1.5002595488180541 0.0406016726309023 0.003735826368426307 -0.12245011082481254 -1.5630789158609377 -0.6032279845613716 0.8497635695531023 
1.5606378529754334 -0.7495619152474178 0.018288523717474466 0.598407149197292 
-1.5394596063283523 0.03258314877092461 
0.1142231695222181 
0.7394242729000998 0.3839309047173781 1.4063708955571057 0.13431316154954415 1.8716772235205181 0.6716521160728561 1.6457007153861076 0.25659303658127336 0.3128581522461873 1.823872448657599 0.31290873641032835 1.8197798550400852 0.4772868299871016 1.801929442977557 0.9939298552372073 0.4101978659035477 2.219570902299541 0.5027074179330991 1.55548912192386 0.12257536922794421 0.25873062176597533 1.9262471503203509 0.6553951124092395 2.3144481151813348 2.201179531439918 0.0037539615296247656 6.912452862526609 0.04289458157286982 1.8652834748370033 0.26106366125397207 0.1924919627702579 2.303141338436224 
0.6214974246847487 0.9149278419388593 0.6022762893449038 1.155522559391382 0.5107888476890247 0.895613660146499 0.39091467778392225 1.8093091330936528 0.0034844109579766766 6.904376183302719 1.9049811828778778 0.19963526733670586 1.0347421307516103 0.7403298563267198 0.17886670103283311 1.863484798405734 
7.687945993401967e-05 10.086795287555624 1.310759276811734 0.40548306255792727 1.3188359558702696 0.5829095421281906 0.33653604868506354 1.6978712066450612 
0.7812148197987949 1.2182345364106235 0.6220550068231194 0.8295805632935477 
1.9228197830960077 0.43355221826319756 
1.294831226464502 
