0.7333784174200952 0.7118464101021433 0.7692074074636737 0.8209768179742263 -1.1526580304131906 -1.1337386799589528 -1.327578966313334 -1.344403825298476 0.6142224801812105 -0.34196242033393576 -0.4146390782710262 -0.8646561926467848 1.4320387304346271 0.3736731345724766 0.3641417451267779 1.0535720874520735 -0.04220122891149886 -1.4511111542724175 1.276800926482594 -0.00019213005986127579 1.373426681292444 0.586101008550477 0.8677627378498695 0.09197030739168031 1.5112452467257478 -0.7730086488640469 0.12074859383942046 -0.585920973579346 -0.03851794238820196 0.05850438832678786 -0.8800686918671125 -0.31461741037983526 
-0.8612354597678958 -0.9000023970282431 -0.3622672202124092 0.04006897727138606 0.3244289085568467 0.33051980967814404 -0.2921809905330914 -0.300747296356097 -0.7237428368600379 1.5366220782156685 -1.5211744225766195 1.5239093620013922 1.507311364355784 1.5406479895510163 -0.045702986750000056 0.52601858916041 
-1.470244174341401 -0.004390218943884975 0.2197104485605052 -0.11236619659903074 -0.21299713752852736 -0.4371950010620461 0.011953475611619335 -1.5339066713167533 
-0.13767014831157032 -1.569193094929502 0.3533997838619503 -1.5421833970038614 
1.557495953564596 -0.0006076161393207275 
0.07511888833499554 
1.108781468371013 0.21488541149135734 0.17650096602644266 1.4081253877388695 0.42928068873101044 0.577184721043525 0.5113665654218816 0.47942852790304197 0.3160644028098418 0.7816443548429528 0.7838225836648862 0.32634127926446926 0.2830029006469344 0.8832583600689105 0.7242969802246383 0.34862497451008473 0.5528564862090494 0.46107411006536375 0.6598273033305497 0.3810846588124985 0.5327318241098634 0.4757487169580843 0.5883266824333684 0.4206925789760145 0.3858913855362947 0.6298959790024454 0.6795521773661878 0.3578938594190784 0.5470755771673328 0.44300047924922337 1.9713917060548858 0.12678393493116558 
0.6033961206443936 0.4152743398209891 0.7882445508240981 0.3181531579731383 0.5520490888151013 0.45411039453324586 0.31163060913848656 0.8097875246835815 0.5004648183408966 0.49099915519268655 0.5226860093996957 0.4787028214390869 0.3094556932293599 0.7849549521709083 0.6258370672197061 0.39393988865301455 
0.600602846489231 0.41444339979864797 0.6218601933759677 0.39133042270318436 0.5504953016003867 0.4572139824758408 0.2508499956772109 0.9748311745040956 
1.7064836539046704 0.14586869583774797 0.04005615261705038 6.041284366777198 
1.4324669487991593 0.14401734048016304 
0.5060048684575883 
0.0220196308381332 -0.01639251474053543 -0.027260742769253724 0.03633171877132672 -0.016514935710433862 0.004405073338024486 -0.0446471948854093 -0.04865003509221051 -0.0042331360798414435 0.0013567021306807139 0.004580020206178593 0.0016583174310592734 -0.002615302996752223 -0.0010076791442890551 0.005510058970474402 0.0013606687897210154 -0.0004650562041016522 -0.0008220378130632039 -0.0009594286006548343 -0.0018538177059008406 -0.0010457845202995687 -0.0011607289731110062 -0.0006425882831245875 -0.0012910198247856148 -0.009972802775724302 -0.009066510903610046 -0.02032895668221084 -0.018825168251648372 -0.038250722970881994 -0.03909144983665724 -0.0013007861321431052 -0.014161230409574814 
0.027267182706116676 0.012722563421703385 0.006870040431611637 -0.0910343940906126 -0.002593156587618431 0.0058454708230878125 -0.0031916217136445236 0.00906027159057125 -0.001389414113587498 -0.0028421859392303624 -0.002181449317446256 -0.0019495863883519148 -0.018848269057150407 -0.037229441178436976 -0.07590457586947784 -0.010077663176443144 
0.04211927974116212 -0.07463250058925616 0.002939914118605325 0.00715942584521681 -0.004231453752861872 -0.004133237903520812 -0.03484462024065998 -0.0828423497370218 
-0.011878065439598655 0.0118895742374541 -0.008413846215719839 -0.10622181087791377 
0.06302389932669988 -0.10923358928076829 
-0.02984257404774182 
