0.6102859258382592 0.047581877737262225 0.38841948799334847 0.41350037408700857 0.3974756309780705 0.4114993974334739 0.3883400904482656 0.4017413778437264 -0.8306619648735873 -0.67783209913336 -0.7842631035054346 -0.6255275723875099 -1.002122547243585 -0.9792774785299319 -1.0033929522137084 -0.9812959799345229 0.47776409097914496 0.4721446238303364 0.19618792414768427 0.2938252678340822 0.21670775337750356 0.27631840058124796 0.2613235142235002 0.3152667622202461 1.3545757479650578 1.4656531843608318 1.4479623766016312 -1.5136139744623969 -0.5589657736110316 0.054746972642537244 -0.3107428072427596 0.06568896808914083 
-0.014904410423360513 -0.25610413732515286 -0.2535817191492104 -0.24941580594280421 0.561287052898448 0.5404610645382283 0.6382944659210201 0.6392718293891494 0.1622290365733782 0.5522586670336862 0.5394124117903031 0.19562120170021732 -0.09555139212130581 0.05725780239353384 0.05165466254540007 0.03316327562824904 
0.001902537174919893 -0.0013815635728007857 0.0002133207507048129 -0.0013761357885702819 0.18768431270952957 0.31621761774376844 0.004139885958096435 -0.000799880325242988 
-8.807110587078578e-05 0.0023189471156442125 -0.0025638809828124076 0.002142966740126693 
1.4333690798804402 -0.008326752863226412 
-1.2750339153987944 
0.7878062075553873 0.30809007350167855 0.6001251043757097 0.4214497499201368 0.5740585288141874 0.4210700039333665 0.5985669110524903 0.41101404951271914 0.5353680691977394 0.47464765536879056 0.5583649325609972 0.46245764878496864 0.40837138685663216 0.5932183568085477 0.41210523266211024 0.5918676131614715 0.6236031110257366 0.4033251426125366 0.5906722387310607 0.4230522564667281 0.6174595544118016 0.40622136942297 0.6215924080685727 0.416136739240887 0.8490357404909169 0.2890852048779261 0.8658716037671174 0.29728019847862447 0.6472251170803774 0.3780884036871691 0.6657694704182838 0.3855795466036026 
0.524465569109909 0.4744992326379625 0.5078714232988858 0.4895028993387315 0.5155486546308503 0.47421672280179206 0.4915348105347334 0.4953869879489577 0.4741603648591786 0.5179434135925316 0.5138652919372061 0.4983005331145205 0.5697412951424518 0.4285912136026353 0.5027015110954348 0.48587760370568983 
0.5177462253997094 0.475878411498714 0.27774292611275464 0.880992234293113 0.5621450200244736 0.4476453226307174 1.4237399221999183 0.17573710936080253 
0.3339810704141021 0.7272470244861995 0.21508548939689753 1.1698718796107215 
1.013228087743008 0.24355085759662692 
0.5045286470468384 
