0.007316364945672803 0.0084572726486297 0.007656273523358639 0.008687982766026791 0.007346308600578954 0.008240884535807975 0.007538439452309156 0.008257476181492638 0.00754489256944744 0.008274618573476245 0.007501397399483649 0.008414968388495519 0.007415330745961362 0.008319082125508399 0.007488184072288342 0.008679607385666711 -0.007666965912198865 -0.007307705727882921 -0.007403883127566688 -0.007344903749910363 -0.007672068906267725 -0.0073434751128036106 -0.007420515847475306 -0.007254485740218624 -0.006381419711289515 -0.006350056604602629 -0.006434459003243656 -0.006422074504300486 -0.006326853646464252 -0.0062607101212665 -0.006545584810408928 -0.0063522382604343135 
0.04550995101467181 0.04710653250891948 0.045152435911054334 0.04572515209948347 0.0448090174431426 0.04509599515451526 0.04453231219194122 0.04573690616313773 -0.04902290844868797 -0.04835418278661699 -0.049160302229958965 -0.04808222277787657 -0.04111249159073609 -0.04152800568949064 -0.0405788263388119 -0.0415630102447555 
0.05960796880132595 0.058512015718208875 0.05787850973805273 0.05811564472758428 -0.0628903286128554 -0.06280228013112547 -0.05343746154926851 -0.053115572167699965 
0.08490387072075974 0.08336383299912378 -0.0908580212182272 -0.07696338879500073 
0.12944994247041994 -0.13041431861754108 
-0.0007223279917829822 
0.5295425282771935 0.46980754679931824 0.5302465194977407 0.4613512335686545 0.5330711514426488 0.46016109056075266 0.5362357015086937 0.4521286877811932 0.5435634494656518 0.4570778669377914 0.5356040872210307 0.4599303551142028 0.5411943453615112 0.4646670683327178 0.5301803344392445 0.4688938554838817 0.5446444499171231 0.4568246695025468 0.5348951200783516 0.46624785632801213 0.5411007536110315 0.45554477741341304 0.5365044755118008 0.4613335001446734 0.5294728050561429 0.45860770635122516 0.5286756307228254 0.4589623815560524 0.5403697098940909 0.46686588982992594 0.5407760707467051 0.4578454747923636 
0.4925742050444934 0.5086781894084161 0.5031668285182733 0.5097673011567309 0.4941325658664764 0.4961230605413037 0.4948092639734572 0.50577673089314 0.5102543254717099 0.5032310052875886 0.5014942279288308 0.4916398066803611 0.4928407444930074 0.4968847892345955 0.49063681606066367 0.5011456390381601 
0.5015321168812824 0.49328187831007286 0.49812617514446444 0.4995646842896995 0.49346190530526934 0.49321185661863404 0.4919948793815225 0.4911461736176315 
0.49141501980155156 0.49910566218291846 0.5090878904765739 0.4894067133614664 
0.4955275951478001 0.5045973115390953 
0.49954088195350166 
