0.47312752094818483 0.08351038852787879 0.4734449898029763 -0.21393822501577828 0.6251208616745424 0.5339958853337797 0.6268027607081926 0.71773152867187 1.49082006181619 -1.5288430503521842 -1.1879150863903765 -0.05497587940563742 0.9805172384958689 -1.2034587236274745 -0.49959871937186495 1.2168683965877203 -0.6338294457562997 -0.8910745884744717 -0.6370068408230665 -1.2895240774029726 1.033778496612451 0.3673090887575755 0.4786496130487027 -0.004953651449315055 -0.5055661090716626 1.1897648578614664 -0.5749661008406058 -1.541642671862111 -0.976783162281558 -0.78979958100987 0.12850640953572134 0.9280353174584965 
-0.9446105194935648 -0.9489094042498355 1.4853615131562694 1.4924159574968319 -0.9491350776228694 0.3035189777252007 -0.6446786873315892 0.9609416578950911 -1.4065381365029308 -1.4032432400730241 -0.8089752776685564 0.593329324194252 0.8931793291130243 1.3707577860542395 -0.6577227764556323 0.35006145514866643 
0.6770496298863761 0.04169327970194341 0.7391566505036471 0.0012148426513680997 1.4954527128801776 -1.5527531413924816 -0.9557586407049689 1.2805393082511214 
1.4657811446571187 0.01985549056059418 1.5312658139995547 -1.486681748562816 
-1.378108042501596 0.003861346935777446 
-1.0662567295588083 
1.351275307392336 0.3153343424871194 1.0012514877802439 0.22779362808910458 1.1702174716979579 0.3619872420174174 0.8060238314928074 0.23775463499323854 0.20409924627088724 0.8805139816629264 0.2619855913950661 0.29507357477903157 0.19589079384027244 1.2098478046030476 0.40290781202699855 0.06880143099322134 1.0425204649698738 0.38866805639950136 0.7381854394462548 0.23843008869533577 0.9469096869693883 0.15748758799636528 1.349386685694319 0.10356302315836918 0.7807669752561684 0.30452658514039127 0.7501856053652471 0.33587839839432604 0.09945548514003785 0.5703038455959735 0.2797863022443683 0.4120472823474833 
0.7745178715274603 0.6904806311184466 0.3981311192068668 0.6273294799560043 0.4592547910100924 0.46635231315584585 0.008366757144926825 37.392444162236515 0.6834754316109406 0.7392110390321155 0.003880146125885876 86.84309072006455 1.0511256998429452 0.3967352597891002 0.5875670074549206 0.2356761079657678 
0.6354638172898185 0.651479383833749 0.07481296987116398 2.412234748111739 0.2255690262508208 0.9766635466798488 0.7099126872914651 0.41327869786376126 
0.2606991985938976 0.23091489531409207 4.749334129504362 0.025796932073964784 
0.4823520187356819 0.6268816695918681 
0.2637900968753727 
