-1.3849995097225283 -0.31365438753752245 1.2724396624868626 0.24426052485411304 1.499520390880757 -1.302090684864344 -1.3058290393144727 -1.0938722753287662 -0.4534011189638236 0.9295811738413469 0.08009463011853907 0.18015568823112574 0.0845992255540397 1.430119175583002 -1.1277052308901705 -1.4770926644768516 -0.27507793198720876 -0.1968886213440898 0.04526869913526318 -0.030983050711823404 1.0784582425265128 0.023226888130649142 -1.189348303988876 1.0551967446104091 0.31570877168958944 1.3448762271799184 -1.2345376064488391 -1.2081196094268074 1.2156610964422316 -1.251637566128532 0.7366777158327671 0.1454781280715604 
0.8660594094104599 0.0607102593929575 0.06231245445472953 -0.49223651170922605 1.5061967347801484 1.5535813215907979 1.5531154621707974 0.0012729663265491594 -0.8280756602875371 -0.014704688058068975 -1.5685340276359028 -1.5552689121113734 1.1513313889370216 0.6287747502663368 0.008403187589707364 1.4979700300463137 
1.553505022615245 -1.5043959638465803 0.0664650741192141 -0.000824114449715091 -0.10060842332787762 -1.569595564908561 -0.5566758453568369 0.8562550253812589 
1.545840214412707 -0.7365648597542231 0.01540011468664902 0.3732281044749728 
-1.5139813742301187 0.06366295781832786 
0.16278107295793878 
0.7379483031864678 0.38469881452617377 1.4199437255769234 0.1330293827935609 1.954542443910736 0.600010917806357 1.6552877118784277 0.27042404651941604 0.38693433337606686 1.6686005506022439 0.3276149970717549 1.8246443673435133 0.5262089035548156 1.6380830004521603 0.9829164473650432 0.4395463248715699 2.1660285797870342 0.5151346965916456 1.6132022083570252 0.11314750795933752 0.2655434136347761 1.9435784481693763 0.7792173676425852 1.9473830798964238 2.5848261425568393 5.9260748151162555e-08 3.9560409615265133 0.20779607853630644 1.3211460415354368 0.45866406063500303 0.30346412163985453 2.198039932270145 
0.6205513166210059 0.9163227936951611 0.5997965639872972 1.172331924601827 0.168225638123936 2.7242491640617903 0.4038004001750642 1.6464616710168156 0.03990964502674941 2.7776348603191043 1.989654730412809 0.06262293053066102 2.4471751848255443 0.3132827751865283 0.24646386516159655 1.8308096998081853 
0.003199941485209165 5.713418444173996 1.2907465456379579 0.44370253018822253 1.2197991665586028 0.6937177050034656 0.3227958465817801 1.7335676665328996 
0.7969351535578525 1.2148345755374934 0.5291872339198932 0.9384897127576126 
1.9350692543347536 0.43868453246615 
1.294831226464502 
