-1.5309496681597459 1.5310161389864947 -1.4139027730826517 -0.8438295364306355 -0.7418712828794556 -0.2463970780649338 -0.9600186869423295 0.5140483254957114 1.0377681403679642 1.002691204830767 0.6236662462329331 0.2108629694854767 -1.394040453910634 -1.4080715595447204 -0.6370678596131732 -0.6431227659750879 0.25774137378425466 0.18893432086004264 -0.1623213909880019 1.225739823452059 -0.4188987360398385 -0.49101489169027834 1.427638019525414 1.2782524498149104 -0.013137377868016954 -1.3837973320861352 -0.7839357917603205 0.7612750115595466 -0.5755776568798376 0.08838412654020293 -0.23381363560126045 0.42060206555099877 
-1.2177162826468575 -1.337928751321946 0.8079696366743501 -0.703427457432464 -0.0012140236798593878 1.5271673718445953 0.7608754701503836 -0.012444084289088015 0.07832525268512491 1.2048551344560592 -0.9855406068900746 0.011974424341920564 -0.7810519695874093 -0.3264733245661321 -0.5495121011723871 0.18221992870101641 
1.5500991293352921 0.03598751378647991 -0.0006077222350028966 1.5690992621582258 0.0006500810434072425 -1.3798882524242446 -0.8572762932509611 1.279304339819908 
0.0699312823882881 1.2196191048879668 -0.03129137007967363 0.08656722960905833 
1.2891029798525897 -0.029299407599255832 
-0.25410091457677153 
10.026292006717433 0.024071089781742057 7.49788873963626 0.03236913139244827 0.5666865820812004 0.43794169028343216 0.7370179577184003 0.3376526944611139 0.596570871263135 0.40963361650479574 0.6149451086891728 0.40348288399985766 0.4558167486117474 0.5415021491278733 0.5385296144992106 0.4648570623117241 0.9609888501131003 0.25924535973550145 0.559638422184777 0.45240178392035924 0.44984244243064125 0.5580373838069248 0.8758839987427393 0.283223034789072 0.58253609072991 0.42801725578240285 0.6736236934841155 0.3764194806872495 0.7501472157418703 0.32363680494948405 0.5354787204632875 0.4650722320239989 
0.42267762504250633 0.5923191763108482 0.3089285542471392 0.8160191596404461 5.280048369423646 0.04641696545059565 1.5330368754311638 0.15476267396485063 6.569236968745158 0.037972765709006324 1.1201657842838624 0.22122349455610632 0.47577609032941326 0.5235093195935817 0.7330398202408028 0.33423785891649693 
2.83427475422655 0.08794815343453258 0.21093782835850103 1.177176711444653 0.1826579634730963 1.363807434100558 0.19976841177187388 1.2636579091138789 
0.11301336115490306 2.099156987546482 6.108897833646997 0.04159680406222728 
0.5390792414299953 0.4490004959522458 
0.4991718776660053 
-0.020076334994336087 -0.010988168511531633 -0.026443824524817017 -0.010920458061378537 -0.0005739708118759757 -0.0008058369147239987 0.0004489911065747922 -0.0010394399524429753 -0.05657435578393966 -0.05310377077386455 0.0006401035216845264 -0.0012034468276282341 0.0671886358898038 0.1004440691595274 -0.040504501060321926 -0.017613007737113537 -0.05032508445209167 -0.08252938842575246 -0.0010127564960287026 -0.0013132578590048525 0.03524984073542743 0.027694188248711227 -0.005912062887275655 -0.005888095118044033 -0.0007369059832170565 -0.0012015315890131868 -0.0009619346442290134 -0.0019324320378086627 0.0011718010328819464 -0.0008278684414325313 -0.0008441008544526241 -0.0014872963714221564 
-0.028265964039613498 -0.033443570725867684 -0.0019548807354290237 -0.0006683992952234146 -0.10680770340015935 -0.0011814864783626757 0.18611206666993377 -0.05688402595516601 -0.12956948720070277 -0.00278309440701488 0.05879688391700232 -0.011721898801676917 -0.001857633908030486 -0.002593532571121549 0.0008835700069634731 -0.002316044828428313 
-0.033280549297517864 -0.002600847147491021 -0.10983749049538508 0.11544216319896028 -0.1261805159774031 0.04798865846494579 -0.00466786555717473 -0.0006890840463119923 
-0.03554289104750077 0.012431770272064605 -0.07345666946888606 -0.005363529876345508 
-0.045468588248817714 -0.07503213294893138 
-0.06139529208866047 
