0.37327990230958946 0.33277118862931815 1.135280360404273 1.158388932879977 0.9768228341723934 0.6944090872953126 -1.3756918035070267 1.5484563363110724 0.0442143053262898 0.21863141062810104 0.018912339945659426 0.20607164436569428 0.5648499229599647 0.23780555117632435 1.013574825906896 0.24318642889590822 -0.13205800016323208 0.017812360596527146 -0.15432118495864822 0.0156706440677696 -0.14636307739150395 0.01270230831465554 -0.1721506072769289 0.010931052798041886 -0.1275659073549504 -0.12103159430800797 -0.1327054112551615 -0.12453673768562934 -0.12755923803643493 -0.11491091350401714 -0.13119806123948155 -0.11276910395638222 
0.7987953435177382 0.008158983655118636 0.5312507113875736 -0.06781903665258227 0.00953578665034024 0.008707835160679158 0.059228920789775034 0.001608420013528311 -0.02916976010218099 -0.030180475124544165 -0.029774738466557534 -0.030928127051743543 -0.20865527886095517 -0.2675647239645101 -0.1965492495309263 -0.20153005476805338 
0.6799038123489608 0.0016821480761738674 0.0004689819759501866 8.581579125540467e-05 0.0006648973275817414 0.0006555212229009486 -0.24227461868159897 -0.16999408940892405 
0.8974321743422999 -0.004706536681340456 5.119941493566678e-05 -0.26985419212550493 
0.4072666611648478 -0.0016799871262005953 
0.028843835834424295 
0.23723767662907377 0.8872927164900293 0.5543763105507558 0.38220999953470114 0.6896236954486398 0.31847093555184236 0.7068769644206752 0.23675457179984002 0.7237160808739953 0.3063418085614767 0.7376166487306548 0.29979908562505786 0.683096576467323 0.3118142319544693 0.8648643754538707 0.26219022456162183 0.635713721284355 0.3530273330540973 0.6591146851916352 0.3433846131945198 0.6514447674632613 0.3473564709296577 0.6750557076310467 0.3359966499731984 1.1319238564064322 0.20587416706302825 1.149555116769818 0.2081463887248071 1.1363118641968402 0.20527553464093853 1.1601354760570313 0.19931238136149307 
0.713341129027515 0.3526165732810696 0.2594101206178626 0.9832823969600644 0.5005771097338467 0.49740149809026996 0.4324621610970725 0.5762387960746842 0.49163095174645477 0.5094946636975957 0.4970744485481651 0.5101454876228984 0.47929408642650295 0.5195404374446791 0.49793748896443674 0.5082580080023084 
0.8189096598101154 0.30629839764282896 0.5092036930609127 0.4999569136092364 0.4971657847981416 0.4994306577356416 0.5161630653703666 0.4892069505239743 
1.5578492594641762 0.15482737491712853 1.493938715996072 0.1663936806065337 
2.569707150342352 0.09495084767358472 
0.5094800455701163 
