0.4762082719870984 -0.09786891853716802 0.481290596736387 -0.29593053866646346 0.8151528885165538 0.5453823033169425 0.6439723346004436 0.6194886277850137 1.497147659034361 -1.5388694234341231 -1.2399086676309494 -0.05920472511225743 0.980529952709909 -1.2041842386053039 -0.4855565636551815 1.3251841162835858 -0.644586363293062 -1.004308271057552 -0.6462753457870155 -1.5599083698812817 1.0314076170304503 0.3672991959097186 0.47174094182247067 0.36501742827089323 -0.47123014869593594 1.1885822302063 -0.5694989034505415 -1.546259351730976 -0.9743904006639224 -0.7829589719485168 0.1159554164685977 0.928691532567666 
-0.9419385974311435 -0.9437593900723044 1.4066620232515 1.4338618680115356 -0.9970563411341686 0.28642007076693576 -0.6461217770633533 0.9355707244167877 -1.3969542618557083 -1.4048156929194469 -0.8086007146701779 0.5958154844825782 0.8432988422643931 1.4126874110412664 -0.6379124827372666 0.3445934737811669 
0.6752018994015323 0.07674677941840953 0.6691593450091808 0.0016419464545329276 1.496426286405913 -1.554844020181314 -0.9470357019566588 1.2933125689811988 
1.4756557068023712 0.017277567970107155 1.5335912597298273 -1.4775915480667254 
-1.3594702657039068 0.0011884335540546752 
-1.1167001838971593 
1.197510157170158 0.35605879660788586 0.9596874901798034 0.23786435776366022 1.0971497086099526 0.38614145436282055 0.8372069480751579 0.22901105593689172 0.1938136168743972 0.927252012816693 0.23979083958180794 0.32239333525594605 0.19631636744614858 1.207225121676716 0.4366653923406131 0.07380062464214145 1.0267023149802257 0.39484669407782663 0.763477475003897 0.23081040750746357 0.9454683506453107 0.15772767410412655 1.4151750643660441 0.10231807788695758 0.7545061656589948 0.31512692823654376 0.7513257838054094 0.33536868940922665 0.10088046337787802 0.562248382009909 0.2757094885086085 0.41814035333669825 
0.7436963051453083 0.7190998286974682 0.39244501296451983 0.6364198994484714 0.44784058595126863 0.4782395845082105 0.008918609080396675 35.07925073865571 0.622051626855311 0.8122260521258584 0.005223520446302069 64.52605829550834 1.0332127272820433 0.4036139199778233 0.5905978924631785 0.23446666827257273 
0.5035141004827038 0.8223774642760194 0.056056284372793426 3.220143530197343 0.2235058054444043 0.9867547329772722 0.7080773377551098 0.41434998303948856 
0.23834745762882018 0.2527762307302156 4.545073985784753 0.026957773507783354 
0.48374234009348416 0.6252092318730358 
0.2637900968753727 
