0.01879427260187174 0.004111181356624209 0.01837089853686523 0.0040918081855285384 0.01853275726317612 0.0039713498078873186 0.01788431127236549 0.0039835400904319005 0.015255924413686896 0.0034741725178448887 0.014842483554967796 0.0033774727082636915 0.015358817795743508 0.00341199678746122 0.015788389620909657 0.003487279250842505 -0.013426068322199837 -0.0013025379284742188 -0.014271503418931129 -0.0013186103943501172 -0.01379459442488356 -0.001306998051735561 -0.014465625589926128 -0.001309450601260325 -0.014276366059591192 -0.001569415414592077 -0.01515867552113314 -0.001580461908823945 -0.014101710367585538 -0.0015686318655226176 -0.01436996620300525 -0.0015427016524487145 
0.04787615186596216 0.04725825532475262 0.046540594106818794 0.045849340765240595 0.03815824226945753 0.03704160416677729 0.03800438084326924 0.039044284229809025 -0.03554258344809768 -0.036762230413345184 -0.035903223151555946 -0.03671684281710709 -0.039846025497408885 -0.04105977163915621 -0.03985851031431263 -0.03986990513557606 
0.06328791063835416 0.06151763320315205 0.05038039835775965 0.051608960242525204 -0.048602246769441845 -0.04881719692775002 -0.054177296797415474 -0.05338333081553684 
0.09421790533399485 0.07752070034542241 -0.07428373101995037 -0.0816526655494512 
0.14256855788280076 -0.12914941509825675 
0.02794802459961574 
0.6291026718078974 0.3712358188023238 0.6368223490812694 0.38188109899930056 0.6363969979703783 0.36838913699936643 0.6370112447915915 0.3821307175853478 0.6326312493799416 0.38167957043912526 0.6311426770427212 0.3803170671377459 0.6256171841539911 0.36931834658101365 0.6477036118960554 0.3801753011016998 0.6318437050808633 0.38166702384724605 0.6486864122157908 0.3764443157585279 0.6388593369135864 0.38107779813614495 0.6529593251838957 0.3748594360714153 0.6232385387911888 0.38571784125128916 0.6468927637358954 0.38182816720419355 0.6228928902291021 0.3862710475200898 0.6304156613127104 0.37851020085215276 
0.5066645343685134 0.49986027738975575 0.510343583932623 0.5009381574628876 0.5048715906848664 0.4931707929475114 0.4937239519787945 0.5048114342621371 0.4905271831722736 0.5106473345742872 0.4962802287802648 0.5109676951616794 0.4899491486297058 0.5082445445244343 0.5016052851191879 0.5045424626920249 
0.5065801917004393 0.49960216550910086 0.5005428588727822 0.5088004002058997 0.49463715680975284 0.5019895934889478 0.5089153150286498 0.4961771651280449 
0.5114954061473752 0.48643313894704016 0.504578794585378 0.4941751935529486 
0.5124266024937973 0.48704940923013634 
0.5094800455701163 
