0.16034429419440668 0.08494124878875815 0.17137350822130562 0.08764670254639995 0.14912127802039188 0.08116020589357299 0.15439755007770048 0.08109469840338894 0.0904408638873568 0.10526720383690476 0.0899659113077703 0.10778161912081596 0.09265940261824859 0.09892585693912898 0.09192198889772751 0.10417287750649165 -0.5130596651346637 -0.3167750683143197 -0.7137728229483506 -0.44668351081939517 -0.8861032305774396 -0.608868775486452 -1.3131292142483593 -0.8995700693049096 -0.1266614466211899 -0.0784744320679841 -0.12699428335956006 -0.1002651322802581 -0.11666167891853388 0.023744738244901826 -0.12151503520320832 0.017101904583923543 
0.23879265732039595 0.26980130657791607 0.21313116393558137 0.22324534516163588 -0.006069767526200712 -0.006077625683272259 -0.006406242431459404 -0.006103551747454569 -0.746939333761156 -0.02445039144531546 -0.566035663201675 0.1118703227516633 0.03786022520302737 0.03459901588695415 0.03836575847197661 0.03766468852651894 
0.20670891551700069 0.12360918341047751 0.00048604696400153134 -0.0007602823865394736 -0.695718452829964 -0.34185294414280004 0.005517108627558386 -0.004936051512414781 
0.17183675924208078 0.002788480782083995 -0.5913450098166286 -0.007813201171955142 
-0.006317450938694985 -0.7931004392422757 
-0.052203640737955984 
0.5347265962023505 0.44713568422599925 0.5271543632203702 0.4447787834724878 0.5396368044637723 0.4360713686742089 0.5388020207258158 0.4311033822707858 0.46162029738854615 0.49134694871447465 0.4538522747338997 0.49482086238363376 0.47674415197174785 0.4897561261710263 0.46306426776314635 0.49717633457391947 0.592243136792964 0.3807390168480269 0.6391445906208236 0.3446598493408589 0.3317681855463421 0.6143029554367518 0.5956407794073825 0.3066004800876243 0.5376067235686858 0.37513311985644565 0.5237505682150706 0.38400091252681273 0.5729814204314495 0.377467100054283 0.5741563144165405 0.3661174027501786 
0.4843449189242217 0.5173198506791651 0.5002254233930657 0.5127641990326366 0.49419651673662046 0.49605756021202013 0.4964773555480913 0.5040742894896 0.7557270919300876 0.33966179498437005 0.738650717193306 0.3315990795561006 0.49179804090968676 0.49793392094400807 0.4914294042220908 0.5003351489389039 
0.5076688711643371 0.4873094967344758 0.5223260359144695 0.4763938679028388 0.3232955061916116 0.7519443634890965 0.4674524316611416 0.5167786626460679 
0.30724412862521205 0.7974902624802788 1.4308203969653124 0.17132057456881675 
0.16007036110057865 1.5402572106675412 
0.49954088195350166 
