-0.7636127908551995 0.7519160075818926 -1.5498612531391092 0.0492837897600948 -1.2520174964320612 1.1143449288068352 -0.7179660473388577 0.9625359444927476 -0.7051983339690748 0.47653541468315774 -0.5221224953563891 0.350156731518336 0.31450149306249764 -0.4812246810433731 -0.600668497545182 -0.6065559220783435 -1.0182065624450904 -0.7522138303476144 -1.0240940905161 -0.7544003642153208 1.1059941523959143 -0.7524276533591215 -0.416047596585568 -0.6695898839659042 1.081833576791068 0.09230865347754934 -0.35581303066760317 0.5242009143847269 -0.8161516528287044 -0.8747731526800233 1.340737418044676 -0.16145385603187568 
-0.6086759748861412 0.8263182188008764 -0.65106128353998 -0.6167148300996299 -1.071609018096912 1.1844988647667658 -0.5720092465928382 -0.5369639719344883 0.9846668219274012 0.9855521524168821 -0.6079202591531176 -0.6336729672684099 -0.990002711552066 -1.1535150573457582 0.9075777368914363 0.7671170611690163 
-1.5079000631193284 0.0005339758983022298 -1.428667457265937 0.034904162824281486 0.00023285100121195204 -1.55204850883968 0.10810935606116007 -0.07432484890863178 
0.062234430170878076 1.3020857733687055 -0.01240937896314647 -1.2066602768628831 
1.0190238380590748 1.5523246282692444 
1.5407497026473536 
0.31529746246455104 1.8103549573093622 0.12681593479234485 2.268590132930666 0.22137999998226535 3.219571408279947 0.31814891216860886 3.019713088778298 0.5435170804107267 1.3932050629397235 5.616869520642432 0.15244882565642287 0.3532501197345325 1.9483503465239198 0.2843466520161132 2.3246448952181344 0.21500817499188274 4.6814926838395285 0.18310476742939827 4.0177870408217595 0.2856896997776442 6.836709549519676 0.1878934133490669 3.0198212825080994 0.4714874509344682 3.113511036892903 0.20269374663132034 1.7742470211455996 0.22272553282622432 4.627709874940851 0.17869836212986215 6.467731964001132 
0.6363537431696349 1.8923519819536052 5.125884525856473 0.10419064771573289 0.06444020424642383 17.200163328875835 0.13674906687044125 4.523224180641672 1.1541407062338762 0.7673598472582178 1.4004198527496976 0.9595015862528494 1.360760618357281 0.7940285371641617 0.6902092491022154 1.6159526467416954 
0.10713099220074489 4.602322679740883 2.9802479003326976 0.26599353397562947 2.518396034213081 0.4587974670665561 0.2833401295285203 2.167459198267282 
0.37148988981575604 2.8619048768846027 3.628615425123794 0.4498353911520206 
2.3751544430184475 0.4635918574700064 
1.1237911175512458 
