-0.8394283860579651 -0.11111384733710981 -1.221593428951476 0.4951792175124495 -0.6394272325146911 -0.40021408209663895 0.3712056378248327 0.2745120783709799 -1.1135859289308805 1.1756965423856571 0.413178071519835 -0.003379254374596782 -1.456885256302088 0.452603469155739 0.6263568669286854 0.5606860368764118 -1.2013449706605164 -1.3230491398237776 -1.3255488782052078 0.4061984210204731 -1.0220234531015189 -0.41846785321970664 0.30662220883860936 1.3128397581621374 -0.4852684829712216 -0.20035471344110423 0.8294819848226839 0.7938602846041689 -0.3229245173289161 1.3888450352418757 -1.4991098818770299 1.5562626535283373 
-0.5931899124337001 0.18271073935701126 -0.11592257678931196 0.6155259486824498 1.549548349549102 1.557304920654912 0.052607224730175844 1.310481019433801 1.4379840966725956 -0.004814404177347303 -0.4710840012526259 -0.11322846639363811 0.014302716769355225 -1.1788678609289178 -1.4849875863292885 -1.505299445688687 
0.9066945708908879 -0.8372130466800058 -1.5691917729369074 0.9420961148823044 0.0054093929303730085 1.5492583736582561 -1.1207398527200425 1.5588641713912046 
-0.869747085893893 -0.6923544280049538 -1.5497559895632023 0.3066495096505256 
0.7786666284996854 1.2499623787209457 
-0.02889645415162984 
1.451012055714884 0.5487964986003614 1.6747711502132068 0.6865917650460986 0.7824781083174345 1.2622403973527252 1.095896564878569 1.5619783968349739 0.867484683069136 1.623110983551087 0.9155597293657954 1.0801581506331916 0.5685828387521864 1.4353610088997675 1.013902774644565 0.06680654262539432 1.5532585635088596 0.412595734483437 1.51032643964967 0.6384853832940516 1.2015484873382258 1.276089424481074 1.8447294588877683 0.5481492153363173 2.236791343474978 0.4325531102252483 0.16572532041103416 1.0052506224996018 1.5787224888783689 0.6623428567804839 1.0934786651845119 0.36000820737914596 
1.817305505553698 0.44078663759003395 0.48947185225432693 1.7469584832461593 0.39002357380889874 2.5635825878324727 0.23370166619195143 2.830592496335982 5.970278215874695 0.0003693777581746095 0.1535220072146692 3.3357742886256174 0.3636436493897577 1.7651672804152747 0.053379319197427784 6.570613703667193 
0.9193108223357411 0.799765727079417 0.5285766209060008 1.849771276907389 3.8040238726472886 0.2644429999084914 1.0955417261467195 0.2707189441213358 
0.05589141534043606 8.055662789947013 0.07376181557444239 0.42631968336917075 
0.3096666583631508 1.580566173320018 
0.8902966396546063 
