-0.8946349606510818 -0.6268699000082282 -0.30032813537744063 -1.4428324633245093 -1.4580413201681828 -1.4589945178432868 0.9776598520564542 0.27235057863452916 -0.8706679724838096 -0.7707294665367321 -0.9076601361072335 1.0643850923444953 -0.5300626516315405 0.7494859070996014 0.21967519623598764 1.328549168632907 0.7272467587310082 -0.30356697567013596 1.4057726354528266 0.6106905575547011 1.1874518207852403 -0.23800657757083826 0.5064771784847535 0.08282094819719213 -1.3177599866631824 -1.3733168265577689 -0.6875299652750277 -0.07139408650752245 0.38430149914202505 0.32785723876040895 1.4310911882325894 -0.6031266437427594 
-0.3034697386402806 -0.919141403155317 -0.9017435223826947 0.521708599839085 -0.625212999163313 -0.09200205051905516 -1.2131211784748033 1.532137494999636 -0.8160677825991187 0.8649875328305968 1.2106291467643702 -0.2912727779049129 -0.3911705605418345 -1.0863912274773804 -0.233831057451223 -1.566957983128956 
-0.05593587903035966 0.5923069293054877 0.24261689644440199 0.5839033683761029 0.8358981604330014 0.5681924067069987 1.4353521001906646 -0.5653889354575058 
1.4580554842236555 0.7738741575866782 1.203623037767551 -0.14343735876875474 
-1.4470798594989258 -0.9141259992387967 
-0.7745548827145707 
0.23737954843648423 0.59775546113873 0.3763651809863149 1.0035469027110164 0.1881695143013572 1.0472550261084634 0.33808406521073614 0.7688394976460073 0.6438977832513354 0.6468514478883607 0.19272553634691936 1.084209306533737 0.31895086285527163 0.2207577857950404 0.47752788858599265 0.49345526453704036 0.3801464952561618 0.31020162280326075 2.2199710124249665 0.05515001543804774 0.614872676938551 0.3991519765292381 0.44058379962589245 0.231834551583586 0.1247661239642672 0.9375245755507073 1.6621159567382853 0.08744243020625155 0.43544812215042383 0.5101330889880611 0.41575137923580263 0.35511660663830535 
0.7129976057689064 0.43817001676413336 0.6193502775171543 0.1857584415405853 0.09834063187542581 0.9563493887501409 0.4401581148966242 0.37466373346519233 0.4374839616600729 0.8719299853447664 0.19576877527962652 0.3299490099758634 0.30268399336226004 0.38692328610382354 0.3564479599828197 0.45470090838620514 
0.44751336144671083 0.7685309075451148 0.9201074382954785 0.42243316595314273 0.6878573123968058 0.24416605238135786 0.5714875987954241 0.5587884457909491 
0.3296535504798171 0.707127721254196 1.2717982292348349 0.3399350554646262 
0.17913479947930794 0.39591654146301897 
0.7329082040796147 
