0.52877786339911 0.5882206790217269 -0.3127744637074432 1.3851297215871314 -1.2493554336495405 1.548295421776933 -1.1548252817665494 1.2094400549965698 0.3182844132941475 -0.28346306782826397 -0.2773354658434927 -1.2249469225312357 -1.3511553463940935 -0.6824318754197242 1.1757502189041595 -1.4027841972958193 -0.5202709450887227 -1.4007288337501538 -0.4667249131546102 -0.3082891934618983 -0.7693533329934551 -0.29493796700162545 -1.1664559738753366 0.7109399716528938 -0.02258147271217118 0.5996815820609551 0.604174058020429 -0.24647955624936455 -0.8890508738555721 -0.579904422420296 1.3318591574094611 -1.2293909256444353 
-0.3724189904443933 -0.4153053022860596 -0.6113195543449541 -0.6726843639929688 1.0630963107659845 1.0475143381522956 1.074445418728583 -0.3408133240254818 -0.5800707614528885 -0.5837324285058638 0.9739295928368262 -0.342355125556377 1.3840614938688696 -0.08098356472164465 0.9770552106614032 -0.28529130339655717 
0.919789649820603 0.18853701476777285 -0.3602593028573241 -1.5549501161197745 1.5351322096387778 0.06728877186464888 0.06415598426002973 0.2558819253895862 
-1.241192744410904 0.1702996891718509 -1.3983716170809355 1.3651933108706327 
-1.0057400802302596 -0.18282815214648682 
1.1431686812653963 
1.3431143658532703 0.8720616496045827 0.9265893387061936 1.1795441493184908 0.7309153142286033 0.8579279636509886 1.4007245939236286 0.7899512232296182 0.9583993133513842 1.1463140504692202 1.1780219994967251 0.7498296329136724 1.3965786590242486 1.0113946161012124 0.9839676403113932 0.5928746231747248 1.2597841984889468 1.1848008336082314 1.44167031020304 0.8535683375813532 1.0787115687814826 0.9354710853543545 0.5282129659092551 1.0517613570485111 1.2364983784372692 1.3728074735353857 0.6268043664244362 0.5980737733648788 1.1564110544904487 1.420313363869369 1.0897397485999583 0.9786260232220988 
1.1488668803103521 1.4110357322199476 0.8382976283030777 0.6932965423470699 0.9615394167054625 1.245089649261999 0.6393514139644028 0.6341637625974562 1.413250043425439 0.6977925694661236 0.5636342849448236 1.3386719147897437 1.0423729069758947 1.034147279076751 0.9877902028389703 0.7677518198557446 
0.6482836881959149 0.8053380340853731 0.9237504815394318 1.2454900277866636 1.3044402168514375 0.6384565679410242 0.8219100916164792 1.3933093650683754 
0.8449059135886533 1.0115620486281776 1.33839540574814 1.162269949042057 
0.8754196357966059 1.0169177900877688 
1.3068516680909021 
