-0.01099061153617677 -0.023297288376633044 -0.011328791282841089 -0.023397695093644633 -0.011235604933063057 -0.023059634185277424 -0.011189876330166288 -0.023258244123170516 -0.010145622822574047 -0.02250335396158767 -0.009955777549142751 -0.021495385435398934 -0.010011657158862625 -0.021264216397438033 -0.009961431765286261 -0.02168415894768303 0.011135059009322431 0.027157022942040154 0.011203227112499003 0.02735610064606165 0.011151923121937368 0.026157602519163287 0.01095988364833328 0.02610287604318056 0.007322736126706581 0.021435975911617444 0.007458497656492919 0.021695395853815917 0.007161722003239753 0.021354808809998585 0.007202644630072942 0.02136343744465614 
-0.04970218949334454 -0.05044311459727585 -0.04891330382127054 -0.049408025008091785 -0.030055526041326653 -0.027327437841327185 -0.025174433135597037 -0.02624739083673776 0.06011454075678988 0.06071878605195233 0.05586491755833217 0.05545850620746258 0.017434536324617028 0.017899031988264293 0.0163071386176213 0.01630079328453084 
-0.09788555220023054 -0.09608996366478124 -0.05452117053910357 -0.04861064750613858 0.11274101499067536 0.10370605089335125 0.025756340150235167 0.023489985963885133 
-0.1911553575199164 -0.09220426279362881 0.1987178721797849 0.022083921154581368 
-0.28637604608257394 0.2072846115113453 
0.4015994296762326 
0.4982393249942727 0.5069920966807524 0.4983524205480044 0.4944806908695149 0.5032127478975622 0.49640624107428694 0.4954593546682276 0.49472993754366906 0.4927690897078909 0.5004397182169618 0.5014333895253361 0.49630939903066523 0.5099873301403306 0.4959304648666029 0.5098841378549405 0.5077088634849389 0.49221993371195194 0.5085794343888469 0.4926215876121086 0.5096323290870937 0.5051523174840905 0.5016018757608964 0.5029014237496685 0.5066878218698277 0.4993693773350402 0.49897654676531494 0.5040892055030847 0.5008457927667502 0.4995179790880774 0.5060219698608678 0.5031751834633592 0.5071608583746354 
0.49175482232539813 0.49978720138244764 0.502089460141336 0.5031129438239176 0.5080182233057304 0.4929835604528555 0.49967489956571737 0.5029457182306153 0.5049399467760743 0.5080195814905917 0.4963231399790908 0.49189566164730314 0.493787017575279 0.5006551398733586 0.49389089809208164 0.49528618273691516 
0.5027155153664865 0.5023915141710843 0.5090764218549724 0.503577855653692 0.49862327941215595 0.4912226320270892 0.5084902677424992 0.5023265110267474 
0.4983101985768803 0.5051806378018819 0.5071639608572192 0.49074867144178164 
0.5005926240408778 0.506011065395879 
0.5095898077164893 
