0.15216265945826166 0.0813834320065827 0.16064506425809133 0.08354949697240467 0.14328077583597112 0.07751366331747224 0.14750268051119045 0.07730349503145838 0.10831993527997424 0.027195793651499368 0.10785342939250538 0.027443087533676015 0.10918894660591935 0.02926617705685118 0.1085007044672834 0.029812533922701043 -0.7553442572149335 -0.5897418560019612 -1.0627655750298954 -0.9013308149841615 1.541535669763031 -1.0721426991228125 1.4795418035074948 -1.4500647616900464 -0.06857432319794088 -0.053532112610370226 -0.07027510195381571 -0.07287600480489152 -0.05270917573501463 0.030839338898372377 -0.057757766036237536 0.025548237398114154 
0.2660494198295975 0.3028650805441292 0.23760816364969806 0.24915615446966002 -0.007714459878212404 -0.007648463542520975 -0.008089026489429775 -0.00794938005287948 -0.36108465032281695 0.20045926885634321 -0.30769919286546105 0.016571615738440175 1.469343072566995e-05 -0.0001783618867255323 0.0007521440889852451 0.0006278876066008532 
0.22905456792117207 0.12810414492628303 -0.0003860842208661511 -0.0004993514739387259 -1.1907011554385472 0.0009179568671853027 -0.0003378508390628913 -0.00044874406872281655 
0.18186650643871008 0.00048308915164443656 -0.6100658966541875 -0.0010355856372363703 
0.0020516101995603072 -0.7146774832791093 
0.23555753352385086 
0.5674802781960087 0.42128048952828817 0.5553562888115043 0.42214149327510914 0.580653012886218 0.4052121027390912 0.5783581850910889 0.4015612214830817 0.27183656153409225 0.8151894382882151 0.2662276267615443 0.8238410163836417 0.2969946970645013 0.771621870290122 0.28576882532227105 0.7900966817285472 0.2933973697721602 0.5610037748017472 0.5461902956400314 0.23599916313442676 2.788585653080402 0.056700102131809406 0.35094564189213096 0.19145612190891373 0.4090006196624771 0.47916568463560427 0.39724515852774406 0.4914782449521722 0.42387337498026323 0.49369568513272916 0.4196149439565806 0.4837602443198772 
0.48218922450458435 0.5196325866062605 0.4994462006850048 0.5135641978358652 0.4927528885947159 0.4975104556323886 0.49395344794030915 0.5066486490082526 0.5730281862024439 0.4349005656517243 0.30737592887535375 0.7876534437626419 0.4909430766233241 0.49879888677990825 0.4930343412411692 0.49870595424073066 
0.5121178273708505 0.4830758795462013 0.5276985581375495 0.4715398975804297 1.272916428560182 0.18451312099440081 0.4658626629524299 0.5185371092075081 
0.1684683079288281 1.4530649591771918 1.7631312880191727 0.12979571914275187 
0.09593153987310811 2.367832736015518 
0.49954088195350166 
