-0.7818522087094149 0.7330628539697532 -1.5632659933948958 0.0030444902628897637 -1.3560117620399397 1.1197318321700114 -0.6785441970910435 0.7630855111430804 -0.6447176440772024 0.44190758025377985 -0.5472370589177941 0.4156176295764756 0.39017066315296073 -0.37422699592104325 -0.6108724863838998 -0.6066017243623316 -1.1246013591974062 -0.8312130270101313 -1.1127070112587107 -0.8191294352382197 1.1369768244787373 -0.6692911993266529 -0.230363526142883 -0.5835283565608127 1.143864804430942 0.20882680438065146 -0.352255171143518 0.4909933443910133 -0.6929679317292935 -1.2480930774221934 1.1928621367322747 0.22137430318640988 
-0.590604122682157 0.8060380182469978 -0.6570621477049932 -0.6859070546314399 -1.0711986722339981 1.1928036823058292 -0.6274070478430478 -0.5269057218799731 1.017548518746561 1.0157200234592945 -0.8320405558095466 -0.8558439688945576 -1.0481497230315353 -1.1057713696148912 0.6692320541849712 0.5893496957756861 
-1.4758041917678908 0.026787840913997538 -1.4359917336357373 0.044049442954334654 0.003466020999001442 -1.3102027457004708 0.051107730308556164 -0.05332917273015662 
0.038280487779539005 1.2748673430911284 -0.000962465286696048 -0.9800915861429349 
1.0495474046063247 1.4578190176509038 
1.568987091150095 
0.33514761249548264 1.7031318862480729 0.13439063511885574 2.1407390349922575 0.20636613203332302 3.47410519030923 0.3259367357113103 2.947563370111217 0.5796006063657685 1.3064736581237717 5.689117657682986 0.15610652627690239 0.36541012490294295 1.8835167465049032 0.29326347614979276 2.259790900329126 0.18659274584282962 5.51890151178566 0.15906391154514743 4.688801123348063 0.24744298226617514 7.896348710423283 0.15399674065763302 3.685998333456128 0.5758650020331577 2.5491970589756088 0.25111445846879704 1.4321432673335959 0.2651032753738555 3.888052782794763 0.23864561347549787 4.846869206971492 
0.6717466849314998 1.7926496817531332 4.3813815075795475 0.12189642855440908 0.10365711129320458 10.695475847974976 0.15713809820113375 3.9363472895753437 1.1617722469264085 0.7623191872710646 1.316035421822256 1.0210288487759933 1.3717806639887344 0.7876499645870662 0.7204438857907359 1.54815392609423 
0.15117767162663195 3.2615075060380483 2.8419917892364976 0.2802879288198793 2.399714125861411 0.48149049444775893 0.3506041072553667 1.7516452778258818 
0.357953645122751 2.9851219339641384 3.365078571880315 0.4851509558844959 
2.4562953767288382 0.45313553327920847 
1.1237911175512458 
