-0.7668617592086246 0.74743201553688 -1.552582299170274 0.042597386905506754 -1.2576710508115516 1.1161124548833539 -0.7097286613315141 0.9255881986737062 -0.694241617706415 0.47200447163463 -0.5306775679468404 0.35973479785263934 0.3339654842463977 -0.46304330924154424 -0.6055364953350922 -0.6058444961927602 -1.0381583328802453 -0.7655502409825949 -1.0440842724574473 -0.7684788120174155 1.1056269220337391 -0.7629924392562387 -0.3643242259891457 -0.6596162658049372 1.0897372913277057 0.15246144144920676 -0.35402832704584264 0.5129170736779501 -0.7772964362998077 -0.944932029591849 1.318487089898881 -0.03146724361674203 
-0.6076597179851176 0.8220404265210727 -0.6511737217774934 -0.6166447709630507 -1.0712268209024343 1.1929265516923657 -0.57779369409476 -0.535684128957019 0.9936343529098615 0.9933427453762521 -0.6271779363988019 -0.6583444951884284 -1.0167217155512558 -1.1378800756042295 0.8358763713587742 0.6942026055727251 
-1.503418291750664 0.0025221082817357505 -1.4277409334651592 0.03860056467777432 0.004328135700791419 -1.52239853212888 0.08301359384486012 -0.07495809190202624 
0.06257645958282702 1.2938846536015347 -0.009768367005681202 -1.1317458131642144 
1.028004243262791 1.5381687217535251 
1.5441070081939263 
0.31905636677643623 1.7890267210582462 0.1281934052714739 2.244216196521096 0.21943199088427956 3.2527308280650953 0.3192209673238664 3.0095724374968498 0.5488595982462401 1.3796442416565118 5.663966005697449 0.15264383998300735 0.35540170989681225 1.9365558055763137 0.28587387569863343 2.3137591797095753 0.20677396256035604 4.8923124556419175 0.1761099020883324 4.190037604590755 0.27502951287632604 7.102285625178707 0.18012614004147595 3.150280839069105 0.4966275537779577 2.9559062650894448 0.2142014408184795 1.6789314433141684 0.22539594675222374 4.572928858536486 0.19480816708213117 5.934611156765794 
0.6431358128810992 1.8723968099097938 4.9883310211352425 0.1070639052501218 0.07149247539522144 15.504190287200315 0.1409562572784345 4.388222108276729 1.156488000760135 0.7658023641955632 1.3800092241672082 0.9736936688088417 1.3622914698796387 0.7931363149560445 0.6883812117489742 1.6202493731222618 
0.11529017727786775 4.276639089110949 2.9500018696855417 0.2690352040098377 2.5023929128113527 0.46173192757106485 0.30431145366999923 2.0180972221226585 
0.3692244788684238 2.883067968603155 3.559919453378988 0.4585392311161616 
2.3959369723886197 0.46083487349903657 
1.1237911175512458 
