-1.3849995267106425 -0.313654624223409 1.2724381185535203 0.24426051988265693 1.499459490734683 -1.3016768197095843 -1.3058859103832035 -1.0942205711942101 -0.4533816615260957 0.9296083075628742 0.07984280614063977 0.1799817833102984 0.08457595623960978 1.4301466186155796 -1.1275948805666345 -1.4771569462843346 -0.2750820358405177 -0.19688816739154655 0.04537464785041771 -0.03099479090813421 1.0783999143908327 0.023240798146524536 -1.18935307894404 1.0551780465782994 0.31588050104493176 1.3448762270524348 -1.2345805686836762 -1.208124836896133 1.2155503262075653 -1.251608936784989 0.7364361097765938 0.1455195833680553 
0.8660597597390992 0.06071330286851428 0.06219479314832695 -0.4926582828376261 1.5061806706226808 1.5531252992818552 1.5531062994487501 0.0016404780474361638 -0.8280907324268415 -0.014711348631843348 -1.5683874292199727 -1.5552402589657626 1.1512039312137632 0.6287499586315737 0.00858808003047651 1.4976766353478685 
1.5535064787747994 -1.5043584684940527 0.06555197252322806 -0.000555710729962897 -0.1002281740710881 -1.5692824712234674 -0.5567108936962847 0.8561684033118636 
1.5459387325346612 -0.7381057382036242 0.017192154275515525 0.3730741127794237 
-1.5148795639091162 0.0658048505157603 
0.1634782073472417 
0.7379475573531702 0.3846992033361106 1.4199490369823309 0.13302888519036937 1.95535994660881 0.5997474062125446 1.6555240105601643 0.2703785762484126 0.3869340580356936 1.6686017471557737 0.3276186047285467 1.8246389872095992 0.5262112335477465 1.6380757601576748 0.9829817936759209 0.4395161477831896 2.1660136530719027 0.5151382465681115 1.6141149038805283 0.11307732684628276 0.2655642074865757 1.9434323431639435 0.7792285866993823 1.9473550434152063 2.5824820028961653 5.918941838070932e-08 3.9554840233011834 0.20782534491906535 1.3211426104661246 0.4586651909528405 0.3035306164338084 2.197579695148077 
0.6205508270171306 0.9163235166584932 0.5998210859830334 1.172284501778285 0.16821055601010632 2.7244934095069935 0.403742790080344 1.6466955738486169 0.039926097013823034 2.7764918459621706 1.9897110216437905 0.06262119042678628 2.4472501397946167 0.31327317846936803 0.24662658685555386 1.8296878755930244 
0.0032012637095190895 5.711085313425827 1.2900458930338976 0.4439535005620238 1.219985854678218 0.6936042848255637 0.3228533885895488 1.7333014517549825 
0.7971125368590893 1.2145829267598396 0.5285489753408774 0.9396168032318845 
1.9395270655970558 0.43745876228182645 
1.294831226464502 
