0.47942622884722463 -0.2392196245519416 1.383698238339651 -0.3595332981764732 1.1694259486310397 0.6779605374567125 0.3114420968656993 0.7643324090337308 1.4489379630696042 1.0386806758777964 -1.3962270648000936 -0.27838103640390793 0.9279965145440358 -1.092145407136298 -1.3974466435074275 1.1617448505695478 -1.1675405144885502 -1.1315561733547879 -0.7336578567540012 0.4498446547181661 0.8796554796619099 0.19148005208419178 0.37836207415758744 0.10447050631303453 0.2096699222311696 1.1236294841499868 -0.3779096377487649 1.5019154746450976 -0.8905074484402764 -0.7115763052176494 -0.037990478214274745 0.9940637436519502 
-1.5203359837043091 1.397330495545979 -0.054975276419873126 0.9692249557938606 1.4805170768020315 0.10430839583683013 -0.4480192515553453 0.5757686407758269 1.3485632529090354 -1.0931418669167137 -0.8461875148638307 0.3700913676961802 0.8272304631351303 -1.498751558360861 -0.12930949651400328 0.2713187593106391 
0.29882809808384936 -0.24990581447489754 1.23403033046445 1.0516451479625986 -1.0145886120093668 -0.9604168885218499 -0.8764127919186392 1.4943254693827144 
-0.7881976523273091 -0.695648889626162 0.8371278292144588 -1.3860990835269853 
-0.8862361567084956 0.5495339924096793 
-0.97967384298695 
0.6235750409678517 0.684659326290123 0.626050879810176 0.3651508618434776 0.6679567167002681 0.6359349054873711 0.7877746945417854 0.24535176999718838 0.24601463163514262 0.732797220475321 0.2954885997764718 0.2621355982506828 0.3686340989353985 0.6432564847388033 0.4223627687793523 0.3497187523018031 0.6916527250143506 0.5890591751397981 0.6619212334232694 0.27526603159982344 0.7329866641678284 0.2034943956170752 0.3749077833224664 0.48176886492243803 0.7182496455335756 0.33107921826347864 0.7517400873285471 0.33522288035378134 0.2136458307586693 0.2657109617075334 0.27280606007421526 0.4225941527733275 
0.6754398061296528 0.7917844163274745 0.32161494184187966 0.7767610006178576 0.6182641662966817 0.3466983903665406 0.42096297465568966 0.7487220013395011 0.638582796235883 0.7921856865423924 0.4987304375415161 0.6828461743585991 0.763781717127726 0.5460263399309847 0.5636398221563131 0.24571759986570554 
0.681494427529062 0.6077917750157643 0.3653744924897375 0.4965725939916822 0.6843449032281077 0.32454469535505487 0.744459256700809 0.3941055865692689 
0.21639836965225923 0.283241560584715 0.5885751247692959 0.2087408712104555 
0.49164810117004876 0.6227991445224689 
0.2637900968753727 
