0.5562149519715681 -0.32249141976272344 1.0725350339733108 -0.40679662197149835 1.2387117491648671 0.6755357199734263 0.6134198932249949 0.7046935684226711 1.4835547008012044 -1.4865455151720497 -1.214499201101021 0.08610028991691922 0.9833016287810491 -1.1980597719192718 -0.4266681522033186 1.0601152727507825 -0.6233562521853615 -1.1346043712927636 -0.6189668070800498 0.8958002915968261 1.0078453185386511 0.36723680277974863 0.4586880492008063 0.5959787241008458 -0.3021645111502219 1.1860543954983385 -0.5471936239998254 -1.5594052156030964 -0.9549256409624148 -0.7493102922270548 0.07157340457212569 0.931374087516499 
-1.4689699206066733 -1.4795813511514881 0.7885853156167494 0.8546257407894934 -1.0530752009824513 0.3885621823530811 -0.6863843673391881 0.9192683734562473 -1.3265070904268985 -1.2832041236633065 -0.8113153361614245 0.6227632160095339 0.6816165072478109 1.569950760327339 -0.5481246090527961 0.3317500499190568 
0.36135738329993916 -0.07397433781780705 0.6091929040545674 -0.0032779201464906245 1.4357283128462952 -1.5483042414992711 -0.9716302160206606 1.3492029975321727 
-1.1490842996802972 0.0012804500864836445 1.522644881085906 -1.4526587040155883 
-1.293629415779491 0.03653281364737323 
-1.1547486284263682 
0.5598679041088468 0.7625210516707014 0.5717524010902238 0.3997557421969402 0.43980717631747873 0.9654665761569685 0.24348394800040699 0.7921796729372428 0.12787102829863065 1.4057791006494593 0.19348463386730572 0.39963875739181204 0.19334463480289468 1.2257809646737412 0.25896143596936644 0.4577839715044383 1.4078685755403608 0.2884008928641245 0.6671835972094207 0.2679235025154608 0.9269703576881028 0.16087524996645725 1.2687982644264104 0.12761735972176727 0.6760371073611006 0.35170995185196047 0.7493491676216433 0.33625339186469305 0.11116780837075455 0.5102235213494501 0.26733418574570345 0.4312410197845458 
0.7376669660116115 0.7249804221105464 0.3754647430043356 0.6652231062924718 0.5959276648392484 0.35942967780508916 0.031611048875547124 9.909407280176513 0.5967033481509537 0.8470337639772092 0.017492068427927433 19.296406800563144 0.9883257161972875 0.4219459849660475 0.6047220227700917 0.2289906392914084 
0.5684712382277932 0.7285916891547974 0.10319359738092622 1.750836826112116 0.27013102979986786 0.819075343718774 0.6982964782830993 0.420153995044577 
0.053308335443368854 1.1454949282885225 2.8322962352167904 0.04327611825244667 
0.3675372370181362 0.8263037303786287 
0.2637900968753727 
