-0.8946454415333047 -0.6099541181006116 -0.3071661626087196 -1.430056488932052 -1.4705330005268573 1.4708371356141121 0.9777378454166898 0.26955694422832593 -0.8717929924797347 -0.7716741146143622 -0.925053424782345 0.8662509554743012 -0.5332663776648656 0.7497547503620372 0.21945918457685273 1.338947185915416 0.7273894404662841 -0.051292550231803284 -1.390377178113368 -1.4670649602856152 1.1869344595742455 -0.23844996418100023 0.015135514360399352 -0.04359982006893694 -1.3158829044388864 1.545586064759509 -0.7420918760980986 -0.13883836656307558 0.34656646374419353 0.10964430744594911 1.4254986064574426 -0.6008644960733899 
-0.31161618373435623 -0.9256356490303841 -0.972070957890057 0.5341456699737336 -0.6276563449111983 -0.060909903640114525 -1.2186584222036312 1.54789000151484 -0.6442001599482591 0.7825684843996175 1.208227455790199 -0.26140755614316047 -0.4376815895273826 -1.1579456490552749 -0.4096941929174456 1.560818570306236 
-0.07355395776053679 0.4901666909617739 0.32545824308984744 0.5845571419828158 0.6779614396234628 0.5373553756844154 1.4725961523357485 -0.6820090929425898 
1.40199948612987 0.9775150143320409 1.5517994638928008 -0.21389404228173436 
-1.2782400606214726 -0.8538644058964594 
-0.8195007376311816 
0.06352335584094917 2.2284814896168856 0.24850840956802583 1.5196769709841345 0.1103408948377835 1.7818172573549114 0.28752563065235487 0.9039592477796874 0.6555041826658063 0.6353922262364785 0.30719305881615944 0.6427512234163678 0.3553027680738148 0.1981198651069228 0.30287761827683357 0.777766741922289 0.006596031343672543 17.296439248904207 0.9148832907920121 0.10587757289055738 0.4764753361042575 0.5150025628014405 0.5025099197055496 0.19210845618418473 0.03542053006221392 3.2836227617769644 1.2374565560201614 0.11695707327035862 0.33383950744613394 0.6634418384405664 0.3865514340268113 0.38192087817667697 
0.7068184944628327 0.44197577196100246 1.962503322463335 0.058540209574148676 0.013723395385074019 6.8265977309790395 0.31217751474681893 0.5281365485370428 0.13367574770244692 2.7619838531963015 0.0077298483428814915 8.292318506677132 0.23056783348712234 0.5074456852201317 2.3346312238900557 0.06931320947915835 
0.35508830396150465 0.9685288145776225 6.134610298077493 0.06319310743137672 1.1010475114642129 0.1501122825155989 0.4800670865753468 0.6649507717088612 
0.158298338501614 1.4716128834390545 2.1716582294245526 0.1981844210982471 
0.0723679121068718 0.8447265160232573 
0.7329082040796147 
