-0.9725836400683312 0.9788537750645878 -0.997624139492419 -1.2824498898003498 0.14237686611980266 -0.7267308878882466 -1.2153727729746604 -0.604366006808671 1.000882260066847 -1.0793752573238469 -0.8423432334218786 -1.2863190355805012 -1.465393406896011 1.1314077108356375 -0.8914503823661757 1.050990981678988 0.9640152722845546 -0.1193648696114929 0.8898528267770497 0.32255699237565183 1.0144691788491274 0.9905211050334702 0.2530660642132828 -1.103479429873901 -0.8314752145723616 -0.663078854203416 -0.795286849850186 0.6150990044399335 1.0408055242936962 1.0478591888704856 0.043504245115330284 0.08407856357363518 
-0.38185186340178007 1.15432215263567 1.1124477894310103 1.100885251724353 0.3926262478328238 -0.9748526769974971 0.9938726931983144 0.9946268201517686 -1.319284865042493 0.39418015957158503 0.19900434151010488 -1.000810214241551 -1.1730239949949817 -1.2118314466317042 0.2409155401882834 -1.058948675368836 
0.6791642964270621 1.0347550946072026 -0.8222629172981818 -0.0025724745279827113 -1.5405841261860833 -0.033455698966349354 -0.6370618549833589 -0.6916773883806023 
0.7823714868713871 -1.448966503998841 0.9526609792152255 1.54295336714308 
0.7099701562817734 -1.5160852344809594 
-0.7243687005286034 
0.5485004832896797 1.1127156880787723 0.6791126319128464 1.4778681190728442 0.6480618371065531 0.9870742510534157 0.7793979403847099 0.9769658210820605 0.9631702198072913 1.0881853762200837 1.1972658390765862 0.6261937424816125 1.4687381179394388 1.127035986123414 0.5317047315372454 0.6417924288012322 1.2062278031872404 0.8258098796057769 1.1834268233903886 1.089732849354333 1.2994826553191534 0.5013680883058378 0.9055258357052657 0.8156403021368669 0.9277658015194457 1.1504763696075444 0.753006381026738 0.682920276944031 0.7741884658498532 0.7731500699065176 0.7234944182204847 0.7424279764606031 
0.9820354034300341 0.6548943062545391 1.4783244917338847 1.378039782184811 0.9240361737923302 0.9214453274798949 0.9906436512312 1.4576050401358587 0.6479906837675434 1.2108174732190629 1.0751847936113708 1.1995220374038484 1.3644545756418058 1.4999530675160635 1.4527779219169785 1.4088314701224087 
1.2093551352437073 0.7879213286961901 0.5999851056020064 0.6459707969396001 1.2017700166327767 0.8021912847112199 0.9252547408361644 1.3762846959529056 
1.332547778130868 1.420711037406627 1.2614623070671316 1.2036789097370955 
1.4721626667690426 1.4472383366892765 
1.1638001833736347 
