0.3336431523859556 0.2884701013439368 -1.3979228038767872 -1.131739227430886 -1.173689744277348 -0.479051725764034 -0.34053552102044976 -1.0846499711283861 -1.3946642500279476 0.322767828324713 -0.8227331769674758 0.6797816130130045 0.05321881871640085 0.1943733171575647 1.4711967649417432 -1.0989376673433324 0.3632785667573361 -0.42777754172195975 -1.3458276718670263 0.6168552535487317 -1.1283595723232591 1.2637719067606323 0.9105915508133716 -1.3576549212680367 -0.48126101945792704 -0.13609983443674906 -0.8279233137192178 -1.0283813082459656 -1.1789460171884352 -0.9174074476766431 0.5157432970774609 -1.1403610300249996 
0.9332463287067285 -0.6995539514621324 0.8576908140234483 -0.4581074425582829 -0.23093695775557724 1.0963014219998164 0.8478581144727614 -0.922142130245394 1.1074674870148444 -0.11214241911108265 -0.9060840843329856 -0.08503595504799524 0.9720696935362632 1.0081294729258137 0.5453993188267273 0.5518095652284251 
1.2475641036498644 1.0741944553135314 0.7928491171568619 1.4651548375051286 1.3106283936353664 1.1828510056499952 -1.5459264699504283 -0.00015997148629481745 
-1.5468373125192967 -1.5415206720772265 1.476498490763844 1.0245166653044036 
1.54235870776402 -1.0477730727496881 
0.7089314098806035 
0.22650195872570944 2.228592939392577 0.26628502592535847 3.146677876716647 0.37963778617394495 1.6057794928613311 0.24630549126056603 1.247918018448711 0.774863144933083 1.4712425548246832 0.3673732890367426 3.546860759812528 0.36412027603288705 2.0965157046390535 0.2574137324585086 3.2588942384046717 0.25439243989324134 4.263860552667678 0.7530188025244415 1.5210036433448269 0.22859392112495533 2.2507350920912685 5.830173641626645 0.17938530866602415 0.9797220849150716 0.654020855475328 1.315295542446848 1.0693608163574957 0.5674282470728595 2.028705504768915 0.5661179483225028 1.5747117158696202 
0.2535815975396127 4.2176354849709625 0.8911687548624927 1.3453876916858734 0.7680959769083979 1.3467058373941945 0.15995474468847165 6.900356038475321 2.1594473727229855 0.5408332556574345 0.47692717579107496 3.1265465156844954 1.8653154660093043 0.6232453070880445 0.9182344591327415 1.0374585207248364 
2.385563805750209 0.3290499916057463 0.4067826012520312 1.7416681933696156 0.47998007676811655 1.4049349120479901 1.989581175217869 0.7098862815266539 
0.9540724711861385 1.6497725586190537 1.9528366518467815 0.9188856414704029 
0.2145717765949818 4.013520151364223 
0.8460674692139825 
