-0.8146609331869887 0.7579499409565773 1.5481094126611212 -0.09598591707055482 1.3012816505179023 0.8125101280714638 -0.6065391374146086 0.6008162986450395 -0.4491231706493109 0.3414032791892339 -0.5429300866624142 1.236580208163876 0.43478705862231526 -0.20987653611274198 -0.809833711297905 -0.567758309473802 -1.2577026987855906 -0.5493176588625136 -1.0835719104816215 -0.5388635137867327 1.284257585951266 -0.4253889660699766 -0.15642406861467129 -0.4652068467715026 1.2028369142865551 0.2224848133759882 -0.347405709888179 0.49524913918173985 -0.6033551541304312 -1.5181074149961824 0.9240163444729677 0.5847964233653067 
-0.4583416088448535 0.732551396848574 -0.9634590954777592 -1.021169642714883 -1.148456144434518 1.252565198281025 -0.8177554669209928 -0.5142746478248623 0.9404936404293589 0.9502708442235165 -1.018913833437876 -1.0059440847698204 -1.0892074035772368 -1.109745507762476 0.49667427331249336 0.5567568344999084 
-1.4001990265510575 0.5071690892867194 1.509024140744639 0.06922835030607635 -0.03715663252203293 -1.2234979856567807 0.041418071399877805 -0.05885751657688732 
-0.007390315989364967 1.3858494212736716 -0.07659817070231806 -0.8554845208039024 
0.9976514490772508 1.4508745098987053 
-1.523540676781742 
0.41107742038924816 1.3885596649977943 0.18496888740414255 1.5554708805483675 0.24702877413971736 2.9334827082561867 0.4302495868405908 2.2329731114131026 0.9117558552352919 0.8306206043046606 7.364081498663918 0.12957861130755796 0.41230587581939837 1.6692948811305817 0.3103417218022994 2.1427764421348896 0.15125183389230787 7.089685116626037 0.12867982847634288 5.953120787950755 0.3435272257118157 5.691299287897493 0.17424199309181285 3.262362482988738 0.7299978012323108 2.010985814528365 0.32362372836066133 1.1112828129631749 0.33109195984441314 3.1132915470449074 0.3494212033694504 3.311966344972097 
0.8283014391369375 1.4538572821626061 2.5773263809480578 0.20723649341369618 0.3055711258272264 3.631781048459576 0.2215859549928431 2.7915247836426076 1.1118922680713659 0.7965197692335392 1.2017716794595488 1.1181173186636137 1.3820032201305614 0.7818240019556032 0.9421319944899511 1.1838960222965957 
0.3513135223532897 1.4037163448190682 2.27368062199993 0.35344709736823227 2.022823692837311 0.5712138993452109 0.40515717008264623 1.515810088845571 
0.36552835068559586 2.9498176281129704 2.601126132114395 0.6277584661876416 
2.4959850479738597 0.4533135718216784 
1.1237911175512458 
