-0.7819198773348033 0.7330258037589088 -1.5633090423881808 0.0028149534875874563 -1.3572383090538571 1.120120580626688 -0.6784163555109409 0.7624132142198335 -0.6444940288463418 0.4417239714810465 -0.5468967218599656 0.41637136283985166 0.39036136929968707 -0.3738108393653 -0.6109830218288556 -0.6068363164027722 -1.1252144637121144 -0.8305995802855543 -1.1129865364114013 -0.8185965353531895 1.1373246611229195 -0.6683313521667897 -0.22995464902075857 -0.5830813852314858 1.1440947966249004 0.2088552398475125 -0.35225018301176114 0.49096464019340574 -0.692711049885554 -1.2494604295908616 1.1920947067804284 0.2229031983223506 
-0.5904781525891541 0.8059394016977303 -0.6574820346139044 -0.6866550408259915 -1.0712094729828816 1.1938963295065101 -0.6277271923212683 -0.5274477843625686 1.0195282369966472 1.0169098778250467 -0.8326181545751429 -0.8563789657835362 -1.0482158518291633 -1.1056702186667928 0.6687206907006809 0.5891097669233939 
-1.475669810003477 0.02695381659186268 -1.4354146626360926 0.0437228222045164 0.005010452317583792 -1.3091995691345433 0.051110263511950485 -0.053247274874317144 
0.037911957284409194 1.2751539072259999 -0.00012611437181241902 -0.9796120487769285 
1.0497100803129031 1.457610509399512 
1.569361043763917 
0.33521674758962344 1.7027806357062452 0.13441926630808168 2.140283128984569 0.20636614148908825 3.474172521514932 0.32598082260589534 2.947164735904777 0.5797673998502217 1.3060978233397547 5.692273607486738 0.156033473636892 0.36545750686151546 1.8832725546022577 0.29335729596614396 2.2590782187528715 0.18654766099668882 5.5206620666611785 0.15902558713108197 4.690148968552694 0.24738957328008893 7.89806341683474 0.1539273807884227 3.687665678096178 0.5761436613719385 2.547964153380119 0.2512432704781828 1.4314090391681087 0.2652562275059655 3.885811057914209 0.23873576239711203 4.845044423373236 
0.6718682876087513 1.7923252339679183 4.378450066595624 0.12197804478357169 0.10380118835774979 10.680639723522816 0.15720768480073455 3.934604983697836 1.1617683865586717 0.7623217207425422 1.3158136307343302 1.0212009626247502 1.371809319662257 0.7876335116593868 0.720668454426586 1.5476715385488844 
0.15134383392491424 3.2579270075667774 2.8421829896406074 0.2802722114267086 2.39917760383062 0.481598181722629 0.3507081900831424 1.7511254540619559 
0.3578721383684415 2.985844745542664 3.3642005636887364 0.48527773229415383 
2.4568181396929436 0.4530511280336879 
1.1237911175512458 
