0.4546523802952478 0.41432929250133715 1.1809523319361233 1.1319218472657195 0.9651570747539506 0.6831448854703431 -1.4109699527258912 1.5235208511822114 0.14449138311377352 0.19697945401807507 0.11218775314219279 0.1857833538575227 0.576993606525626 0.21217577329458862 0.9438410796842196 0.22163296580837846 -0.1389064316134668 0.014149296979930379 -0.1647125026814075 0.011912883002452797 -0.15535664269049282 0.008786574780701372 -0.18502262393876406 0.006999281526781439 -0.13263645262476303 -0.12052731957055265 -0.1385692078150995 -0.124012044183766 -0.1321727388901386 -0.11445063849809287 -0.13599354905466063 -0.11232025612283479 
0.7354000320880775 0.0069658444226450445 0.53521414982876 -0.07539660836583925 0.004244757929636226 0.0035455994623496247 0.03294716400669589 0.012839405339461533 -0.031097630230243034 -0.032196458129434946 -0.031633188531148125 -0.03294858850739218 -0.20909344093032528 -0.26701904652595165 -0.1971390079117304 -0.20208023727434457 
0.6264039317245752 0.0011670130626359903 0.002075278293914963 0.001100082203067618 0.0008888477608154444 0.0010419129599173642 -0.243824862232873 -0.17325316302856503 
0.8901885538208627 -0.004234862607580185 -4.448542435861088e-05 -0.2742872214765452 
0.40938558091440463 -0.0010377415967413412 
0.06928568576654326 
0.2418340472781657 0.8798251425531763 0.548702450361516 0.3952758550763548 0.6056103542815717 0.362871850278467 0.7216240005834845 0.24724269434969307 0.706062759050148 0.314854103603565 0.712848335062221 0.3110297013576099 0.7329993249267834 0.2912555118328483 0.9245052765469192 0.24612419046688386 0.7033994196086579 0.31928759097623005 0.7316831959131609 0.30956184704091316 0.7212384430879566 0.31397041677269033 0.7494559882682348 0.3028675054941496 1.1191056733161193 0.2082325307298527 1.1380839812594854 0.2102446389742102 1.122322649516034 0.2078345331154318 1.1460788256806247 0.2017572825849979 
0.7229701684924039 0.3485635373521051 0.28173546857366444 0.9057097954397638 0.5032536091715015 0.49475618496507084 0.4334646839678644 0.5749453293643684 0.49052018252176255 0.510648486141983 0.49579071853246914 0.5114664818134259 0.479301403653675 0.5195325062276563 0.4979773743537199 0.50821729923526 
0.7867360004189198 0.31982325338472034 0.4588626451040483 0.5548683538430339 0.4961216674907337 0.5004818019574202 0.5166753882517446 0.4887218664610101 
1.5665335458187009 0.15483956353731945 1.389176019622358 0.1789447170815132 
2.194252033216777 0.11143281786657261 
0.5094800455701163 
