0.5882971202477932 -0.34464590750850443 1.0443812522204345 -0.4291715553903438 1.22270741589044 0.6927325498627499 0.6530250453984265 0.7254491410230014 1.4884116480720828 -1.5373504758417564 -1.2050128134673954 0.00221292469642577 0.9806388280386034 -1.2060436720690824 -0.3948297135717492 1.0971658687171104 -0.707190108140088 -1.3521781517445892 -0.6926380195781804 0.9265344998717798 1.0177598965787384 0.36736995263895067 0.43842351009223623 0.5986913964323897 -0.34800813848462536 1.1889281025382312 -0.5548327631521863 -1.5619295821423085 -0.9615669716601173 -0.7590185504261859 0.08429074581140475 0.9307556315857161 
-1.381453015934068 -1.3947698608933128 0.846424276999797 0.9106543557137079 -0.9994532578985622 0.37166653257441445 -0.6632381694200618 0.9750256186247465 -1.2086260887732414 -1.1857499309638262 -0.8103683182537542 0.64796399796909 0.7252691710486806 1.5174360661933355 -0.575552568942878 0.3357250494759332 
0.4110015701530741 -0.05608981026378314 0.6536240834789192 0.01084734585935198 1.368993447459499 -1.5490014874271416 -0.9644439348544492 1.331989815965908 
-1.1652853011435829 0.00816566405131158 1.5333259800152568 -1.4596161778189303 
-1.23832695774477 0.023746327805841218 
-1.1353895900395883 
0.5539903284314314 0.7706085139402947 0.5594176347601763 0.4085667016973217 0.4444651699087926 0.9553416674332585 0.23531277981612805 0.8196683335932538 0.1526687586796036 1.1773248464750687 0.20129134611482632 0.3841165025254661 0.1938385066160928 1.2226576100637156 0.39276035182077673 0.2359403685314376 1.2460133993715183 0.3257777440302775 0.5800499187616696 0.30744058968792637 0.9352511642494876 0.1594508052613866 1.2331408188502175 0.12765601872171609 0.6900413536228588 0.3445711540462787 0.751044413153887 0.33549438659384817 0.10659070183349098 0.5321305973907776 0.2695679342524967 0.4276674489023152 
0.7402206026708086 0.7224792277159431 0.3786224081481481 0.65967483591434 0.5544441847530484 0.3863115340052251 0.022303732985977844 14.039224395193841 0.5193151390663796 0.9731490378611426 0.012094838179093088 27.896169014694802 1.0015448162839509 0.4163765405442828 0.5989297899089085 0.23120509931948963 
0.5411635382448474 0.7653507319964626 0.09559855926206008 1.8896635029288409 0.25935170800378415 0.8527402673230834 0.7027750408633787 0.41747637436261453 
0.06492456535786267 0.9402960899692336 3.4417665032801725 0.03560791854800084 
0.35189181947982046 0.8622222934502097 
0.2637900968753727 
