0.3341656375294195 0.2787814885815754 -1.3304070692851115 -1.1613073982019657 -1.177786611081018 -0.47316128483181624 -0.3371144393992945 -1.0817508959653122 -1.3912812995239512 0.2891104848483409 -0.8335197385987893 0.6526595005346827 0.045673407465300686 0.1741496353418491 -1.5583463504837305 -1.0909103001836977 0.3856916530859928 -0.393598965019228 -1.347925675275468 0.5394243921293235 -1.1326884605412033 1.269425080565786 0.8974741676611082 -1.305276881740232 -0.4759704241806407 -0.20125928749220645 -0.9832059087475005 -0.9591991525084457 -1.233202188126846 -0.8442147909980007 0.5418798135067248 -1.2045430440842337 
0.9520059530387819 -0.6594152717883571 0.8637924678724915 -0.46055987608424737 -0.22812132408301078 1.1046788240543866 0.8699997845413355 -0.866770624590886 1.0565773282425914 -0.10878138932319169 -0.8693047969846248 -0.08368114403992005 0.9735942311989436 1.0271561221752812 0.5266283966148717 0.5361356554836064 
1.209274963019376 1.0725231771356902 0.78930590198652 1.393764888457503 1.3420629894035465 1.1940703505397305 -1.543048675627055 0.0324237592906969 
-1.5480429425424005 -1.5384603492174318 1.4225822951557165 0.9670615103261098 
1.558063077592679 -1.0139983526862792 
0.7293453870406571 
0.23230058472277199 2.172964153397662 0.28560469330443355 2.9339346441783705 0.38493601321029763 1.583677816037189 0.25192631057950077 1.220076122215057 0.8074726441701254 1.4118290317410298 0.38685893550235034 3.3682139139259246 0.36689866028598406 2.0806400662085545 0.26565968489191155 3.1581066374059055 0.2712995511770852 3.9994679105897846 0.761823363047276 1.503456435132712 0.2467413363052835 2.085876121318144 5.860765091824298 0.17878903329980506 1.081078381180957 0.5977801024604432 1.3396044280005943 1.0502871044675015 0.5552951142258542 2.0731941349212275 0.5503392231537416 1.6200880587264246 
0.27995958548032335 3.8202770013890617 0.9059039110339983 1.3235043358079004 0.7586534002306169 1.363470759938534 0.184649231597659 5.977610048838046 2.2602044114255695 0.5167487658494739 0.5016573976111843 2.972899983529823 1.9425371180404782 0.5985010295185633 0.8487672379088255 1.1223823944438653 
2.3197149478038988 0.3383907863609803 0.4324390486558806 1.6383405132402107 0.49688382831008376 1.3578303760043091 2.0386330410134406 0.692978572079124 
0.9614943339397931 1.6370379331236815 2.068750859134816 0.8677080148342693 
0.22672671720978954 3.7994691176506454 
0.8460674692139825 
