-1.4047140793620707 -1.5274139360808365 0.45775902601492086 0.45226277879560434 -0.2860553235198226 -0.8431934273319103 -0.8404011360090122 -1.1850833922323365 -0.7190134903625318 -0.7598144959399595 1.4387258173282864 -1.3511283296382626 0.13570136360252052 0.23603173510888933 0.5264085052762599 -1.3423099969379553 0.861568609937258 0.8523952362374485 0.15786618213061837 0.15718102770504694 1.4611270868924278 1.510255937367553 1.0996262979294635 -0.3933451641744117 1.000856696465116 0.6021051598455532 -0.8803330240698943 1.084174566923237 1.0801996040397768 0.9213038263723593 -0.552199876114657 -0.69427035756017 
-1.3332306583553848 -0.12686528127683475 -1.252249433490147 -0.9625851672723001 -0.7202720315279563 -0.05223410737666534 -0.03816159011347785 -0.022681764053577656 -0.5152735303441196 0.046894463305032295 -0.717217183520889 0.08018488404903008 0.9184173700190212 -0.03837699919062245 0.034589214740946665 -1.3602297620600816 
-0.5790055838171024 1.2562421661790855 -1.4342982526455987 0.0013478594275532863 1.536905659991922 1.4780232635716362 -1.530787723484753 -1.0818598432679192 
-1.4018291094592126 1.428596248781766 1.559145115579276 -0.04874643150349088 
-0.04902748544648977 1.487847291099693 
-1.5610264221920838 
0.21777638675960803 1.1512730260950645 0.5144300936587135 0.4831482497886769 2.047813521083991 0.11922623852550751 0.6792398064738878 0.3650081786130583 0.22981336605514677 1.096862077393774 1.1185892400569617 0.22019863617369684 1.0290411460731008 0.23831619265034576 0.5393383776895678 0.451785133769111 0.2578771032792254 0.9433746920851271 0.7119971344670823 0.3524843772711136 0.42933007117263905 0.5959909857782749 0.3485776902817281 0.7314564008453897 0.24473222986783455 1.0372990699717701 0.5769983229637193 0.4407000067095169 0.820737546227393 0.3045812959232794 1.1333562660238443 0.21796057812923753 
0.4112831236345625 0.5949804117526867 1.4518515228369129 0.17288063510515317 0.9186016941360206 0.2699184727482255 2.6540584423318414 0.09191748304968812 0.5819965327356194 0.43325522209839956 0.6335413863283553 0.3945396411273438 1.8381668965720652 0.1372633652883471 0.2245915921121723 1.1254686739986006 
1.0221228515512448 0.2450101269908158 1.4227038405925272 0.17096230078531743 2.030966809173402 0.12295960418525696 0.28747513364551064 0.8795199731233395 
0.1568823655944901 1.588576971128397 0.2963320680713982 0.8340586818297965 
0.43119137009397435 0.5716300667961717 
0.5002222825509138 
0.002591088826480669 0.009453652848973119 -0.0032911742904913133 0.0017694721899919703 -0.008995988639492202 -0.012549434759989429 -0.006923125738580862 -0.0061990908623079325 0.004211486660982752 0.06414757989231541 -0.022582430593289737 -0.02470246120171896 -0.030744024873658796 -0.056990771633440365 -0.00537765053827121 -0.006520873033247673 -0.005690901790792317 0.003469468884781914 -0.009161838768689905 -0.02491747193785848 -0.0011946618839387682 0.0007856207766507512 -0.005094551119317528 -0.006356867950177677 -0.0011029448130481234 0.007942385698524547 -0.0015934313440103276 -0.0027890538933158277 -0.0008162482075800248 -0.003821832806794531 0.01930302267505307 0.012107739386461761 
0.01065914121993967 -0.0008812286071859995 -0.020587534621740577 -0.012867038691974012 0.07014323973866621 -0.04776027228362434 -0.08861220991967177 -0.011189032553565353 0.00837797789361219 -0.03435204723674108 0.0024306316295970498 -0.010763864917113716 0.010425338634213608 -0.004586018017467959 -0.004621914859865401 0.029467893640181878 
0.013622647974651346 -0.01676338211820083 0.04379057497124834 -0.09392436065307778 -0.024077950905971302 -0.006897575119277156 0.006904075771893455 0.034829169355521584 
0.005090429799237312 -0.04392806345986048 -0.030247394668586836 0.04189919503967806 
-0.03665198361639233 0.014207364714296823 
-0.04390404269345384 
