0.3165735607709981 0.26210602899341595 1.1007441460461833 1.1548727325155799 0.9829284527102942 0.7030367026705097 -1.35060846272954 1.5606145149857948 -0.0197974550147454 0.23478162922269002 -0.03945685973127252 0.22075475956131782 0.5660673255605623 0.2594788317525137 1.066769464365909 0.25659200226698997 -0.13489560449470883 0.017268846514992314 -0.15590379649852895 0.015263699634229752 -0.1483719083994136 0.012507133516200314 -0.17268458525326963 0.010844633108078755 -0.12530142679196637 -0.12137144670639882 -0.12998295597005752 -0.12488178115974147 -0.12560497255757627 -0.11523590912068049 -0.12915539173616705 -0.1130855329151017 
0.8430660528930272 0.004869186687802168 0.5256530466795721 -0.05769507879787925 0.010577778945504003 0.009531891262594313 0.06857204262980525 -0.0028512966550626184 -0.02593174697257932 -0.026833472129889676 -0.02653019273980451 -0.027597264233215027 -0.20868805658269446 -0.26822922227490364 -0.19651131955267556 -0.2015273771034427 
0.7369367674947827 0.0009869540753014313 3.1267697053762066e-05 -0.001753413547176673 0.0009904063653635037 0.0010256602268471358 -0.24173923305484118 -0.16837280340621072 
0.8799822033832676 -0.004458453882793768 -0.000175925900127363 -0.2678740748880223 
0.4258792123366571 -0.0022313623053809503 
-0.0014180348515095156 
0.23326191140919703 0.8917467428652011 0.5683280697228994 0.3631447762526848 0.8093570317941651 0.2712126510276172 0.6789382870459457 0.22860702996249088 0.7230795929441152 0.30559679140383206 0.7410176580609085 0.2974597445986124 0.644582527020772 0.3298027013279293 0.81037920300075 0.2788926799271193 0.5666314848876298 0.39587381137622485 0.585984750024155 0.38604126625313107 0.5807398372494326 0.3894570685935648 0.6007849809919631 0.3773444819777128 1.1385040205921533 0.20468416577763227 1.155320857643955 0.20710750274777506 1.1435222174928732 0.2039810539160568 1.1673592719461703 0.1980788679763186 
0.7183202352795923 0.3493693180360009 0.24333283009208317 1.0479313802042947 0.49941579154910853 0.49855798030914267 0.4297129722709756 0.5798867343195184 0.49244622839618585 0.5086511106024741 0.49799101334346907 0.5092064917628389 0.47925018290768095 0.5195880317630103 0.4979121270277324 0.5082838969029764 
0.8495968368754335 0.29420839554395606 0.5453332144499657 0.46678365766535646 0.49794975781843787 0.49864430759863343 0.5159426581058524 0.48941593570955544 
1.5804854586080068 0.15186007654362957 1.5702838824185805 0.1583019815505057 
2.9126229954842375 0.0835953242641668 
0.5094800455701163 
