0.2915782427829833 0.19636578623868653 0.7989789443588557 0.13532893827094758 -0.6418227424042604 1.3676153787479541 -1.1746591022086976 0.8846915495658851 -0.5231323476034582 0.6298409572293752 0.656439542524285 -0.044494100140754396 -0.6685617446142728 -0.5973623321018418 0.33877250186526625 0.35173703465094 0.5926446537818898 -0.6361707859632058 -0.4414097511572009 -0.8964265154133132 -0.8455870910364258 1.0602421653048264 -1.1886355649337232 -0.5562819982120878 0.6170406696028047 0.20205440847128012 0.5412469499168661 0.6168029038209909 0.406756394759011 1.4208468506486338 -0.057390594087107685 0.8390716888163715 
-0.8700948339231245 1.010723242611972 0.9570716316775728 1.0304408627973283 0.8315042794400056 -0.0173103609832409 0.22221947831521982 -0.5064039394409829 -0.8088603889980382 0.56960618613471 0.40205701200859445 0.2583569968522766 -0.5775409732657129 -1.1327042201629935 0.16600007301074896 -0.4502524337129633 
-0.16159017795306627 0.8442693264995523 -0.26893439354538595 0.1125521130678136 -0.5580535100676671 -1.0151382575370633 0.30584490254566454 -0.7224058219146403 
1.2460032673720083 1.404697617585081 -0.30726258155273084 0.6489826387238878 
-0.31748855879714133 0.4041812691525365 
-0.7966309592074661 
0.4965348675957855 0.4407948572930714 0.49024083395052975 0.4214354410961835 0.4911552334874962 0.4283608168112652 0.5092243581220731 0.42286810558079413 0.5024915745334094 0.4784387542126579 0.5088298688310751 0.45366991598633893 0.5014645897201637 0.47476471311764434 0.5023451742920683 0.47639557248353254 0.5030908629210726 0.45987437378944634 0.4949898662649533 0.45720919804286553 0.507517766651912 0.46501093335031507 0.5020136321206383 0.44412924624397665 0.4912229260706491 0.4227003995436181 0.4962056420766835 0.4342058964646203 0.5084687759513741 0.4164134169793786 0.5020336222038957 0.44890263997526364 
0.4953658137329291 0.5000813117589751 0.5097118990280122 0.49645745673073244 0.5027318479377935 0.488367312199322 0.49567654517915394 0.4762188964304019 0.49216591084664874 0.4909471155085735 0.5020278021460247 0.5116549317275031 0.5051621784705336 0.48081316839847527 0.4978788299439083 0.5338999155518636 
0.5009972042384191 0.5214230912285122 0.501823706173416 0.514505585812095 0.5031120571772446 0.5197741447448972 0.492124535634025 0.5402589895788955 
0.5026497938784137 0.5855419634370171 0.4995868475239252 0.45886108057412145 
0.4932324689789121 0.4988130747344996 
0.5009890387050602 
