0.15342280877021458 0.08129875771440027 0.16318777702303172 0.08370642138580046 0.14280097396503885 0.0771716904688419 0.14750901791042653 0.07701746547185426 0.09614175726996155 0.05370172374394429 0.09573128605464268 0.05482211155736831 0.09763130814769541 0.05382381408845351 0.09700226173323219 0.0562045132394828 -0.39201798090862966 -0.273927197576992 -1.030665269002223 -0.7589294388848868 -1.2223939488491697 -0.9363159293638214 1.5584939101431678 -1.2563284809141588 -0.14849793565450306 -0.07760694392927955 -0.1497345766490199 -0.10531088611510658 -0.13506770448273273 0.05078159901379 -0.14468019557948583 0.0425187953149491 
0.25071237519710043 0.284198952363936 0.22258965006611733 0.23324217186912113 0.012131771206010304 0.011955693732871113 0.012330786274366292 0.012020856579265063 -0.712406937357512 0.03693686897104444 -0.3918535866264612 0.12966107451744677 -0.0008692489353570587 -0.0014140706025660382 0.0009710611238389322 0.0006034816333710626 
0.2119796407208066 0.11909424439636607 0.0017793027931204625 0.0020347749277809125 -0.9394273905229776 -0.20236846129469696 -0.0022709020262773284 -0.002169003327586141 
0.1656497148688777 6.740716653536158e-05 -0.7166664800072 -0.0004939220479420311 
0.0012763721769955916 -0.6884184373858908 
0.06402285489378115 
0.5521491251610602 0.43298629764190844 0.5422071663274886 0.4323878010685852 0.5613522308500438 0.4191543439514351 0.5596649206629051 0.41498390099688337 0.4094635352346072 0.546447794105076 0.4023013236625233 0.5505607520809181 0.42837297593168866 0.5391561361852565 0.4153569579757269 0.5480180425053898 0.2867009027136547 0.7719350428859165 0.5645525051466707 0.37665970882204863 0.6151612632067514 0.2798148408164596 0.5886506323298335 0.22779551964838107 0.4609420101241088 0.43266418950409086 0.44753766299406955 0.4441950451632837 0.4808734252293737 0.4440781971852403 0.4797471912503237 0.43228869291695265 
0.48340330382998514 0.5183275196047449 0.4998849849550228 0.5131134067961672 0.49398635815372216 0.4962683779385813 0.4961448501146538 0.5044114779732193 0.8090121438281873 0.31701807639080265 0.5369748428461324 0.4527127590297246 0.49082005322660804 0.49892527654174124 0.49216778574717157 0.4995841814845887 
0.5081119005258218 0.48688446259144114 0.5225095848828837 0.4762259955392594 0.6122222705951109 0.3960783954124533 0.4672290643707068 0.5170219568699144 
0.2200728606563004 1.1130103399487143 1.6760725575300164 0.1446295346400584 
0.1413015161768036 1.720619503201698 
0.49954088195350166 
