0.5514055715555106 0.10895031925542269 0.5650611253953691 0.381722662547974 0.5621776329106184 0.37808107167033567 0.5601313118846969 0.3673796367948641 -0.6780836649141497 -0.5875499888826778 -0.6094717754101735 -0.5425307463602473 -0.963062955389199 -0.9169214370158203 -0.9652480376678418 -0.9219095084873573 0.4484237859664225 0.4795498508933743 0.2062146054434226 0.322057997400981 0.23110350409463792 0.29957112248264717 0.2542776836208779 0.3263665832673256 1.3919644821022767 1.55862742409754 1.477824698919188 -1.340516552562672 -0.5623147068593237 0.04851436175845277 -0.3687870697214534 0.061351599971809403 
-0.010418156151350399 -0.24244649335494584 -0.23158901077187005 -0.21925811071218815 0.5679375017520657 0.551267985005691 0.6552462923594581 0.6570055504386056 0.05363469351249969 0.5294901588107165 0.49977106905426794 0.24958537565011418 -0.08746194276766607 0.072961230647717 0.03841806017525787 0.13346440337753196 
0.009953407185853146 -0.0023586383296966846 0.006537859707362237 0.0009925904692120306 0.24010240729653548 0.38197757856621695 -0.0044401974051494295 -0.01284130727154732 
0.005754004436446815 -0.001455233862960013 0.1645012767885218 -0.004679417399282759 
1.4314954650972866 -0.014946763100018677 
-1.3350823144814377 
0.7265801649173564 0.33422300121015786 0.5838135147878747 0.4332500089739859 0.5594145449497538 0.43211711731560326 0.5837264415080291 0.4214862776779677 0.5518222037574443 0.46050071873889276 0.5734178447062508 0.45032278139384013 0.44548872254807365 0.5438479478470335 0.4495164950018457 0.5426646908519073 0.6222904037844035 0.4041771276952274 0.5818764522444773 0.4294478820542813 0.6084737929880051 0.4122207296832686 0.6153078643054667 0.42038762138615876 0.8543868241817388 0.2874635233736868 0.8248078186152643 0.31222413926458514 0.6607659052182133 0.3703464722976339 0.6744531183848627 0.38061977348132014 
0.5098309278290285 0.48814057414626744 0.5083402707728983 0.4890514496695002 0.5120412756022321 0.47746502694505927 0.49118351238570684 0.4957412939866345 0.4745623707186686 0.5175047406093304 0.5131397231853578 0.49900512795823837 0.5583700291812428 0.43732413125805375 0.5037442178923862 0.4848719510120457 
0.5096412192844797 0.48346719384929226 0.30244443726313486 0.8090475338947937 0.5529836945550782 0.45506157454685947 1.2805809724633397 0.19540504420485239 
0.3154342345956938 0.7701756832476802 0.24756766114105344 1.0164869078627456 
0.9545851864500684 0.25917890887232947 
0.5045286470468384 
