0.5006752526379459 -0.22590338009001498 0.7733315160780755 -0.3529068554915159 1.1841048624275885 0.7858675495115442 0.8094790284005504 0.8351462144368392 1.4950128214180503 -1.5481565561583115 -1.2334417490706058 -0.05962745206998383 0.9802638784732153 -1.2052234224512486 -0.4178935032721161 1.106057609525891 -0.7762947274087675 -1.4005561052480047 -0.7337927173933518 1.200318858070356 1.026762469324558 0.3672940297543962 0.44709852012984963 0.5412161224131548 -0.41473227350227293 1.1864084522228753 -0.5653291242449088 -1.5524006005020807 -0.9705112462635581 -0.7745233715352193 0.10057587519061914 0.9297382878243979 
-1.0528283426835747 -1.0622909994992533 1.0375415740688483 1.0726396772982154 -0.999803862859047 0.3249879201417025 -0.6460635382211868 0.9122147703576587 -1.1743000544179907 -1.20017501621709 -0.8086566740385301 0.6459914751489619 0.7881727150179946 1.4577941393535292 -0.6144405035254634 0.3386662747485032 
0.6642620475265413 -0.004457099346129924 0.6793005139712577 -0.002177575645234943 1.3201910409362279 -1.5631677314512489 -0.9481924762244763 1.3080741528001438 
-1.370913771064013 0.01680528739157489 1.5517929644195154 -1.4693530554163101 
-1.2526838782878997 0.006546391821661762 
-1.0710522234674853 
0.7353651155749595 0.580372991750918 0.6437380843435091 0.3549364876641349 0.4944342488427297 0.8584391465625504 0.2824441127468653 0.681935143006552 0.18954351131729427 0.9481440469184037 0.22289651377699393 0.34683474325426455 0.19552861631313223 1.2120889126989112 0.47826239320182606 0.08476639849771203 0.9264366876603504 0.4378004234586379 0.576926549805484 0.3060024878183014 0.9423973078532487 0.1582416756050722 1.4782488329811003 0.10075411254899162 0.7221468493586699 0.3292496084269363 0.7526601660078258 0.3347741243699932 0.102704855473029 0.5522613853408574 0.2718427692203731 0.42408830623363286 
0.7441207786990459 0.7186911378616058 0.3987233687083306 0.6264094870828159 0.4646060455742861 0.4609843342571742 0.011072266917951953 28.25980022209163 0.5411386067378307 0.9337270773339733 0.0076056633669333625 44.33443110415014 1.016219220074682 0.41036365942023806 0.5942643844386104 0.23302009555383318 
0.43232434803142905 0.9579330588406543 0.05951177078385937 3.0334009440131173 0.23295797928552378 0.9477480387494692 0.7051413522188053 0.4160752824232826 
0.13995353801894675 0.4319367866480119 4.056217394016879 0.030209681281894357 
0.4024028770208087 0.7518376489051956 
0.2637900968753727 
