0.6756398876478918 0.6257333171131164 1.0543364302848812 0.7815801273498861 0.8783643245574917 0.5926471017808997 1.4954838993782993 1.2210731051177133 0.25224665649568323 0.14495818208260655 0.22819114490231723 0.13616840549497525 0.3957281106066554 0.15596967098814007 0.46532345456365254 0.16426778957664873 -0.17136270579992427 -0.0299392791400317 -0.1957464186948921 -0.03212911670031192 -0.18713590042940023 -0.0352334502223863 -0.21189642139287942 -0.036494964913547374 -0.1572164144048774 -0.11951215814519489 -0.16677336396635337 -0.12275261009400078 -0.155110891553492 -0.11401164321365431 -0.15962155801420666 -0.111876944111502 
0.6305635066145999 0.0605679214056661 0.5331367681119807 -0.08527217900276331 -0.06625820716335237 -0.06890759981286589 -0.03475602561616469 -0.024830953907306504 -0.03637386178601917 -0.03872420076088371 -0.03775641592553688 -0.04026104713931902 -0.21003075611050354 -0.25996291687705037 -0.19966334677541028 -0.20417725387402078 
0.48340097345527905 0.006469057919544231 -0.005291497093701246 0.008584960230987898 -0.004562424917475908 -0.0049677374143712845 -0.24888704062109357 -0.1898242545235045 
0.6881726080956462 0.014348456059712815 0.0030114867772784008 -0.29953222760669246 
0.5612950489597612 0.0021566525088177226 
0.2986457892396382 
0.23101796451078624 0.9470952348718295 0.5550880204153152 0.40832417452099656 0.4976620638816458 0.4432235643860909 0.6579977137157109 0.30799880630918114 0.663929392110748 0.33630078317642714 0.6586502209463551 0.3380124711390835 0.7100477769335252 0.3023386536121402 0.7588393150902143 0.30196912330377645 0.8144071013409268 0.2771353231858324 0.8494477006350641 0.26805641546488407 0.8344685319636888 0.2727417556337317 0.8676234491128499 0.26301591933597307 1.0007299656063253 0.23287560027486706 1.0249023979851917 0.23347315414401326 1.0006731486194915 0.2331129756152176 1.021275545243966 0.22642516581721164 
0.6394033198680679 0.39562765234466046 0.4026066749845835 0.6344776565091569 0.5064654256704963 0.4916186847071929 0.48279346031265263 0.5162395499532092 0.48790327481030454 0.513388175947527 0.4930359082694965 0.5143251077135828 0.47978752558102733 0.5190061246386533 0.49846879693875124 0.5077162677040089 
0.643196487323752 0.39303046288684657 0.47276343915023095 0.5386436807980864 0.4936997454619855 0.5029374695803985 0.5187607831477883 0.48675726961417237 
1.656606032506508 0.14825244022233028 0.9419816284839875 0.2639319010060043 
1.3586815928519163 0.18147253670708952 
0.5094800455701163 
