0.3347244351999663 0.27118973673239305 -1.2698208731105214 -1.1676328513914105 -1.1821765466859702 -0.46820714459313345 -0.33358419049526283 -1.0765708819402589 -1.388247074377202 0.24525393006833465 -0.8469356915843426 0.6296965361995586 0.03511610514711357 0.1503633670258199 -1.475512486388256 -1.0776165121236363 0.41947687432407793 -0.34133870463287086 -1.3211679712894235 0.4711960558844122 -1.1313097715803346 1.2691764861424992 0.8878493461402519 -1.2878869375086799 -0.4622654155523426 -0.3460306256886784 -1.102948663623806 -0.9331212498437712 -1.3355470527668263 -0.7969719766216948 0.6026979790270964 -1.3502295283631545 
0.97387972654904 -0.6248544414961422 0.8698744964964162 -0.46202760750988187 -0.22121978899670414 1.1132946841483768 0.9008407454263484 -0.7820832869262394 0.98307450440643 -0.1078322902102248 -0.821849957857691 -0.08703294435928387 0.9905256534797815 1.0736836287357852 0.4759547943244132 0.48565040299587775 
1.1684687896034323 1.0710175516013705 0.7832472290577358 1.299860147255643 1.397153789733415 1.236628575870804 -1.5436721403473967 0.0938069858235516 
-1.5487954595316633 -1.5426340139853425 1.2902216711201497 0.8642760739081669 
-1.5679431099299008 -0.942308307800356 
0.7578602457564727 
0.2396839961061926 2.1060274991822006 0.3151602633768068 2.658869687891584 0.39128977355568456 1.5579622574086633 0.2571251769287093 1.1954082003601405 0.843072527931336 1.3522151616485985 0.40978454667197095 3.1797828718445453 0.372992302768479 2.046649101399231 0.29282753631785646 2.865308053836331 0.30126468030864695 3.602800989139987 0.7660757062388399 1.4951394314550606 0.272749853939971 1.8873394294942467 5.757525302594747 0.1822654235706354 1.3190985671609325 0.4929055930051467 1.336234556125105 1.0531786674233827 0.5458346192085488 2.109198839584458 0.5224749408543771 1.7066576057161928 
0.31093863510836006 3.439690888922047 0.9225201303732794 1.2996660467721992 0.7492917064896832 1.3805097110960802 0.21571238691058559 5.116908223570213 2.370444043455319 0.4927385881253738 0.5386103458554113 2.7693559166866026 1.9104829832183208 0.6085694034899047 0.8001929754393049 1.1905267651355935 
2.255131349722602 0.3480819894443503 0.4596457349567281 1.5413709252698615 0.5176748957516348 1.3038726281922315 2.1344081288910832 0.6619982917253343 
0.9677631245160832 1.626433928525808 2.285663655808389 0.7855624220794202 
0.2535355308402004 3.398659219018286 
0.8460674692139825 
