-0.7756962455165095 0.7375725512190761 -1.559311178414627 0.020596430960351617 -1.2917957712249637 1.1178842920266574 -0.690295692881535 0.8255415326161067 -0.6650339522697177 0.456011353036347 -0.5447609695052624 0.38095737182498535 0.37149981679601884 -0.41161432931352754 -0.6091619345441956 -0.605948115303448 -1.0825946020228765 -0.7956610369444722 -1.0868759006929034 -0.7994396083841764 1.114754420542841 -0.735600870594674 -0.2720982944597978 -0.6181106259085108 1.122166589120814 0.2027027546855913 -0.35254880390179927 0.4959395892543498 -0.7186149704450837 -1.1312786804008554 1.2531979991931008 0.12375255312769357 
-0.5999349128199388 0.8123225156808165 -0.6514146225673364 -0.6377882083906043 -1.07073767709178 1.1991463742748056 -0.602514677152129 -0.5301433451181633 1.0065162715103557 1.007098616344996 -0.7462438944032217 -0.7809369455362959 -1.0410524019710794 -1.1153589844131369 0.716547656420554 0.6165915121983181 
-1.4881888082672337 0.01078935393035397 -1.4322874296395416 0.044732660701232094 0.004468335889198491 -1.3913017305801363 0.05502056530372632 -0.061538405179454136 
0.05584557013644743 1.2797779508520837 -0.006264389657098222 -1.0263788129173241 
1.040929119464997 1.4956574515818977 
1.5548856056554337 
0.3288181854676903 1.735915216379677 0.1319308709683884 2.180646832652975 0.21372052215099083 3.3491519246552426 0.3226618996306453 2.9774789287402057 0.5657365959404662 1.3384885632321593 5.709580962305667 0.15426246929069254 0.36131881288955814 1.9048434558883576 0.28972010046207886 2.2859816980504717 0.1939488993933334 5.27623602379399 0.1648359491880113 4.507641689077192 0.25469926189033026 7.670628698053704 0.1621845319741968 3.4994858269987015 0.5486806063486357 2.6754915769485894 0.23847299071521266 1.5080578602110692 0.24961556927034242 4.129272188707986 0.22814297379211598 5.069339516553703 
0.6605379182627691 1.8230687228452125 4.631890769135193 0.11530341524418941 0.090664440516762 12.227215938139965 0.1508989642591736 4.09909399193121 1.16086930922247 0.7629121194600558 1.3375275031455862 1.0046214133907907 1.368662845872985 0.7894442009905736 0.7024543625034946 1.587797780431465 
0.13665003119083244 3.6082115639170413 2.8876697250871834 0.2755086810613161 2.4449479700934997 0.4725815994849461 0.3379754174972325 1.8170932711811671 
0.36263837954368827 2.942758895557643 3.438771311543893 0.47473553083230724 
2.431898758067847 0.4564675607330814 
1.1237911175512458 
