0.151887515572941 0.0807081060264173 0.16107819169567747 0.08296944786734638 0.1418382702005985 0.07665810364116368 0.14630795294203286 0.07646669002211151 0.10285733175876828 0.033327696150884586 0.1023836465287768 0.03385053271390657 0.10401315978229994 0.03564293812229297 0.10330591834540057 0.03678695100408172 -0.4176994989564852 -0.28911898903384087 -1.054106991462117 -0.870331756943731 -1.430661630237041 -1.0151821099470748 1.5040730068520098 -1.354371495873625 -0.12991750056587495 -0.07080522374902573 -0.13139880664420564 -0.09827307196621614 -0.11396785052211328 0.05362542481603011 -0.12335677179749309 0.04575450380788199 
0.25648545309497334 0.290825757790531 0.2287933021661033 0.23954655509003953 0.00833049824352903 0.008187550513972335 0.008988711928592675 0.008651868470645975 -0.5705936214049441 0.0981395160387768 -0.3902318991442605 0.031461830632526874 -0.005655483518726789 -0.005796898146887514 -0.004768075206296877 -0.004924994897255433 
0.21595933194723468 0.12055770130216371 -0.002083116194069935 -0.002362870683069201 -1.077391627854083 0.0031529302707894802 0.0009315135060632561 0.0008526275374387235 
0.16740407834527576 0.00019147310371097926 -0.7172316184762001 0.0009567129280971914 
0.0026974479396966217 -0.6799615738569237 
0.1944300707898466 
0.558080967416066 0.4283783352479474 0.5474005491067868 0.4282794408458696 0.5682799173865162 0.414037772472194 0.5663313103264065 0.41009205559424283 0.31346043983322386 0.7099497273898367 0.30731832563034006 0.7167669037792789 0.33745422123133006 0.6814493055202651 0.32553484929634097 0.6960666769984454 0.29865214190882483 0.6863708969306482 0.6160338881256978 0.30808239838563867 1.2977761314250922 0.12738406414273354 0.49464862105797824 0.21567771932879043 0.4202216944881747 0.47155147949154225 0.4076792760798471 0.4843909136045546 0.43423452063769113 0.48813829655322205 0.43149939797565445 0.4768606071362723 
0.4829543091670011 0.5188093982897986 0.49970294015014555 0.5133003368372155 0.4931945066090561 0.49706506087024815 0.4947611062871713 0.5058218893621025 0.739432853864096 0.34395317537178677 0.4087813332691283 0.5941829172907533 0.4904698371095236 0.49928100762068695 0.4926468406433592 0.49909828476639206 
0.5090136309586676 0.48602191329911276 0.5254511582094893 0.47355883530870624 1.0442981796485744 0.2297572532098598 0.46681832221574576 0.5174762289685375 
0.19873485319481937 1.2321928381821188 1.8212814554107881 0.13095943768197285 
0.10591361708513682 2.2477073461402015 
0.49954088195350166 
