1.1312089234341984 -1.3625564797990988 0.8373167229980659 0.3169872282747357 -1.4331356225791925 -1.3210271877862083 -0.7965530075205133 -0.831142770679845 -1.2788476799479556 1.0833484606718806 -0.48015714449280583 0.8200426851794438 -0.7577085169315323 0.17935564605508042 -1.222573218847731 -0.3501962718444929 1.2123568471481632 1.1738689226395336 0.7750118857290359 1.4003140572950554 -0.570501981056372 -0.3883537782291268 1.3059871532872815 -0.5775031600776047 -0.8404416988459363 -0.8187255983839306 1.0288928741660512 0.46904307333587947 -0.7990796606362994 -1.1250271376660768 -0.7949426095899409 -0.7457297058079316 
-1.4251556753373582 0.35608581332704486 1.1386137866883737 -0.4338097513328334 1.5671084032277067 -0.15552987893422596 -1.3643434489409474 -1.3363805359036423 1.196310409615023 1.2174645579724324 1.2732355504547321 1.2782931715861756 -1.3690208042488434 0.3401885978698316 1.4991167947897923 1.4775972630700218 
1.0247772264219617 0.10903825589074877 0.3777439283782458 0.1827828163277081 -0.23821362755320305 -1.5707504329859479 -0.20101900013330418 0.06516825062892546 
0.479773139806132 -0.18278269764494623 -1.4742799530550585 0.11324085705658261 
-0.5335717504949057 -1.2795730107094396 
0.4110640843224823 
0.438653516924695 0.5314751288126982 0.5652956957203592 0.7222265162555946 0.7289581581198004 0.3602913679170393 0.3122816491026887 0.40197021347969214 0.4424748476696257 0.3480172613891436 0.46773355482434226 0.5392767323364277 0.21877138499306575 0.436840716033275 0.38533652162593246 0.5291627073691789 0.067432152538535 0.07701762363121345 0.48348312062166837 0.39095408192078684 0.9005149565809911 0.4999174665793315 0.32654944279803644 1.576391061456548 0.505587093971174 2.736705987119594 0.6275218567538143 0.3464217784042955 1.389562327140939 0.2447671394907299 1.1365833601594655 0.2261953822114824 
0.5603926459787294 0.5940946165460971 0.5109469426008438 0.9862903592016857 0.30226693238208746 0.8316790660324204 0.7429364071275549 0.7302599539259655 0.9063426515456097 0.43264725185110603 0.3247533035691438 0.5360689821406603 0.895757806106674 0.2846173190002991 0.5366485502888593 0.46668077337893266 
0.47772996551087676 0.45070806878355457 0.5327854478027809 1.7048777990880946 0.7378879500700164 0.36291064337236467 0.34864335879952274 1.277422330111296 
0.24031988436554738 0.536778806360148 0.4748729758998133 1.1724392767466059 
0.599473987052014 1.225713215603618 
0.6181451854288458 
