-0.8422119566633075 -0.11258788433004584 -1.2209817903410998 0.4962906522669963 -0.636153526743179 -0.40027042916256006 0.3841024214526677 0.2744829359721157 -1.1623959498569754 1.2511748680081378 0.40505863230267586 -0.0840529033665838 -1.510816161048055 0.5649786107210192 0.6027577947967022 0.66373471042754 -1.159051009154452 -1.1717155786810405 -1.3225987159934762 0.40879936629392233 -1.0483443935669345 -0.419862106324646 0.15188810042038092 1.339071510718595 -0.35094057880330165 -0.1936555813345297 0.8495503372861799 0.8213282301457152 -0.3636600869804072 1.3934425716724719 -1.4847479495630953 -1.467472303386023 
-0.580658678175212 0.17608271988594207 -0.09859708473131515 0.6276451859069061 1.544315269834574 1.552471704995035 0.040573920616667654 1.3586348822155612 1.4362906115362788 -0.005792811103181178 -0.48840519574854907 -0.12380770285928444 0.03205473428159246 -1.0615955716597176 -1.4933046909989673 -1.5085459136355053 
0.8893585657915266 -0.8176934764976089 -1.5692275597912715 0.8951165990641877 -0.001961110295164815 -1.5590451623394181 -1.2260997970570908 1.5643862977463756 
-0.8521641139358495 -0.6656972204115977 -1.558813742863922 0.35843005251462867 
0.7361679554813014 1.210122940257701 
-0.05837977475042039 
1.4222680454048022 0.5598942739507707 1.6987981338751692 0.6768840032487536 0.7865251417189012 1.2557541285154095 1.113171818051799 1.537744330038801 0.9632019632126697 1.4671259743174012 1.0396602493019949 1.0497239587211855 0.7105927872706981 1.1611094104586528 1.0917549355184308 0.11134350471159381 1.5794368048455998 0.4663963389212017 1.4497660988868832 0.6651716934093302 1.311072693234897 1.1695431606356683 1.9688130110607878 0.5147026826552288 1.9447034042118363 0.5356276481801299 0.21336384479588502 1.1298608943952384 1.5901585624568304 0.657647067076362 1.2824788091790242 0.4376904067720987 
1.8087713807951857 0.4428677433847079 0.5094808503407482 1.6783566637117673 0.43326525528546656 2.3341858695851867 0.3163406914224371 2.609152027544026 4.193018300873139 0.005631731096442426 0.23904402939228667 2.14346219402603 0.416700237921914 1.8646351448089629 0.07949962794489138 4.715798952356983 
0.9473981484595796 0.7760661799216986 0.5809319659426397 1.6671262024572469 3.5635790690531586 0.26601434551274616 1.318180052418634 0.3417082454274938 
0.1003804267407336 4.487392671761414 0.1765423623517732 0.9426377054440285 
0.27738802858834055 1.6577836534318005 
0.8902966396546063 
