0.5600386776648356 0.16602468611135887 0.6320166392003594 0.3468269348388975 0.6186639989475506 0.3422284276889395 0.6185567870882622 0.3318234309794547 -0.5360137058163841 -0.5016832472505706 -0.46347495635728625 -0.464133278870173 -0.8880323252347434 -0.7726496779554527 -0.8911778987880941 -0.7793324341716318 0.41009154223215993 0.47428740644143946 0.21209232351391485 0.34000084689144605 0.2408026433369602 0.31635369404094926 0.25229130927810706 0.33480017064422773 1.4715630017798618 -1.3871564480460012 -1.5386031618737552 -1.1338159317667649 -0.5268661128864588 0.034332652734777605 -0.3633710288521824 0.048190632666241164 
-0.013021458560429678 -0.24693516282227582 -0.24160355367216088 -0.22314797842133402 0.549731679432444 0.5375402370884586 0.6273428544320444 0.6295857557371276 -0.002338605021063736 0.513402656752624 0.46463096500119677 0.2896062330196619 -0.07631236875217165 0.08983430442966137 0.18268234885120987 0.2131476169945359 
0.009940230440482308 0.0049490932949089236 0.0503040196783246 0.016850721553231782 0.2574693578578348 0.4156608756940114 -0.002409158931710433 -0.04938772462811724 
0.00536726102013289 -0.006000940418133844 0.26572347519909106 -0.013029473393100626 
1.475619671581093 -0.012243137366512648 
-1.4454506980618536 
0.6651155021153986 0.3651943088142969 0.5826552135812176 0.43412405970269596 0.5570306583149501 0.4339801110761082 0.5795658452440243 0.42452574133039456 0.5728256732932959 0.44362150004207535 0.5923732908666485 0.4359179210173499 0.4904686714369441 0.4940031784821848 0.4949247352391673 0.49290704936965457 0.6173497047835711 0.40741341836279643 0.576583032327559 0.433391163219849 0.6022876200694414 0.4164551457566888 0.6094304118079015 0.42444252921839004 0.8302325244288626 0.29593758827954597 0.7829132926497613 0.32901303505876484 0.6614632004553087 0.3699618582052517 0.675288947064251 0.3801516275784586 
0.49585772814969464 0.5019047201382026 0.5084373365608816 0.4889581034431717 0.5081235431790159 0.4811463980567798 0.49109150923563494 0.49583416910265515 0.47732822170604616 0.5145061837386088 0.5126110171545106 0.4995198046773988 0.5449937664048242 0.4480606167434408 0.50049947470362 0.4880155445261297 
0.5008082349030999 0.49200170722286746 0.33643083493759623 0.7273246463577667 0.5427176526347496 0.4636696635033052 1.0712006534731413 0.23361805203973804 
0.30640317805276374 0.7929455518512178 0.27643395395412074 0.9104011980719681 
0.8750141710716629 0.2830801589235971 
0.5045286470468384 
