0.08816884100570564 0.007341750438293363 0.09035531621991133 0.00868562144041302 -0.10920210812998594 -0.1843185791280957 0.03211859446864645 -0.10691123794656922 -0.18183916007365697 -0.3379949991566673 -0.24559291789808074 -0.3807888245086294 -1.0766453241143406 -0.7610952793189137 -1.0239787748064784 -0.7724771224242352 0.22393213534870235 0.31009958041228086 0.1959347221548043 0.2932560335926114 1.0500743015157545 0.786311309547052 0.36071924393383614 0.43577075208125493 -0.7520421698105074 0.392105660048914 -0.8141330217798439 0.40382014357969914 -1.2455775628826304 -0.4199978795386697 -1.4520898786410168 -0.4349493667090158 
-0.24379767785735915 -0.23567396269431495 0.2661063048320469 0.13809602949174585 -0.6536201582869838 -0.11377402800069246 -0.03625732133164962 -0.043087392116463605 0.289593453542779 0.30152514271103154 -0.09340203282835231 0.488861575830602 0.5309126680178918 0.4479397174997063 -0.08307671072335239 0.04171951746845848 
-0.03677580463640095 0.019640232231927287 -0.59905351154646 -0.004382774755492199 0.18810087604379438 -0.15816720267709064 0.1844919299476709 0.01842700975028315 
-1.328489641920761 -0.07929063067606346 1.165307463570571 0.002236381637966845 
-0.5050355699994602 0.008676860389750447 
1.5149533365931647 
0.4982393249942727 0.5069920966807524 0.4983524205480044 0.4944806908695149 0.5032127478975622 0.49640624107428694 0.4954593546682276 0.49472993754366906 0.4927690897078909 0.5004397182169618 0.5014333895253361 0.49630939903066523 0.5099873301403306 0.4959304648666029 0.5098841378549405 0.5077088634849389 0.49221993371195194 0.5085794343888469 0.4926215876121086 0.5096323290870937 0.5051523174840905 0.5016018757608964 0.5029014237496685 0.5066878218698277 0.4993693773350402 0.49897654676531494 0.5040892055030847 0.5008457927667502 0.4995179790880774 0.5060219698608678 0.5031751834633592 0.5071608583746354 
0.49175482232539813 0.49978720138244764 0.502089460141336 0.5031129438239176 0.5080182233057304 0.4929835604528555 0.49967489956571737 0.5029457182306153 0.5049399467760743 0.5080195814905917 0.4963231399790908 0.49189566164730314 0.493787017575279 0.5006551398733586 0.49389089809208164 0.49528618273691516 
0.5027155153664865 0.5023915141710843 0.5090764218549724 0.503577855653692 0.49862327941215595 0.4912226320270892 0.5084902677424992 0.5023265110267474 
0.4983101985768803 0.5051806378018819 0.5071639608572192 0.49074867144178164 
0.5005926240408778 0.506011065395879 
0.5095898077164893 
