-0.8946349606510818 -0.6268699000082282 -0.30032813537744063 -1.4428324633245093 -1.4580413201681828 -1.4589945178432868 0.9776598520564542 0.27235057863452916 -0.8706679724838096 -0.7707294665367321 -0.9076601361072335 1.0643850923444953 -0.5300626516315405 0.7494859070996014 0.21967519623598764 1.328549168632907 0.7272467587310082 -0.30356697567013596 1.4057726354528266 0.6106905575547011 1.1874518207852403 -0.23800657757083826 0.5064771784847535 0.08282094819719213 -1.3177599866631824 -1.3733168265577689 -0.6875299652750277 -0.07139408650752245 0.38430149914202505 0.32785723876040895 1.4310911882325894 -0.6031266437427594 
-0.3034697386402806 -0.919141403155317 -0.9017435223826947 0.521708599839085 -0.625212999163313 -0.09200205051905516 -1.2131211784748033 1.532137494999636 -0.8160677825991187 0.8649875328305968 1.2106291467643702 -0.2912727779049129 -0.3911705605418345 -1.0863912274773804 -0.233831057451223 -1.566957983128956 
-0.05593587903035966 0.5923069293054877 0.24261689644440199 0.5839033683761029 0.8358981604330014 0.5681924067069987 1.4353521001906646 -0.5653889354575058 
1.4580554842236555 0.7738741575866782 1.203623037767551 -0.14343735876875474 
-1.4470798594989258 -0.9141259992387967 
-0.7745548827145707 
0.07215879888456897 1.9621722017617746 0.2551719533680695 1.4799950553877008 0.13043273301674718 1.5077915006507103 0.2881591698532131 0.901972138317095 0.6560933527606322 0.634821652072893 0.09629984408604012 2.073944630185829 0.3622014934157231 0.19434653022709147 0.31099093265871636 0.7574769483597331 0.0029699568578424457 38.487061517829225 1.0387708373120137 0.09836075311153468 0.47620873606385256 0.5152908879744101 2.4957510786058212 0.03897658820528562 0.04117710198818825 2.8258168082648463 1.0669642998250657 0.13570809434320424 0.3192426737808011 0.6939820044703667 0.3934257221330394 0.3752478788334892 
0.692303519196918 0.4512438254169208 1.6317977540213577 0.07040970555257638 0.017020083174862203 5.504824341980905 0.31618932882177014 0.5214357445052448 0.18691044266799645 2.0036251085326 0.00838802558236267 7.64213442877279 0.18191040772525977 0.6432687361451223 2.219998431804491 0.07289435479619354 
0.35816396837259684 0.9602152263974825 5.359973470624669 0.07232893416678933 0.7846170603914865 0.2111186108050721 0.4587628951895635 0.6958674422410369 
0.1365600419757819 1.7061503779743983 1.7307201436451096 0.24896302521618285 
0.09649440901727478 0.6524094492304274 
0.7329082040796147 
