-1.3849931311010468 -0.3135473075301795 1.273293129408942 0.24429963855178893 1.5172072183657959 1.443110949300012 -1.3260566084092111 -0.8914890178648109 -0.47503602118780325 0.6458437629347161 0.441278627575363 0.21336323297949297 0.15053436535920023 1.3741169340912358 -1.0594741760592927 -1.3918801113271988 -0.27350830905389456 -0.19794483629599205 0.02136681708970842 -0.013485448755602125 1.004779713689116 0.006562417081961098 -1.1278804800519717 1.5459005209986176 0.03222895254480236 1.3668753567221628 -1.4154062762553914 -1.2572824130032907 1.4456962767047952 -1.3093227181239937 1.0802272946168845 0.02778535858009367 
0.8657182026684584 0.05852131577547185 0.06487911143442428 -0.48009914007913146 1.545817772822293 1.5652694437779817 1.5562501864504943 0.00019857875984118195 -0.8152590432670542 -0.0010722002955267206 -1.5681178730063379 -1.56972776785163 1.491082360714357 1.3110418099657724 0.005914847105061136 1.4985698931115763 
1.5521380329600132 -1.4993029246878464 0.04313789662772059 0.0022275208570903472 -0.10979857053556365 -1.5523665497553438 -0.6726696913052305 0.8672904092699991 
1.5563574676099927 -0.7471526652183306 0.018659979182718524 0.6393108868750924 
-1.5291351897069907 0.033373787822499404 
0.10736335215097842 
0.7394538585111755 0.3839155436057383 1.4060732290103777 0.13434159569199539 1.8716572862741911 0.6637486427406818 1.638281516874309 0.2451387581279489 0.3143666920609469 1.7846333408219943 0.31210844790269476 1.8065602679491375 0.4683943960141504 1.8334809314867255 0.9895881396664864 0.4012494467731425 2.2225184822620148 0.5020407072845146 1.51969277497647 0.12543256782320492 0.23217937402760092 1.928712069359664 0.5747967151535255 2.637565250511901 2.09361005802081 0.0055419587558532225 7.046980067233908 0.03961379273651169 2.0293377830554147 0.22744149550056852 0.17992883410671542 2.3257079714048556 
0.6215177976794113 0.9148978511222579 0.5931958996937267 1.1589594663499607 0.5675863324854429 0.8050113099970445 0.42877934135179985 1.828032916749619 0.0014159481410350315 9.424232123745698 2.0368348668595515 0.22313438444590988 0.7925903580252661 0.9661195104637161 0.1725760794526996 1.8273449394165668 
1.5859151722997262e-05 12.800053476702422 1.2846703950839962 0.4184569018120283 1.3188932915053369 0.5736385858370913 0.36389483853135296 1.656337817454581 
0.7883202813722677 1.2024689239637532 0.5674787037218707 0.8743940727829166 
1.8847702081728255 0.46188240192920316 
1.294831226464502 
