0.33733190850991823 0.26620734716275407 -1.0887111361134012 -1.1134232354725193 -1.1961138676007457 -0.45611119200070865 -0.3334132145839669 -1.05308490355626 -1.3422326799381603 0.057501292234166036 -0.8865935101515929 0.544269107797978 -0.0044833013898925925 0.07137386129987412 -1.2295860013171185 -1.1128005110335215 0.7468908776529429 0.16476924745426122 -1.2323955318388102 0.5431836988875163 -0.9991285268081844 1.2910610489208092 0.9212832328122449 -1.2703495721272584 -1.0566247978943955 -0.9972001407706204 -1.3623101586248436 -1.1753988406729055 1.5461224987151125 -0.8135156697762396 0.7960286738475897 1.372068585288169 
1.0322462807068145 -0.49806504432709425 0.8781093108732507 -0.45673930125831796 -0.18976118021697486 1.1426005831926664 0.9972387951648765 -0.5636065733449209 0.711600053785677 -0.21796248589747766 -0.662126044633744 0.0767764267927827 0.9772177130652892 1.0138414353869418 0.3099275535601169 0.38109962296540084 
1.042132706104002 1.069728970257995 0.7433313507428095 1.1016557507824645 -1.4158276220581576 1.3695848239206303 -1.521866740576397 0.46557750703303946 
-1.5533683346774918 -1.557860881267229 0.9873863704605258 0.9447519681933855 
-1.5200001783668038 -0.9550202111097673 
0.6203914467568348 
0.26468473805091136 1.9071084729702419 0.3438522107423027 2.437453371853513 0.41123856124015734 1.4823881912077066 0.26043685263674426 1.1802148929537717 0.9366766901563308 1.2170979377771711 0.48713363250659986 2.6749256717882846 0.4043874128778865 1.8877600878018672 0.3303512791101223 2.540715730219881 0.4318285062611849 2.5152865562902367 0.8175898680318737 1.4010209225387416 0.37356100899326955 1.378777561364052 5.440047187372947 0.19371470646891772 0.3590378022668831 1.832429495883879 0.5242262137367787 2.68897665065584 0.6383776332388524 1.803545085618128 0.5040744676581851 1.7691903810737848 
0.4404176085953065 2.4285659277687395 0.9878902249024419 1.2136674575847284 0.7101620585515558 1.4565981730839201 0.351454502543958 3.140871814575537 1.968955673237576 0.5933704752855776 0.6694340692114111 2.230741155453454 1.4605745048203977 0.7961372745690425 0.7671345808204124 1.2418451056440518 
2.0978613705276414 0.37417739760933116 0.5447915093918597 1.3004840475202437 0.5296249190244658 1.2771414960620868 2.198913528095868 0.6427262882104063 
0.983132510579041 1.6010080617278664 3.6755042643341658 0.48912970926447774 
0.32930511297485954 2.619040460464738 
0.8460674692139825 
