0 0 0 0 0 0 0 0 0 0 0 0 0 0 0 0 0 0 0 0 0 0 0 0 0 0 0 0 0 0 0 0 0 0 0 0 0 0 0 0 0 0 0 0 0 0 0 0 0 0 0 0 0 0 0 0 0 0 0 0 0 0 0 0 0 0 0 0 0 0 0 0 0 0 0 0 0 0 0 0 0 0 0 0 0 0 0 0 0 0 0 0 0 0 0 0 0 0 0 0 0 0 0 0 0 0 0 0 0 0 0 0 0 0 0 0 0 0 0 0 0 0 0 0 0 0 0 0 
0 0 0 0 0 0 0 0 0 0 0 0 0 0 0 0 0 0 0 0 0 0 0 0 0 0 0 0 0 0 0 0 0 0 0 0 0 0 0 0 0 0 0 0 0 0 0 0 0 0 0 0 0 0 0 0 0 0 0 0 0 0 0 0 
0 0 0 0 0 0 0 0 0 0 0 0 0 0 0 0 0 0 0 0 0 0 0 0 0 0 0 0 0 0 0 0 
0 0 0 0 0 0 0 0 0 0 0 0 0 0 0 0 
0 0 0 0 0 0 0 0 
0 0 0 0 
0 0 
0 
0.5593575774676565 0.45623950074777414 0.5418631510007281 0.4545739746357518 0.5427048066148535 0.4571064288995058 0.5567103515910308 0.4464179684964573 0.5500407419550402 0.45202845103908007 0.5522603933038523 0.4508838294253662 0.5433471304331635 0.45078591369833115 0.5495419249267477 0.4605428655526369 0.5495065706890823 0.4453486954257013 0.5620585316666007 0.46111836885240404 0.5599087670911942 0.45591946232028163 0.5601433276828242 0.4558766001358623 0.5443745932562365 0.4545013349032343 0.5585962291013669 0.4479401980169424 0.5469224479663032 0.45180127454776625 0.5448313478332495 0.44383352120709324 0.5573474910450514 0.458388067834986 0.5496578615710366 0.4562737899471596 0.556894017399142 0.456834739693755 0.5455667356514424 0.4561423567424529 0.5630062289017848 0.4537900263322696 0.5534647386069316 0.4539615023262652 0.547008343429997 0.4484120676945405 0.5548720492253265 0.46082467687009576 0.550022204808134 0.4550351419440348 0.546180981036928 0.4530156871364859 0.5411350298925227 0.45953971338808375 0.5576831070897313 0.4580200165046131 0.5551178632548631 0.44230629028930923 0.5589875868491718 0.44056208471981 0.5548307558372134 0.4504518790347762 0.5516332096513323 0.44810796196529545 0.5573645682105142 0.44337562151393517 0.5549236632818322 0.4417688350380016 0.5507354508636392 0.45028647925113385 0.5485244923709983 0.4474990769320876 0.5592135409066499 0.4595816393180313 0.5476521800569474 0.44679151740806233 0.5611423764469987 0.45007986789779114 0.5541073196222827 0.44778460410400966 0.5468993447105828 0.4442215383667211 0.55407391665468 0.45383389186426815 0.5526298674455132 0.4428256937095129 0.5657107595446454 0.4490557757139912 0.5590146999044483 0.44788046751974486 0.5615732906927922 0.4484684761453948 0.5608583998453144 0.44696164041607467 0.5605234440964505 0.443173446603253 0.5618660218682456 0.443174247069354 0.5491295163773751 0.46092076203625204 0.5443348234520528 0.4475273643871408 0.5447561946735995 0.44965239350024233 0.5434186469976552 0.45300442844447864 0.5609397651411308 0.4443885628039068 0.5595676717902117 0.4608778458503216 0.5430498008968428 0.4512635324417882 0.5510139209761427 0.4449419596108445 0.5632546755041862 0.44792226975514626 0.5587010656283953 0.4529441782322868 0.5503890698228658 0.4423755177820425 0.5443538681104432 0.4577533619741865 0.5469394601014455 0.45627721270557076 0.545709313406716 0.45461421155327625 0.5560071160916757 0.4559096506671421 
0.5092606861081239 0.4982174845857272 0.5060679981054311 0.49875084439664064 0.498314830107588 0.49787590189211206 0.4997908703076177 0.4967422382396128 0.4984225581467442 0.49930144597218795 0.5074574050559406 0.5010404164029421 0.5012456475361395 0.49922673653632843 0.4954305484040494 0.5002069061303405 0.4958442776279079 0.49535469978928065 0.4927979715748226 0.4980989774479238 0.5066455160660821 0.4981916955680166 0.5018484351182999 0.49897919742038155 0.49223234966967644 0.4970555474947935 0.490193903982768 0.502423099339581 0.4913910174041999 0.4942945871822876 0.4994459873563067 0.49381004692095204 0.49371235442388006 0.5097107298433652 0.49061958019942686 0.5044133786454602 0.4907703010004124 0.49603472940313154 0.4985502962386534 0.4994983420183509 0.5074860795777453 0.4949763297889564 0.4992710412579905 0.5066585153517059 0.5022240565853998 0.4929822981523632 0.4904188108327683 0.5091252005906338 0.5069795989622483 0.5065213901693421 0.4995566581196035 0.4913240846252895 0.48930226949502026 0.5052173596459887 0.49883794311755975 0.49232979846727365 0.4985144072292047 0.5078039211155041 0.49569970727095286 0.509492272295042 0.49339757408266677 0.5078794754628595 0.49875566546756733 0.509021623282451 
0.4963364487810279 0.4943145304269433 0.5051744740996207 0.49344533624231346 0.4913093866780743 0.5032464320835751 0.4991002174551404 0.49339685363447466 0.5053132481314133 0.494856289060677 0.5107189341172699 0.5045929354263281 0.506935096841933 0.5037771862749856 0.49937551123732804 0.4955758784292606 0.49577706469236876 0.5070618704885814 0.49261992685136896 0.5006866758726677 0.4896999522340047 0.5049427193678067 0.49090171407962674 0.5038554630572804 0.49401634740131134 0.5069137599727702 0.5035694667186136 0.49150441318154703 0.49278582426157924 0.5049728744039684 0.5046999539291276 0.4945055729071608 
0.5078003363591923 0.5073011614603494 0.49711580894894875 0.493986117914391 0.4995336409327447 0.4948282924159536 0.48726763442254584 0.5120596950942305 0.5082808227036455 0.5049950104359212 0.5027331942122861 0.5108548499303178 0.5052266007494927 0.5046932045908974 0.5107834473855061 0.4908469041030251 
0.4885105751172542 0.5013371719084303 0.4958129015998042 0.5047610299292057 0.4937172486847352 0.5064815705369102 0.4982004375934058 0.5024120985941692 
0.490121098579984 0.49805120552500537 0.5076788533023223 0.4926120077284906 
0.4927307391560565 0.5055310598831524 
0.5003177563198627 
