-0.7993426220540597 0.7357405675537876 1.5672852834819677 -0.05845469672668457 1.476261600555112 1.0863684607168407 -0.6489282871504821 0.6459960636499761 -0.5579780336295643 0.38604825855786684 -0.5786177432738727 0.8638036537601519 0.42247092241058737 -0.2742369956524524 -0.7018079448739469 -0.5627853699337577 -1.2166699101928349 -0.7608530392786053 -1.1070157063353192 -0.7039084158193357 1.225180806154527 -0.5286138010597917 -0.17866437017189485 -0.5187995392567579 1.1830160902051836 0.21874350689157754 -0.3503750583580165 0.492625502757454 -0.6448152279709868 -1.5003135911608128 1.0192683098274082 0.5018102325397683 
-0.5460150293898552 0.7663984103720753 -0.8097995824877698 -0.9106343234633351 -1.0752842874992987 1.2015752906679273 -0.7191018486349569 -0.5289114365562662 0.98982697700086 0.9802148649102734 -0.9501690039294619 -0.9570839100970417 -1.063935562733678 -1.0974888213719531 0.568640202437944 0.5469120381648488 
-1.4451187666675727 0.24647179734623487 -1.4709739389273262 0.06315636248714529 0.016396820068819346 -1.230062199342757 0.053048863343969604 -0.06668898153468517 
-0.0009421935222658142 1.264755907353578 -0.04423353202912564 -0.9192854207182565 
1.068418565880946 1.3888669602276889 
-1.503971560030387 
0.3774644352905425 1.5122007927617978 0.15671407842996657 1.8358501355751995 0.19928552100374924 3.628832711003042 0.37113638702506 2.5885991551106273 0.7389767111037318 1.024739662093489 6.226629732841602 0.14888044731414815 0.3930128235182919 1.751236180210281 0.3059469663434186 2.171440221418815 0.16587784831454944 6.393788066179714 0.1407806724963304 5.396864152414887 0.2690284609892842 7.266146750324726 0.13732977573047547 4.136997048547024 0.6914441939427228 2.1231045827210755 0.30452563636077873 1.1809701776711166 0.30746856068998557 3.3524092189747403 0.279336498614832 4.14259748241824 
0.749545584679378 1.6065927261078254 2.970330085731183 0.17981119583355953 0.20434408730443993 5.428696227900378 0.19481761964200253 3.175058791379934 1.1382690276485905 0.7780614108608788 1.2234352207804697 1.09831584290328 1.3793684297655475 0.7833173257996312 0.8563761526431242 1.3024344744433094 
0.26343183115463237 1.8718621515557603 2.5374199091010596 0.31581206984806953 2.147873157862777 0.5379528689924593 0.3842494596812197 1.5982811514737658 
0.34892895728311635 3.0821552773926024 2.9190437641580997 0.5593662503568365 
2.4830486373608274 0.4537020220427058 
1.1237911175512458 
