0.2640347678925714 0.11956865139362775 0.2757255462483954 0.11201579542466811 -0.1493452321525659 -0.2468969255688539 0.03415965744471267 -0.14087263112275886 -0.15696394628635651 -0.3010125905420004 -0.4047280180940605 -0.3312712199460158 -1.2351415370332919 -1.135622485569784 -1.1941402331409574 -1.1471564471886853 0.29164457353491474 0.33962123202210004 0.24566791813874964 0.3289244035438234 1.0009948451720607 0.947616436118206 0.37870161072109215 0.41322585171250836 -0.9725379495462533 0.3182626820501981 -1.0679319398204552 0.41041506584023674 -1.423930289705344 -0.9616189035868686 -1.5208106357929092 -1.004836672953653 
-0.2610025499073733 -0.19875903362933178 0.34911269574125636 0.26444029151773574 -0.7380478961745142 0.007098870791624051 -0.05457201122245814 -0.059469935575673046 0.3614522408759081 0.3722113592299464 -0.09944288466109874 0.5392086830498106 0.6952802579567943 0.4830080404402609 0.048871445144450285 0.05183612961813371 
-0.0020884752351705547 0.038672068332404635 -0.9084250050575822 0.0010012977271913598 0.050405847237640515 -0.1349622344086751 0.04698004844665618 0.0023620399515254763 
-1.3499507192881302 -0.04410487814929259 1.2426666553631514 0.015773696909585324 
-0.1946303924347762 0.15092156476363824 
1.3087426907649917 
0.4982393249942727 0.5069920966807524 0.4983524205480044 0.4944806908695149 0.5032127478975622 0.49640624107428694 0.4954593546682276 0.49472993754366906 0.4927690897078909 0.5004397182169618 0.5014333895253361 0.49630939903066523 0.5099873301403306 0.4959304648666029 0.5098841378549405 0.5077088634849389 0.49221993371195194 0.5085794343888469 0.4926215876121086 0.5096323290870937 0.5051523174840905 0.5016018757608964 0.5029014237496685 0.5066878218698277 0.4993693773350402 0.49897654676531494 0.5040892055030847 0.5008457927667502 0.4995179790880774 0.5060219698608678 0.5031751834633592 0.5071608583746354 
0.49175482232539813 0.49978720138244764 0.502089460141336 0.5031129438239176 0.5080182233057304 0.4929835604528555 0.49967489956571737 0.5029457182306153 0.5049399467760743 0.5080195814905917 0.4963231399790908 0.49189566164730314 0.493787017575279 0.5006551398733586 0.49389089809208164 0.49528618273691516 
0.5027155153664865 0.5023915141710843 0.5090764218549724 0.503577855653692 0.49862327941215595 0.4912226320270892 0.5084902677424992 0.5023265110267474 
0.4983101985768803 0.5051806378018819 0.5071639608572192 0.49074867144178164 
0.5005926240408778 0.506011065395879 
0.5095898077164893 
