[0.22597441] z:[0.30335362 0.23911287 0.55771445 0.52325148 0.76021364 0.48238861
 0.24749606 0.20029233 0.37722297 0.60982827 0.7059873  0.43645041
 0.57808116 0.56312597 0.38517229 0.76754007 0.74343123 0.57913978
 0.54586804 0.37089621 0.27970096 0.59418796 0.38650646 0.38705055
 0.44358075 0.51672028 0.34054946 0.39912975 0.7094023  0.54915184
 0.6272155  0.55115212 0.67550309 0.45759198 0.51604582 0.52172679
 0.66535912 0.65837276 0.20606766 0.37853876 0.42199599 0.24781984
 0.56390892 0.46554501 0.62878335 0.75067545 0.75703956 0.75041299
 0.22811788 0.19262643 0.38308139 0.28513074 0.4449696  0.70716252
 0.53718348 0.67676217 0.58303064 0.51508289 0.6217822  0.72644216
 0.24934495 0.44609088 0.31397753 0.66510155] t:[ 0.14333789 -0.82340891 -0.31321213  1.47837953  1.32467049  0.50426342
 -0.99360156  1.5380327   0.080871    0.55786397  0.40217341 -0.11443906
 -0.83198263  0.46635531 -1.05105834 -0.26575855 -0.56677118  0.10900655
 -0.65894005  1.32213554 -0.43604295  0.24046699 -1.10843619 -0.17129142
 -1.07011125 -1.13270605  1.0162598   1.15292756  0.6493785   0.33241883
 -1.04738637  1.38529018 -1.05339068 -0.65621159 -1.39377867  1.09369723
  1.13900846  1.1301239  -0.81547843  0.33133065 -1.54941685 -0.09638089
 -1.36438654  0.02901838 -0.12857986 -0.09470081 -0.28249479 -0.08733278
 -1.26056969  0.26044714 -0.75735617  1.12029233  0.24874863 -1.52673314
 -0.93962915 -1.17393327 -0.22349211  0.77321084  1.29987409  0.42381465
 -1.10273908  0.47040663  0.41153796 -1.46336627]
[0.22440901] z:[0.30316871 0.23892796 0.55675335 0.52229038 0.7595396  0.48171457
 0.24825998 0.20105625 0.37833106 0.61093636 0.70625619 0.4367193
 0.57776478 0.56280959 0.38471822 0.767086   0.7439268  0.57963534
 0.54621914 0.37124731 0.27959471 0.59408172 0.38628529 0.38682938
 0.44396457 0.51710411 0.34058486 0.39916516 0.70963549 0.54938503
 0.62782145 0.55175807 0.67565594 0.45774483 0.51581427 0.52149523
 0.66572664 0.65874028 0.20667782 0.37914892 0.42244715 0.248271
 0.56378188 0.46541797 0.62909738 0.75098949 0.75685187 0.75022529
 0.22701397 0.19152251 0.38178445 0.28383379 0.44350487 0.70569778
 0.53776717 0.67734586 0.58305064 0.5151029  0.62149485 0.72615481
 0.24957303 0.44631895 0.31454212 0.66566614] t:[ 0.14455154 -0.82334548 -0.31216534  1.4769179   1.32680224  0.50371253
 -0.99324632  1.5376277   0.08213382  0.55811809  0.40317154 -0.11559156
 -0.83138522  0.46657174 -1.05119482 -0.2664382  -0.56544494  0.10987577
 -0.65886878  1.32169793 -0.43580709  0.24047542 -1.10901935 -0.17047165
 -1.07121894 -1.1321613   1.01605218  1.15300288  0.64891255  0.3325054
 -1.04676047  1.3859348  -1.05383878 -0.65696073 -1.39402601  1.09294357
  1.13921679  1.12942596 -0.8151746   0.33196576 -1.54993872 -0.09585231
 -1.36251438  0.02815295 -0.13001276 -0.09646094 -0.28272144 -0.08814581
 -1.26053476  0.26101185 -0.75812411  1.1201563   0.24909246 -1.52642361
 -0.93986213 -1.1736867  -0.22144818  0.77271544  1.29948595  0.42379638
 -1.10305935  0.47027791  0.41075814 -1.460675  ]
[0.22259517] z:[0.30296844 0.23872769 0.55572897 0.52126601 0.75885472 0.48102969
 0.24907661 0.20187288 0.37946461 0.61206991 0.70650893 0.43697203
 0.57742316 0.56246796 0.38414669 0.76651447 0.74444837 0.58015691
 0.54657784 0.37160601 0.27947604 0.59396304 0.38604997 0.38659406
 0.4443358  0.51747533 0.34057927 0.39915956 0.70986678 0.54961631
 0.62845105 0.55238767 0.67579448 0.45788337 0.51555931 0.52124027
 0.66610157 0.65911521 0.20728479 0.37975588 0.42293529 0.24875914
 0.56364553 0.46528161 0.62940971 0.75130182 0.75670861 0.75008204
 0.22580609 0.19031463 0.38039715 0.28244649 0.44197983 0.70417274
 0.53834165 0.67792034 0.58303255 0.5150848  0.62116896 0.72582892
 0.24981891 0.44656483 0.31509624 0.66622026] t:[ 0.14584489 -0.8232836  -0.31104668  1.47538446  1.32901857  0.5031486
 -0.99287031  1.53719647  0.08346179  0.55839325  0.40424036 -0.11679776
 -0.83076798  0.46678851 -1.0513207  -0.26706302 -0.56404373  0.1107707
 -0.65880319  1.32122801 -0.4355581   0.2404705  -1.10962745 -0.16963762
 -1.0723965  -1.1315542   1.01585335  1.15312619  0.6484213   0.33260942
 -1.04611646  1.38665065 -1.05430939 -0.65774055 -1.39428231  1.09218709
  1.13941582  1.12863161 -0.81485272  0.33262622 -1.5504872  -0.09527796
 -1.36055553  0.02723541 -0.13146718 -0.09826721 -0.28300928 -0.0889767
 -1.26051157  0.26159725 -0.75892543  1.11999307  0.24948374 -1.52613662
 -0.94013293 -1.17347769 -0.21927314  0.77220746  1.29908421  0.42373098
 -1.10339086  0.47017492  0.40994053 -1.45783826]
[0.22075077] z:[0.30277222 0.23853147 0.55465627 0.5201933  0.75817008 0.48034505
 0.24997583 0.2027721  0.38066157 0.61326687 0.706776   0.43723911
 0.57709096 0.56213577 0.38348608 0.76585386 0.74502072 0.58072926
 0.54697056 0.37199873 0.2793669  0.59385391 0.38582314 0.38636723
 0.44471883 0.51785836 0.34055181 0.3991321  0.71012284 0.54987238
 0.62913435 0.55307097 0.67594893 0.45803782 0.51530863 0.5209896
 0.66651512 0.65952876 0.20792041 0.38039151 0.42348929 0.24931314
 0.56352205 0.46515814 0.62974702 0.75163913 0.75662926 0.75000269
 0.22451257 0.18902112 0.37894068 0.28099002 0.44040834 0.70260125
 0.53893801 0.6785167  0.58301304 0.5150653  0.620829   0.72548896
 0.25010549 0.44685142 0.31567605 0.66680007] t:[ 0.1472234  -0.82322341 -0.30985273  1.47377104  1.3313263   0.50256371
 -0.99247186  1.53673586  0.08486204  0.55869716  0.40538665 -0.11807949
 -0.83012633  0.46701079 -1.05142535 -0.26763841 -0.56256205  0.11170158
 -0.65874152  1.32072965 -0.43529642  0.24045579 -1.11026476 -0.16877824
 -1.07364733 -1.13089544  1.01566447  1.15328796  0.64790485  0.33273249
 -1.04545334  1.38744915 -1.05480315 -0.65855972 -1.39454088  1.09141764
  1.13959977  1.12774374 -0.81451056  0.33331914 -1.55106517 -0.09465159
 -1.35850428  0.02625842 -0.13295314 -0.10014274 -0.28335593 -0.08982311
 -1.26049895  0.26220811 -0.75976614  1.11979995  0.24992377 -1.52587244
 -0.94044516 -1.17329968 -0.21696803  0.77168533  1.29866328  0.42362263
 -1.10373568  0.4700918   0.40908353 -1.45484081]
[0.21890828] z:[0.30259374 0.23835299 0.55354681 0.51908384 0.75752143 0.4796964
 0.25097445 0.20377072 0.38192526 0.61453056 0.70706179 0.43752489
 0.5767672  0.561812   0.38273836 0.76510613 0.74565945 0.581368
 0.54740713 0.3724353  0.2792787  0.5937657  0.38561264 0.38615673
 0.44511996 0.51825949 0.34050579 0.39908608 0.710414   0.55016354
 0.62988132 0.55381794 0.67612523 0.45821412 0.5150676  0.52074856
 0.6669781  0.65999175 0.20858604 0.38105713 0.42412497 0.24994882
 0.5634229  0.46505899 0.63011925 0.75201136 0.75664145 0.75001488
 0.2231452  0.18765375 0.37741401 0.27946336 0.43880206 0.70099498
 0.53955464 0.67913333 0.58300298 0.51505523 0.62048513 0.72514509
 0.25044621 0.44719213 0.31628191 0.66740593] t:[ 0.14868707 -0.82316239 -0.30857961  1.47206795  1.33372303  0.5019758
 -0.99204966  1.5362443   0.08633516  0.55900499  0.40661723 -0.11938405
 -0.82946726  0.46722855 -1.05150885 -0.26823665 -0.56099769  0.11265738
 -0.65868695  1.32019772 -0.43502173  0.24042544 -1.11093073 -0.1678995
 -1.07496242 -1.1301628   1.01548983  1.15349811  0.64736305  0.3328666
 -1.04477607  1.38834111 -1.05532346 -0.65942352 -1.39480573  1.09066726
  1.13976533  1.126746   -0.81414846  0.33403298 -1.55167229 -0.09399068
 -1.35635892  0.02523117 -0.13447586 -0.10209212 -0.28377502 -0.09065451
 -1.2605025   0.26283127 -0.7606469   1.11958718  0.25042586 -1.52561074
 -0.94081625 -1.17315426 -0.21451868  0.77114709  1.29822371  0.42346773
 -1.1040931   0.4700382   0.40818974 -1.45169812]
[0.21702244] z:[0.30238426 0.23814351 0.55235072 0.51788776 0.75685852 0.47903349
 0.25202341 0.20481968 0.38320512 0.61581042 0.70733025 0.43779335
 0.57641607 0.56146088 0.38187608 0.76424386 0.74630863 0.58201717
 0.54783615 0.37286432 0.27915928 0.59364629 0.38537135 0.38591544
 0.44548787 0.51862741 0.34039728 0.39897758 0.71069187 0.55044141
 0.63064218 0.5545788  0.67627943 0.45836832 0.51479457 0.52047554
 0.66744266 0.66045631 0.20922458 0.38169567 0.42478688 0.25061073
 0.56330185 0.46493794 0.63048017 0.75237228 0.75668536 0.75005879
 0.22166679 0.18617534 0.3757857  0.27783504 0.43711734 0.69931025
 0.54014812 0.67972681 0.58295645 0.5150087  0.62009064 0.7247506
 0.2507982  0.44754413 0.31686534 0.66798936] t:[ 0.15024495 -0.82310369 -0.30722769  1.47027899  1.33620431  0.50137531
 -0.99160168  1.5357232   0.08788783  0.55933518  0.40793515 -0.12072251
 -0.82878459  0.46744596 -1.05155826 -0.26884518 -0.55934396  0.11363674
 -0.65863939  1.3196285  -0.43473446  0.2403756  -1.11162513 -0.16699914
 -1.07634702 -1.12938143  1.01533186  1.15374297  0.6467935   0.33302146
 -1.04408543  1.38930948 -1.05587124 -0.66033147 -1.39507348  1.0899296
  1.13990618  1.12563926 -0.81375714  0.33477735 -1.55231166 -0.09328087
 -1.35411933  0.02414432 -0.13603844 -0.10413106 -0.28423386 -0.09146231
 -1.26051864  0.2634647  -0.76156926  1.11935409  0.2509817  -1.52535832
 -0.94123301 -1.17304875 -0.2119361   0.77060345  1.29776947  0.42325764
 -1.10446559  0.47001707  0.40724875 -1.4484063 ]
[0.21501555] z:[0.30218237 0.23794162 0.55110198 0.51663901 0.75621577 0.47839074
 0.25316757 0.20596384 0.38454226 0.61714757 0.70762025 0.43808335
 0.57608025 0.56112505 0.38093275 0.76330053 0.74700379 0.58271234
 0.54829486 0.37332303 0.27904625 0.59353325 0.38513839 0.38568248
 0.44585702 0.51899656 0.34025835 0.39883865 0.71099487 0.55074441
 0.63145558 0.5553922  0.67644597 0.45853486 0.51452456 0.52020553
 0.6679451  0.66095874 0.20987489 0.38234599 0.4255189  0.25134275
 0.56319645 0.46483254 0.63086706 0.75275917 0.75681276 0.75018619
 0.22010584 0.18461438 0.37408695 0.27613629 0.43538911 0.69758202
 0.54075728 0.68033597 0.58290702 0.51495928 0.6196812  0.72434116
 0.25120146 0.44794738 0.31746556 0.66858958] t:[ 0.15189426 -0.82304721 -0.30579628  1.46839613  1.33876696  0.50077288
 -0.99112662  1.53516608  0.0895174   0.55968689  0.40935074 -0.12210603
 -0.82807889  0.46765983 -1.0515773  -0.26947889 -0.5576032   0.11463731
 -0.65859889  1.31901725 -0.43443505  0.24030461 -1.11234829 -0.16608457
 -1.07779383 -1.12855145  1.01519373  1.15403129  0.64620519  0.33320437
 -1.04338301  1.3903473  -1.05644801 -0.66130503 -1.39533937  1.08921386
  1.1400216   1.12441003 -0.81334267  0.33555308 -1.55298564 -0.09251954
 -1.35179178  0.022993   -0.13764237 -0.10627517 -0.28475123 -0.09224226
 -1.26054985  0.26411197 -0.7625334   1.11910194  0.25159627 -1.52510157
 -0.94170826 -1.17298138 -0.2092179   0.77005752  1.29729841  0.42298714
 -1.10485361  0.47003272  0.40626514 -1.44495123]
[0.21286934] z:[0.30196458 0.23772383 0.54978174 0.51531878 0.75555973 0.4777347
 0.25437976 0.20717603 0.38592197 0.61852727 0.70790877 0.43837187
 0.57574198 0.56078678 0.37989458 0.76226236 0.74771863 0.58342717
 0.54875829 0.37378646 0.27890707 0.59339407 0.38489373 0.38543782
 0.4461975  0.51933703 0.34005515 0.39863545 0.71129826 0.5510478
 0.63230014 0.55623676 0.67660585 0.45869474 0.5142349  0.51991587
 0.66846861 0.66148225 0.21051694 0.38298803 0.42630507 0.25212892
 0.5630803  0.46471639 0.63125551 0.75314762 0.75700039 0.75037381
 0.21841955 0.1829281  0.37228538 0.27433473 0.43358711 0.69578002
 0.54136186 0.68094055 0.58284199 0.51489425 0.61922795 0.7238879
 0.25162937 0.4483753  0.31806167 0.66918569] t:[ 0.15362984 -0.82299494 -0.30429506  1.46644128  1.34139858  0.50015288
 -0.99062427  1.53457139  0.09121795  0.56006635  0.4108719  -0.12356158
 -0.82734652  0.46787753 -1.05155541 -0.2701169  -0.55577779  0.11566446
 -0.65856476  1.31834996 -0.43412123  0.24021015 -1.11309921 -0.1651512
 -1.0792913  -1.1276746   1.01507273  1.1543558   0.64559787  0.33343011
 -1.04267353  1.39145967 -1.05704972 -0.66233245 -1.39559158  1.08850931
  1.14009752  1.12303951 -0.81290338  0.33636235 -1.55369632 -0.09169733
 -1.34937869  0.02177406 -0.1393025  -0.10853201 -0.28530129 -0.09301151
 -1.26059339  0.26476796 -0.76353269  1.11881968  0.25226289 -1.52486405
 -0.9422276  -1.17294897 -0.20638844  0.76949939  1.29680841  0.4226529
 -1.10525589  0.47008818  0.40524201 -1.44132951]
[0.21081957] z:[0.30178505 0.2375443  0.54843649 0.51397352 0.754952   0.47712697
 0.2557236  0.20851987 0.38739978 0.62000508 0.70826393 0.43872704
 0.57546918 0.56051398 0.37882881 0.76119659 0.74850439 0.58421293
 0.54928146 0.37430962 0.27880169 0.59328869 0.38469465 0.38523874
 0.44657261 0.51971214 0.33985457 0.39843486 0.71165902 0.55140856
 0.63322726 0.55716388 0.67682333 0.45891222 0.51399158 0.51967255
 0.66907696 0.6620906  0.21120001 0.3836711  0.42719077 0.25301462
 0.56301297 0.46464906 0.63170471 0.75359682 0.75730926 0.75068269
 0.21668944 0.18119799 0.37045672 0.27250607 0.43176855 0.69396146
 0.54200847 0.68158716 0.58281959 0.51487184 0.61879488 0.72345483
 0.25214633 0.44889226 0.31871298 0.669837  ] t:[ 0.15547274 -0.8229497  -0.30269735  1.46441931  1.34412196  0.49954276
 -0.99008971  1.53394412  0.09301976  0.56046591  0.41249609 -0.12506658
 -0.82658543  0.46808948 -1.05149687 -0.27078999 -0.5538505   0.11670652
 -0.65853406  1.31764432 -0.43379401  0.24009382 -1.11388381 -0.16420294
 -1.08085127 -1.12678153  1.0149746   1.15471388  0.64497804  0.33369011
 -1.04195061  1.39262384 -1.05768367 -0.66343349 -1.39582994  1.08782941
  1.14013808  1.12156034 -0.81243666  0.33720533 -1.55445676 -0.09082082
 -1.34685814  0.02048783 -0.14102326 -0.11091264 -0.28589828 -0.09373976
 -1.26065674  0.26543908 -0.76457826  1.11852205  0.25300197 -1.52461833
 -0.9428184  -1.17294932 -0.2033912   0.76893379  1.29630129  0.42226883
 -1.10567597  0.47017747  0.4041651  -1.43757301]
[0.20863726] z:[0.30151676 0.23727601 0.54693301 0.51247004 0.75424846 0.47642343
 0.25708586 0.20988213 0.38887395 0.62147925 0.70856253 0.43902563
 0.57516621 0.56021101 0.3775972  0.75996498 0.74923944 0.58494798
 0.5497443  0.37477246 0.27860936 0.59309637 0.38441544 0.38495954
 0.44684787 0.5199874  0.33952142 0.39810171 0.71196431 0.55171385
 0.63412102 0.55805764 0.67697152 0.45906041 0.51365809 0.51933906
 0.66964732 0.66266096 0.21182859 0.38429969 0.42806807 0.25389192
 0.56287737 0.46451346 0.63210235 0.75399446 0.75760004 0.75097347
 0.21476939 0.17927794 0.3684695  0.27051884 0.42981161 0.69200452
 0.54258804 0.68216673 0.58272889 0.51478114 0.61827155 0.72293151
 0.2526234  0.44936933 0.31931078 0.6704348 ] t:[ 0.15742021 -0.82290783 -0.30100118  1.46230327  1.34692046  0.49891366
 -0.98952265  1.53326384  0.09491877  0.56090081  0.4142452  -0.12666335
 -0.82579572  0.46830908 -1.05140016 -0.27148419 -0.55182476  0.11777646
 -0.65850597  1.31687567 -0.43345823  0.2399512  -1.11470424 -0.16323676
 -1.08247975 -1.12584595  1.01490342  1.15511175  0.64437246  0.33400186
 -1.04122562  1.39384626 -1.05834349 -0.66462563 -1.39604202  1.0871519
  1.14013718  1.11994836 -0.81194071  0.33808946 -1.55526773 -0.08989214
 -1.34422617  0.01913557 -0.14281062 -0.11341329 -0.28653852 -0.09444812
 -1.26073876  0.26612368 -0.76567627  1.11819732  0.2538157  -1.52437377
 -0.94347466 -1.17298336 -0.20024076  0.76837226  1.29577653  0.42181725
 -1.10611508  0.47030099  0.40304473 -1.43364141]
