[0.55202033] z:[0.41442562 0.24136799 0.42206854 0.44236676 0.73991551 0.48566206
 0.6281546  0.4754279  0.72579482 0.62781099 0.31304046 0.75756851
 0.40154114 0.36716042 0.55829403 0.7528854  0.35990618 0.60016072
 0.71536902 0.63427474 0.60248036 0.4004113  0.49566804 0.31266072
 0.57912365 0.74711788 0.64696403 0.74360444 0.26995564 0.28195663
 0.44636451 0.28036143 0.41679435 0.60971448 0.20394096 0.74894267
 0.68770269 0.3917666  0.39294092 0.4290412  0.44367532 0.77748537
 0.31037087 0.68880546 0.72242489 0.68900895 0.35197135 0.31673103
 0.60011677 0.27272402 0.49998176 0.50796041 0.34998567 0.52083411
 0.3734857  0.76457827 0.51933062 0.26991225 0.25392772 0.55684841
 0.68489441 0.58535075 0.36082645 0.71838663 0.44912782 0.61032482
 0.72748585 0.29590131 0.69897372 0.77950846 0.56897375 0.77184971
 0.49578547 0.59540971 0.45051221 0.62135333 0.52171135 0.24028095
 0.5770945  0.58036938 0.39035463 0.65729539 0.41343873 0.63470398
 0.21967869 0.30760076 0.5220278  0.71910462 0.46655571 0.39704266
 0.37196814 0.43646646 0.34069798 0.49615618 0.32096972 0.53202208
 0.23347124 0.52983705 0.4467878  0.42574571 0.77520395 0.67852174
 0.33526019 0.44706165 0.34140673 0.39832261 0.40685351 0.50966725
 0.77628518 0.45880129 0.75136243 0.23069342 0.63319979 0.79790047
 0.62955787 0.46792442 0.65068997 0.35647347 0.64895523 0.50459468
 0.71480877 0.29879503 0.21966524 0.21325875 0.50528937 0.3928459
 0.58251913 0.63520026] t:[ 0.67073481  1.32999275  1.4639595  -0.78214738 -0.8136448   1.30458393
 -0.77594935  0.94752362  1.15923288 -0.42294134 -0.59951538  0.39297195
 -0.623191   -0.6850058  -0.33693264  1.07296343 -0.37280366  0.96533894
  0.60709958  0.79839506  0.13135641 -0.26395477  0.71799482 -0.87147773
 -1.35101937  0.31552875  0.01074922 -0.78295992 -0.63662934 -0.09288173
  0.15020999  1.35921187  1.56422277  0.54373561 -0.29189842 -1.16706627
 -0.04231418  0.45008213 -0.46665328  1.45198483  0.26170311 -0.15151499
  0.42138518 -0.92464651  1.1669501  -0.88077124  1.11316632 -0.31283384
  0.7933893   0.20716171 -1.47330492 -0.77581577  1.15787971 -1.32136465
  0.06236971 -0.88181679 -0.37593897  1.43242229 -1.49805343  1.34609836
  0.58314148  0.96119701  0.67855562  0.35687077 -1.42258083  0.69406416
  0.73830132  0.16826827  0.43503801 -0.4349032   1.46172701 -0.41247271
 -1.29583961  1.31855544  0.34147445 -1.31222817 -0.55771324  1.28952661
 -1.06211742 -0.07994137  1.3106942   1.42268156 -0.96893078 -0.41818943
  1.49040414 -1.28504807  1.38610613  0.36503553  1.55227464 -1.43027439
  1.27267698 -0.11559912  0.37849954  0.84630038 -1.18328306  0.39745782
 -0.47464203 -0.28557598  1.44891489  0.72384891  0.31068546 -0.35283856
 -1.36277096 -0.58629155  0.95220817  0.56369806 -0.56670167  0.8934353
 -1.24842258 -0.12145879 -1.31663763  1.42293304 -0.48912735 -0.55458542
  1.44083676 -0.46832532 -1.03161691 -0.1797382   0.33131658 -1.04713046
 -0.90643108 -0.95053701 -0.80240595 -0.01454857 -1.07746558  0.29157487
 -0.2125651  -0.67902808]
