[0.32697549] z:[0.69452515 0.57208185 0.618246   0.27877073 0.71346579 0.55244095
 0.47241691 0.7407554  0.40836172 0.61478241 0.34144963 0.6147628
 0.5598633  0.29427419 0.69924118 0.6380378  0.30536579 0.73516612
 0.35738196 0.23193772 0.47639617 0.62569868 0.23340621 0.28864403
 0.76328684 0.24372694 0.29164231 0.30958278 0.28958035 0.70954207
 0.43525282 0.71594685] t:[ 0.58781547 -0.64235272 -0.94115234  0.04751738 -1.2219141  -0.65776145
  0.50507426  0.8941866  -1.09215171  1.09975781  0.10929011  1.0348029
  1.17263316 -0.38200277  0.16067222  0.7657862  -1.28442657 -1.33259617
 -1.25424884 -0.13133073  0.09741705  0.3342552  -0.24646716 -0.93975605
  0.11819343  1.49395854  0.80563762  0.98016118  1.11846331 -1.4434544
  0.62017502 -1.28498286]
[0.32317645] z:[0.697171   0.57085237 0.62112225 0.2790061  0.71678287 0.55141039
 0.47556062 0.7369921  0.41073818 0.61269272 0.34357484 0.61132935
 0.56412889 0.29360112 0.70356041 0.63484157 0.30638954 0.73318137
 0.35923368 0.23200098 0.47812667 0.62552377 0.23493549 0.28891949
 0.7695898  0.24352144 0.29349892 0.30905512 0.29095614 0.70568791
 0.43732477 0.71318135] t:[ 0.58783284 -0.64295226 -0.94119054  0.04758435 -1.22190799 -0.66051716
  0.50525142  0.89150127 -1.09224402  1.09193603  0.1093475   1.03137989
  1.17274945 -0.38206164  0.16057875  0.76537375 -1.28441194 -1.32925513
 -1.25425895 -0.13139629  0.09742016  0.3335     -0.24652328 -0.93918287
  0.1181591   1.49396458  0.80565751  0.97960972  1.1184764  -1.44196815
  0.62031891 -1.28592862]
[0.31931356] z:[0.69972685 0.56956978 0.62390653 0.27917082 0.72000533 0.55032534
 0.47861591 0.7332336  0.41303165 0.61056639 0.34562115 0.60789941
 0.56829921 0.29287836 0.70776562 0.63165316 0.30733926 0.73117162
 0.36099938 0.23199732 0.47976958 0.62528584 0.23638358 0.28913218
 0.77578757 0.2432593  0.29527509 0.30847835 0.29225534 0.70187023
 0.43930692 0.71041948] t:[ 0.58784931 -0.64353737 -0.94122877  0.0476508  -1.22190328 -0.6632123
  0.50542718  0.88887268 -1.09233675  1.08426124  0.10940448  1.02804943
  1.1728691  -0.38211917  0.16048222  0.76496666 -1.28439778 -1.32592098
 -1.25426919 -0.13146065  0.09742238  0.33276269 -0.24657912 -0.93862379
  0.11812346  1.49397037  0.80567731  0.97906521  1.11848971 -1.4405053
  0.62046174 -1.2868344 ]
[0.31547702] z:[0.70219962 0.56824639 0.62660534 0.27927579 0.72313867 0.54919841
 0.48158712 0.72949468 0.41524949 0.60841755 0.34759518 0.60448922
 0.57237975 0.29211832 0.71185828 0.62849037 0.30822373 0.72915328
 0.3626864  0.23193953 0.48133426 0.62499685 0.23775848 0.28929349
 0.78188826 0.24295091 0.29697973 0.30786376 0.29348651 0.69809798
 0.44120842 0.70767067] t:[ 0.58786505 -0.64410593 -0.94126718  0.04771664 -1.22190046 -0.66584189
  0.50560196  0.88629385 -1.09243049  1.07671671  0.10946114  1.02479615
  1.17299385 -0.3821746   0.16038187  0.76456189 -1.2843842  -1.32259943
 -1.25427938 -0.13152352  0.0974235   0.33203456 -0.24663487 -0.93807333
  0.11808582  1.49397579  0.80569731  0.97852653  1.11850353 -1.43906582
  0.6206038  -1.28770562]
[0.31180036] z:[0.70459533 0.56688607 0.62922542 0.27932592 0.72619018 0.5480335
 0.48448027 0.72577755 0.41739799 0.60624828 0.349503   0.60109573
 0.57637597 0.29132424 0.71584443 0.62535066 0.30904869 0.72712687
 0.36430015 0.23183117 0.48282567 0.62466079 0.23906551 0.28940738
 0.78789958 0.24260095 0.29861807 0.30721454 0.29465565 0.69437444
 0.44303473 0.70493517] t:[ 0.58787976 -0.644657   -0.94130568  0.04778163 -1.22189926 -0.66840481
  0.50577542  0.88376741 -1.092525    1.06933244  0.10951724  1.02162985
  1.17312275 -0.38222947  0.16027757  0.76416087 -1.28437114 -1.31927568
 -1.2542896  -0.13158479  0.0974236   0.33132166 -0.24669029 -0.93753336
  0.11804624  1.49398154  0.80571732  0.97799191  1.11851773 -1.43763928
  0.62074454 -1.28852099]
[0.30813443] z:[0.70692187 0.56549481 0.63177461 0.27932739 0.72916808 0.54683654
 0.48730542 0.72208159 0.41948275 0.6040633  0.35134994 0.59772443
 0.58029515 0.29050253 0.71973202 0.62223957 0.30982007 0.72509816
 0.36584761 0.23167899 0.48425041 0.62428318 0.24031099 0.28947998
 0.79382778 0.242215   0.30019686 0.30653667 0.29576935 0.69069766
 0.44479389 0.7022167 ] t:[ 0.58789399 -0.64519521 -0.94134438  0.0478461  -1.22189973 -0.67091495
  0.50594815  0.88129429 -1.0926203   1.06210037  0.10957302  1.01855091
  1.17325605 -0.38228358  0.1601696   0.76376622 -1.28435859 -1.31596382
 -1.25429973 -0.13164493  0.09742271  0.33062578 -0.24674557 -0.93700527
  0.11800473  1.49398761  0.80573757  0.97746582  1.11853246 -1.43623539
  0.62088488 -1.28930424]
[0.304602] z:[0.70918555 0.56407663 0.63425939 0.27928523 0.73207947 0.54561076
 0.49006955 0.71840841 0.42150891 0.60186421 0.35314093 0.59437553
 0.58414409 0.28965711 0.72352862 0.61915663 0.31054279 0.72306915
 0.36733414 0.23148764 0.48561374 0.62386924 0.24150046 0.28951625
 0.7996783  0.24179806 0.30172117 0.30583472 0.29683275 0.68706976
 0.44649092 0.69951972] t:[ 0.58790733 -0.64572216 -0.94138305  0.04791016 -1.22190163 -0.6733742
  0.50611965  0.87888064 -1.09271611  1.05505433  0.10962832  1.01557717
  1.17339321 -0.38233717  0.16005803  0.76337906 -1.28434653 -1.31266847
 -1.25430975 -0.13170393  0.09742081  0.32994852 -0.24680055 -0.93649314
  0.11796155  1.49399413  0.80575779  0.97695211  1.11854745 -1.43486209
  0.62102413 -1.29005757]
[0.3010681] z:[0.71138833 0.56263658 0.63668171 0.27920342 0.73492499 0.54436227
 0.49277032 0.71476662 0.42348115 0.59965883 0.35488059 0.59105404
 0.58792449 0.28879098 0.72723409 0.6161058  0.31122153 0.72104495
 0.36876334 0.23126065 0.48691917 0.62342016 0.24263652 0.28951834
 0.8054558  0.24135342 0.30319495 0.305112   0.29784988 0.68349145
 0.44813031 0.69684156] t:[ 0.58792016 -0.64623027 -0.94142199  0.04797308 -1.22190524 -0.67576383
  0.5062906   0.87650674 -1.092813    1.04813695  0.10968346  1.01266409
  1.17353484 -0.38238906  0.15994315  0.76299361 -1.28433505 -1.30937525
 -1.25431971 -0.1317615   0.09741802  0.3292824  -0.24685534 -0.93599109
  0.11791642  1.49400064  0.80577833  0.97643889  1.11856303 -1.43349616
  0.62116284 -1.29077089]
[0.2977074] z:[0.71353635 0.56117879 0.63904837 0.27908726 0.73771315 0.54309439
 0.4954197  0.71115442 0.42540154 0.59744778 0.35656966 0.58776129
 0.59164019 0.28791018 0.73085256 0.61309155 0.31185984 0.71903018
 0.37013893 0.23100428 0.48817208 0.62294539 0.24372471 0.28949379
 0.81116189 0.2408867  0.30462251 0.30437354 0.29882536 0.67996854
 0.44971614 0.69419242] t:[ 0.58793224 -0.6467289  -0.94146104  0.04803567 -1.22191061 -0.67810885
  0.50646051  0.8741966  -1.09291049  1.04141917  0.10973809  1.00986008
  1.17368111 -0.38244158  0.1598241   0.76261913 -1.28432415 -1.3061069
 -1.25432967 -0.13181813  0.09741414  0.3286383  -0.24690986 -0.93550372
  0.11786904  1.49400799  0.80579892  0.97593942  1.11857911 -1.43216723
  0.62130076 -1.29145555]
[0.29427138] z:[0.7156337  0.55970501 0.64136258 0.27893911 0.74044605 0.54180874
 0.49801753 0.70757205 0.42727614 0.59523213 0.35821629 0.5844979
 0.595298   0.28701516 0.73439308 0.61011093 0.31246159 0.71702413
 0.37146667 0.23071977 0.48937582 0.62244253 0.24476808 0.28944194
 0.81680202 0.24039961 0.3060079  0.30362146 0.29976259 0.67649524
 0.45125305 0.69156766] t:[ 0.58794384 -0.64721361 -0.9415003   0.04809751 -1.22191762 -0.68040104
  0.50662986  0.8719195  -1.09300884  1.03479939  0.10979238  1.00710082
  1.17383142 -0.38249194  0.15970182  0.76224324 -1.28431384 -1.30283745
 -1.25433968 -0.13187374  0.0974094   0.32800157 -0.24696422 -0.93502253
  0.11781992  1.49401496  0.80581979  0.97544239  1.11859577 -1.43084399
  0.62143848 -1.29211198]
[0.29089255] z:[0.71768398 0.55821994 0.64362853 0.27876307 0.7431286  0.54051003
 0.50057016 0.70402313 0.42910673 0.59301675 0.35982095 0.58126667
 0.59889957 0.28611074 0.73785705 0.60716731 0.31302979 0.71503212
 0.37274823 0.23041217 0.49053313 0.62191708 0.24577021 0.289368
 0.82237941 0.2398963  0.3073541  0.30285948 0.30066536 0.67307667
 0.45274478 0.6889726 ] t:[ 0.58795475 -0.64768633 -0.94153953  0.04815872 -1.22192601 -0.68264346
  0.50679821  0.86969776 -1.09310775  1.02837032  0.10984627  1.00443881
  1.17398517 -0.3825421   0.15957652  0.76187465 -1.28430402 -1.29959479
 -1.25434938 -0.13192838  0.09740372  0.3273832  -0.24701827 -0.93455788
  0.11776913  1.49402258  0.80584078  0.97495647  1.11861286 -1.42955425
  0.62157573 -1.29274779]
[0.28765391] z:[0.71968693 0.55672626 0.64584591 0.27856092 0.74576013 0.53920122
 0.50307368 0.70051202 0.43089488 0.59080483 0.36138497 0.57807014
 0.60244305 0.28519844 0.74123998 0.6042649  0.31356662 0.7130573
 0.37398439 0.23008327 0.49164601 0.62137106 0.24673165 0.28927293
 0.82789594 0.23937782 0.30866279 0.30208833 0.30153545 0.66971247
 0.45419316 0.68640373] t:[ 0.58796501 -0.64814312 -0.94157913  0.04821891 -1.22193643 -0.68482682
  0.50696585  0.86751559 -1.09320804  1.02208331  0.10989967  1.00183835
  1.17414408 -0.38259168  0.15944697  0.76150874 -1.28429493 -1.29635627
 -1.2543591  -0.13198173  0.09739698  0.32677684 -0.24707197 -0.93410063
  0.11771562  1.4940308   0.80586213  0.97447223  1.11863078 -1.42826999
  0.62171242 -1.29334211]
[0.28438309] z:[0.72164789 0.55522583 0.64802009 0.2783362  0.74834636 0.53788381
 0.50553674 0.6970359  0.43264378 0.58859668 0.36291159 0.57490823
 0.60593481 0.28428095 0.74454885 0.60140326 0.31407502 0.71110021
 0.37517969 0.22973625 0.49271841 0.62080796 0.24765647 0.28916039
 0.83335117 0.23884793 0.30993744 0.30131224 0.30237632 0.66640295
 0.4556018  0.68386649] t:[ 0.58797498 -0.64859004 -0.94161897  0.04827858 -1.22194865 -0.68696883
  0.50713314  0.86537721 -1.09330907  1.01593686  0.1099528   0.9993058
  1.17430768 -0.38264072  0.15931384  0.76114788 -1.28428649 -1.29313523
 -1.25436875 -0.13203436  0.09738926  0.32618469 -0.24712554 -0.93365389
  0.11765998  1.49403935  0.80588383  0.97399687  1.11864933 -1.42700935
  0.62184912 -1.29392093]
[0.28118769] z:[0.72356762 0.55372073 0.65015184 0.27808992 0.75088752 0.53655981
 0.50795522 0.69359942 0.43435686 0.58639446 0.36440421 0.57178074
 0.60937573 0.28335811 0.74778486 0.59858053 0.31455742 0.70916077
 0.37633554 0.22937147 0.49375149 0.62022653 0.24854541 0.28902962
 0.83875238 0.23830707 0.31117993 0.3005304  0.30319015 0.66314626
 0.45697355 0.68135459] t:[ 0.58798429 -0.64901845 -0.941659    0.04833688 -1.22196237 -0.68904602
  0.50729975  0.86327038 -1.09341097  1.00991722  0.11000554  0.99681779
  1.17447532 -0.38268875  0.15917756  0.76078566 -1.28427856 -1.289914
 -1.2543782  -0.13208561  0.09738065  0.32560125 -0.24717872 -0.93321303
  0.11760226  1.49404824  0.80590569  0.97351792  1.11866839 -1.42574428
  0.62198491 -1.29445401]
[0.27808884] z:[0.72545159 0.55221271 0.65224723 0.27782534 0.75339064 0.53523074
 0.51033962 0.69019857 0.43603593 0.58419731 0.36586428 0.56868652
 0.61277036 0.28243311 0.7509539  0.59579661 0.31501595 0.70724045
 0.37745601 0.22899247 0.49474868 0.61963136 0.24940279 0.28888511
 0.84410121 0.23775823 0.31239359 0.29974623 0.3039797  0.65994212
 0.45831147 0.67887439] t:[ 0.58799314 -0.64943631 -0.94169927  0.0483945  -1.22197761 -0.69108065
  0.50746588  0.86120991 -1.09351345  1.00406403  0.11005788  0.99440657
  1.1746468  -0.3827365   0.15903814  0.76042822 -1.28427124 -1.28671596
 -1.25438749 -0.13213614  0.09737108  0.3250334  -0.2472316  -0.932785
  0.11754274  1.49405774  0.80592783  0.97304864  1.11868808 -1.42450473
  0.62212063 -1.29496675]
[0.27490778] z:[0.72729999 0.55070386 0.65430579 0.27754374 0.75585497 0.53389816
 0.51268756 0.68683652 0.43768266 0.5820077  0.36729456 0.56562832
 0.61611963 0.28150678 0.75405803 0.59305268 0.31545216 0.7053406
 0.37854191 0.22860043 0.49571125 0.61902228 0.25022936 0.2887265
 0.84939835 0.23720266 0.31357961 0.29896068 0.30474684 0.65679106
 0.45961758 0.67642427] t:[ 0.58800125 -0.64984031 -0.94173948  0.04845113 -1.22199429 -0.693064
  0.50763087  0.85918217 -1.09361653  0.99832763  0.11010983  0.99204021
  1.17482176 -0.38278322  0.15889604  0.76007095 -1.28426444 -1.28352399
 -1.25439668 -0.13218578  0.09736072  0.32447466 -0.2472841  -0.93236242
  0.11748142  1.49406749  0.80595005  0.97258044  1.11870824 -1.42326867
  0.62225576 -1.29545134]
[0.27185579] z:[0.72911616 0.54919541 0.65633158 0.27724733 0.75828469 0.53256348
 0.51500516 0.68351038 0.43929792 0.57982582 0.36869517 0.5626038
 0.61942544 0.28058106 0.75709843 0.59034748 0.31586769 0.70346194
 0.37959525 0.22819764 0.49664118 0.61840191 0.25102717 0.2885565
 0.85464521 0.23664232 0.31473981 0.2981757  0.30549359 0.65369261
 0.46089434 0.67400586] t:[ 0.58800887 -0.65023439 -0.94177983  0.048507   -1.22201241 -0.69500846
  0.5077953   0.85719922 -1.09372044  0.99275141  0.11016132  0.98974653
  1.17500027 -0.38283033  0.15875096  0.75971925 -1.28425827 -1.2803569
 -1.25440558 -0.13223478  0.09734948  0.3239326  -0.24733629 -0.93195285
  0.11741824  1.49407817  0.80597258  0.97212157  1.118729   -1.42205539
  0.62239085 -1.29591816]
[0.26880255] z:[0.73089888 0.54768881 0.65832241 0.27693633 0.76067744 0.53122831
 0.51728635 0.68022565 0.44088375 0.57765431 0.37006824 0.5596165
 0.62268695 0.27965581 0.76007391 0.58768491 0.31626374 0.70160609
 0.38061618 0.22778444 0.49753931 0.61777002 0.25179638 0.28837455
 0.85984186 0.23607706 0.31587513 0.29739105 0.30622041 0.65064653
 0.46214233 0.671617  ] t:[ 0.58801596 -0.65061261 -0.94182042  0.04856168 -1.22203225 -0.69689586
  0.50795941  0.85524356 -1.09382536  0.98728238  0.11021226  0.9874875
  1.17518335 -0.38287598  0.15860213  0.75936626 -1.28425274 -1.27719764
 -1.25441442 -0.13228272  0.09733731  0.3233962  -0.2473881  -0.9315474
  0.1173523   1.49408893  0.80599537  0.97166012  1.11875058 -1.4208423
  0.6225255  -1.29635327]
[0.2658213] z:[0.73265236 0.54618546 0.66028349 0.27661297 0.76303871 0.52989392
 0.51953797 0.67697915 0.44244223 0.57549348 0.37141522 0.55666401
 0.62590744 0.27873298 0.76298723 0.58506241 0.31664239 0.69977238
 0.38160752 0.2273627  0.49840789 0.61712812 0.25253933 0.28818263
 0.86499279 0.2355088  0.31698802 0.29660822 0.30692997 0.64765185
 0.46336499 0.66925807] t:[ 0.58802293 -0.65097749 -0.9418614   0.0486152  -1.22205365 -0.69873597
  0.50812351  0.85332302 -1.09393122  0.98196142  0.11026284  0.98528717
  1.17537023 -0.38292161  0.15845041  0.75901572 -1.2842478  -1.27405524
 -1.25442302 -0.13232983  0.09732433  0.32287202 -0.2474396  -0.93115262
  0.11728426  1.49410043  0.80601858  0.97120172  1.11877304 -1.41963665
  0.62266017 -1.29675682]
[0.26286122] z:[0.73437375 0.54468524 0.66221132 0.27627703 0.76536472 0.52855994
 0.52175707 0.67377248 0.44397098 0.57334341 0.37273456 0.55374793
 0.62908432 0.27781207 0.76583715 0.58248092 0.31700225 0.69796258
 0.38256747 0.22693271 0.49924634 0.61647791 0.25325524 0.28798081
 0.87009131 0.23493745 0.31807696 0.29582756 0.30762099 0.64471001
 0.46456003 0.66693154] t:[ 0.58802933 -0.65133048 -0.94190249  0.04866782 -1.22207674 -0.70053161
  0.50828714  0.85143433 -1.0940379   0.97675144  0.11031288  0.98312825
  1.17556133 -0.38296642  0.15829525  0.75866619 -1.28424356 -1.27092897
 -1.25443144 -0.1323762   0.09731036  0.32235539 -0.24749072 -0.93076295
  0.11721382  1.49411223  0.80604208  0.97074576  1.1187962  -1.41844106
  0.62279462 -1.29713963]
[0.25995949] z:[0.73607113 0.54319088 0.66411479 0.27593202 0.76766495 0.52722879
 0.52395194 0.67060393 0.44547623 0.57120386 0.37403201 0.55086596
 0.63222524 0.27689592 0.76863066 0.57993927 0.31734795 0.69617581
 0.38350217 0.22649723 0.50005931 0.6158208  0.25394873 0.28777186
 0.87514915 0.23436591 0.3191474  0.29505109 0.30829878 0.64181858
 0.46573436 0.66463584] t:[ 0.58803551 -0.65167179 -0.94194385  0.04871941 -1.22210119 -0.70228505
  0.50845063  0.84957816 -1.09414528  0.97167534  0.11036247  0.98101996
  1.17575598 -0.38301139  0.15813741  0.75831782 -1.28423984 -1.26781815
 -1.25443964 -0.13242191  0.09729564  0.32185096 -0.24754153 -0.93038142
  0.11714158  1.49412484  0.80606587  0.97029255  1.11882007 -1.41725128
  0.62292901 -1.29749379]
[0.25709247] z:[0.7377399  0.54170215 0.66598856 0.27557687 0.76993428 0.52590021
 0.52611779 0.66747452 0.44695486 0.5690779  0.37530371 0.54802051
 0.63532488 0.27598371 0.77136182 0.5774394  0.31767798 0.69441328
 0.38440856 0.22605562 0.50084531 0.61515715 0.2546178  0.28755485
 0.88015812 0.23379312 0.32019725 0.29427823 0.30896145 0.63897761
 0.46688577 0.66237093] t:[ 0.58804148 -0.65200175 -0.94198562  0.04877002 -1.22212754 -0.70399646
  0.50861412  0.84775287 -1.09425391  0.96671632  0.11041163  0.97895599
  1.17595558 -0.38305586  0.15797608  0.75797233 -1.2842369  -1.26473088
 -1.25444769 -0.13246701  0.09727997  0.32135503 -0.24759194 -0.9300061
  0.11706659  1.49413787  0.80609006  0.96984187  1.11884498 -1.41607099
  0.62306333 -1.29782734]
[0.2542492] z:[0.7393845  0.54022    0.66783756 0.27521337 0.77217701 0.52457508
 0.52826021 0.66438347 0.44840992 0.56696332 0.37655411 0.54520925
 0.63838936 0.27507644 0.7740402  0.57497744 0.31799369 0.69267446
 0.38529005 0.22560989 0.50160609 0.61448703 0.2552654  0.28733129
 0.88512449 0.23322053 0.32122891 0.29351028 0.30961075 0.63618565
 0.46801662 0.66013891] t:[ 0.58804697 -0.65231981 -0.94202751  0.04881954 -1.22215518 -0.7056639
  0.50877712  0.84596288 -1.09436308  0.9618904   0.11046033  0.97694353
  1.17615794 -0.38309949  0.15781244  0.75762725 -1.28423452 -1.26166979
 -1.25445543 -0.13251156  0.09726355  0.32086922 -0.247642   -0.9296409
  0.11699001  1.49415123  0.80611453  0.96939639  1.11887056 -1.41490388
  0.62319773 -1.2981432 ]
[0.25151455] z:[0.74100464 0.53874528 0.66966174 0.27484227 0.77439375 0.52325411
 0.53037954 0.66133005 0.4498408  0.56486208 0.37778132 0.54243249
 0.64141597 0.27417525 0.77666023 0.57255605 0.31829598 0.69095955
 0.38614619 0.22516078 0.50234294 0.61381261 0.25589169 0.28710199
 0.89004603 0.23264865 0.32224292 0.29274748 0.31024797 0.63344292
 0.46912781 0.65793804] t:[ 0.58805226 -0.65262838 -0.94206967  0.04886805 -1.22218434 -0.70729595
  0.5089403   0.84420707 -1.09447313  0.95719617  0.11050841  0.97498321
  1.17636447 -0.38314323  0.15764513  0.75728597 -1.28423276 -1.25863124
 -1.25446283 -0.13255578  0.0972462   0.32039649 -0.2476917  -0.92928502
  0.11691081  1.49416535  0.80613934  0.96895581  1.11889705 -1.41374418
  0.62333218 -1.2984354 ]
[0.24876938] z:[0.74259965 0.53727837 0.6714599  0.27446344 0.77658288 0.52193761
 0.53247302 0.65831603 0.45124793 0.56277427 0.37898644 0.53969034
 0.64440513 0.27327931 0.77922291 0.57017416 0.31858472 0.68926872
 0.38697649 0.22470812 0.50305557 0.6131333  0.25649621 0.28686629
 0.89492273 0.23207711 0.32323902 0.29198928 0.31087304 0.6307484
 0.47021998 0.65576708] t:[ 0.58805702 -0.65292479 -0.94211189  0.04891539 -1.22221509 -0.70888429
  0.50910332  0.84247965 -1.09458407  0.95261631  0.11055599  0.97306172
  1.176575   -0.3831867   0.157475    0.75694555 -1.28423168 -1.25561248
 -1.25447006 -0.1325994   0.09722801  0.31993285 -0.247741   -0.92893468
  0.11682929  1.49418006  0.80616437  0.96851568  1.11892442 -1.41258546
  0.62346638 -1.29870087]
[0.24609224] z:[0.74417685 0.53582086 0.67323986 0.27407999 0.7787527  0.52062675
 0.53454839 0.65533878 0.45263764 0.56069879 0.38017595 0.53698037
 0.64736506 0.27239047 0.78173967 0.567828   0.31886398 0.68760062
 0.3877878  0.22425394 0.5037484  0.61245026 0.25708384 0.28662651
 0.89976512 0.23150858 0.32422221 0.29123787 0.31149026 0.62809923
 0.47129897 0.65362616] t:[ 0.58806162 -0.65320979 -0.94215434  0.0489616  -1.22224695 -0.71043187
  0.50926615  0.84077812 -1.09469555  0.94814226  0.11060313  0.97117563
  1.17678805 -0.38322952  0.15730277  0.75660405 -1.28423108 -1.25261695
 -1.25447698 -0.1326425   0.09720919  0.31947636 -0.24778988 -0.92858994
  0.11674636  1.49419521  0.80618966  0.96807669  1.11895242 -1.41143344
  0.62360063 -1.29894976]
[0.24337442] z:[0.74572945 0.53437138 0.67499418 0.27368952 0.78089498 0.51932049
 0.53659746 0.6524017  0.45400432 0.55863792 0.38134417 0.5343059
 0.65028744 0.27150739 0.78419967 0.56552284 0.31913031 0.68595692
 0.38857464 0.22379678 0.50441842 0.61176336 0.2576507  0.28638073
 0.90456074 0.2309408  0.32518833 0.29049179 0.31209558 0.62549879
 0.47235896 0.6515167 ] t:[ 0.58806614 -0.65348371 -0.94219713  0.04900677 -1.2222805  -0.71194055
  0.50942972  0.83909968 -1.09480812  0.94375613  0.11064962  0.96931724
  1.17700565 -0.38327153  0.15712718  0.7562627  -1.28423119 -1.24963899
 -1.25448365 -0.1326851   0.09718951  0.31902429 -0.24783846 -0.92824888
  0.11666073  1.49421053  0.80621536  0.9676377   1.11898153 -1.41028166
  0.62373506 -1.29917386]
[0.24080393] z:[0.74726076 0.5329312  0.67672659 0.27329333 0.78301436 0.51801997
 0.53862547 0.64950144 0.45535054 0.55659139 0.38249285 0.53166429
 0.6531759  0.27063089 0.78660715 0.56325488 0.31938538 0.68433585
 0.3893388  0.22333801 0.50506709 0.61107276 0.25819871 0.28613006
 0.90931676 0.23037445 0.32613971 0.28975094 0.31269148 0.62294237
 0.47340408 0.64943579] t:[ 0.5880705  -0.65374635 -0.94224034  0.04905073 -1.22231554 -0.71340671
  0.50959349  0.83745023 -1.09492171  0.93949007  0.11069556  0.96750246
  1.17722696 -0.38331322  0.15694877  0.75592314 -1.28423194 -1.24668796
 -1.25449003 -0.13272721  0.09716901  0.31858192 -0.24788658 -0.92791503
  0.11657271  1.49422644  0.80624143  0.96720001  1.11901164 -1.40913298
  0.62386946 -1.29937535]
[0.23829363] z:[0.74877424 0.53150091 0.67844105 0.2728933  0.78511469 0.51672527
 0.5406384  0.64663663 0.45667724 0.554558   0.38362319 0.52905395
 0.65603377 0.26976244 0.78896604 0.56102314 0.31963046 0.68273778
 0.39008334 0.22287935 0.50569707 0.61038093 0.25873042 0.28587685
 0.91403555 0.22981136 0.32707829 0.28901703 0.31327971 0.62043074
 0.47443549 0.6473866 ] t:[ 0.58807449 -0.65400166 -0.94228345  0.04909384 -1.22235175 -0.7148431
  0.50975726  0.8358345  -1.09503567  0.93534658  0.11074098  0.96573621
  1.17745116 -0.38335511  0.156768    0.75558646 -1.2842332  -1.24376905
 -1.2544961  -0.1327693   0.09714781  0.31815193 -0.24793439 -0.92758906
  0.11648305  1.49424308  0.80626762  0.96676914  1.11904237 -1.40799552
  0.62400385 -1.29955667]
[0.23574307] z:[0.75026574 0.53007969 0.68013222 0.27248761 0.78719004 0.51543579
 0.54262551 0.64381087 0.45798463 0.55253838 0.38473637 0.52647626
 0.65885757 0.26889954 0.79127392 0.55882764 0.31986465 0.68116155
 0.39080604 0.22241824 0.50630644 0.60968562 0.25924322 0.28561779
 0.91871327 0.22924938 0.32800215 0.28828798 0.31385842 0.61796297
 0.4754523  0.64536516] t:[ 0.58807835 -0.65424351 -0.94232697  0.04913563 -1.22238926 -0.71623357
  0.50992145  0.8342329  -1.09515062  0.93126627  0.11078574  0.9639816
  1.17767906 -0.38339566  0.15658448  0.75524597 -1.28423506 -1.24086062
 -1.2545018  -0.13281065  0.09712584  0.31772242 -0.24798176 -0.92726324
  0.11639108  1.49425979  0.80629416  0.96633187  1.11907397 -1.40684838
  0.62413799 -1.29971266]
[0.2332981] z:[0.75173789 0.52866848 0.68180339 0.27207787 0.78924453 0.51415262
 0.54459611 0.64102037 0.45927121 0.55053383 0.38582978 0.52393114
 0.66164838 0.2680448  0.7935305  0.55667    0.32008826 0.67960913
 0.39150802 0.22195765 0.50689705 0.60898968 0.25973933 0.28535608
 0.92334937 0.22869003 0.32891263 0.28756562 0.31442878 0.61553981
 0.47645466 0.64337532] t:[ 0.58808204 -0.65447944 -0.94237067  0.04917671 -1.22242845 -0.71759843
  0.51008607  0.83266407 -1.09526652  0.92730545  0.11082991  0.96227636
  1.17791085 -0.38343656  0.15639812  0.75491005 -1.28423764 -1.23799078
 -1.25450732 -0.13285197  0.09710305  0.31730368 -0.24802884 -0.92694555
  0.11629685  1.49427708  0.80632103  0.96590309  1.11910666 -1.40571626
  0.6242726  -1.29985575]
[0.230893] z:[0.75318712 0.52726595 0.68345081 0.27166194 0.79127365 0.51287436
 0.5465427  0.63826632 0.46053678 0.54854404 0.38690337 0.52141676
 0.66440353 0.26719553 0.79573316 0.55454757 0.3202999  0.67807765
 0.39218672 0.22149499 0.50746637 0.60828997 0.26021591 0.28508849
 0.92794189 0.22813084 0.32980767 0.28684718 0.31498899 0.61315811
 0.47744204 0.64141217] t:[ 0.58808563 -0.65470318 -0.94241475  0.04921643 -1.22246917 -0.71891986
  0.51025165  0.83111885 -1.09538362  0.92344051  0.11087341  0.9606015
  1.17814667 -0.38347628  0.15620869  0.75457272 -1.28424093 -1.23514559
 -1.25451246 -0.13289283  0.09707944  0.31689089 -0.24807552 -0.92663288
  0.1162      1.49429459  0.80634835  0.96547224  1.11914049 -1.40457984
  0.6244074  -1.2999745 ]
[0.22855662] z:[0.75461882 0.52587391 0.68507992 0.27124313 0.79328357 0.51160255
 0.54847414 0.63554652 0.46178338 0.5465692  0.38795915 0.51893369
 0.66712832 0.26635452 0.79788855 0.5524605  0.32050239 0.67656863
 0.3928469  0.22103335 0.50801894 0.60759066 0.26067744 0.28481894
 0.93249637 0.22757491 0.33069102 0.28613568 0.31554253 0.6108178
 0.47841734 0.63947925] t:[ 0.58808898 -0.65492182 -0.94245891  0.04925547 -1.22251134 -0.7202182
  0.51041753  0.82960302 -1.09550144  0.91967617  0.11091636  0.95896774
  1.17838601 -0.38351624  0.15601671  0.75423968 -1.28424482 -1.23233648
 -1.25451732 -0.13293369  0.0970551   0.31648727 -0.24812194 -0.92632666
  0.11610141  1.49431269  0.80637587  0.96504881  1.11917513 -1.40345475
  0.62454225 -1.30008222]
[0.22626747] z:[0.75603391 0.52449305 0.68669181 0.27082187 0.79527448 0.51033785
 0.55038754 0.63286405 0.46301485 0.54460929 0.38900157 0.51648079
 0.66982545 0.26552134 0.80000084 0.55040675 0.32069711 0.67508069
 0.39348964 0.2205727  0.50855567 0.60689096 0.2611245  0.2845469
 0.93701691 0.22702242 0.33156372 0.2854306  0.31609053 0.60851883
 0.47938324 0.63757409] t:[ 0.58809196 -0.65512897 -0.94250302  0.04929328 -1.22255449 -0.7214763
  0.51058338  0.82810607 -1.09561969  0.91598919  0.11095867  0.9573532
  1.17862779 -0.38355542  0.15582286  0.75390434 -1.28424917 -1.22954675
 -1.25452178 -0.13297411  0.09703017  0.3160879  -0.24816793 -0.92602172
  0.11600126  1.49433101  0.80640346  0.96462141  1.11921041 -1.40232292
  0.62467687 -1.30016433]
[0.22404729] z:[0.75743136 0.52312272 0.68828519 0.27039762 0.79724597 0.50907958
 0.55228481 0.63021532 0.464228   0.54266446 0.39002672 0.51405784
 0.67249212 0.26469604 0.80206601 0.54838705 0.32088261 0.67361419
 0.39411391 0.22011298 0.50907568 0.60619096 0.26155649 0.28427238
 0.94149945 0.22647245 0.33242488 0.28473153 0.31663163 0.60625937
 0.48033747 0.63569789] t:[ 0.58809483 -0.65532954 -0.94254729  0.04933025 -1.22259899 -0.72270612
  0.51074991  0.82663645 -1.0957389   0.91239777  0.11100032  0.95577664
  1.17887311 -0.38359421  0.1556262   0.75357117 -1.28425416 -1.22679209
 -1.25452591 -0.1330145   0.09700452  0.31569643 -0.24821364 -0.9257228
  0.11589896  1.49434973  0.80643136  0.96419913  1.11924666 -1.4011981
  0.62481161 -1.30023198]
[0.22180368] z:[0.75881173 0.52176308 0.68986053 0.26997064 0.79919823 0.50782782
 0.55416366 0.62760255 0.46542525 0.54073516 0.39103738 0.51166555
 0.67512977 0.26387848 0.80408615 0.54640198 0.32105992 0.67216799
 0.39472076 0.21965394 0.50957986 0.60549061 0.26197385 0.28399502
 0.94594623 0.22592501 0.3332753  0.28403843 0.3171666  0.60403926
 0.48128185 0.63384898] t:[ 0.58809769 -0.65552082 -0.94259194  0.04936617 -1.22264477 -0.72390158
  0.51091757  0.8251843  -1.09585907  0.9088774   0.11104123  0.9542204
  1.17912192 -0.38363224  0.15542712  0.75323732 -1.28425975 -1.22405945
 -1.25452977 -0.1330545   0.09697815  0.31530743 -0.24825896 -0.92542579
  0.11579441  1.49436859  0.80645958  0.9637751   1.11928382 -1.4000686
  0.62494645 -1.30027985]
[0.21968253] z:[0.76017827 0.52041523 0.6914217  0.26954282 0.80113496 0.50658397
 0.55603053 0.62502378 0.46660834 0.53882194 0.39203461 0.50930264
 0.67774224 0.26307027 0.80606599 0.54444917 0.32123072 0.67074279
 0.39531245 0.21919782 0.51007065 0.60479186 0.2623792  0.28371735
 0.95036157 0.22538202 0.33411716 0.28335263 0.31769782 0.60185759
 0.48221877 0.6320283 ] t:[ 0.58810032 -0.65570499 -0.94263657  0.04940122 -1.22269157 -0.72506679
  0.51108546  0.82375775 -1.09597962  0.90544913  0.11108168  0.95269791
  1.17937311 -0.38366993  0.15522637  0.75290482 -1.28426579 -1.22135929
 -1.25453328 -0.13309448  0.0969512   0.31492714 -0.24830398 -0.92513352
  0.1156885   1.49438786  0.8064879   0.96335375  1.11932157 -1.3989434
  0.62508127 -1.30031165]
[0.21756266] z:[0.76152989 0.51907871 0.69296703 0.26911364 0.80305468 0.5053473
 0.5578816  0.62247934 0.46777749 0.53692452 0.39301982 0.50696921
 0.68032852 0.26227047 0.80800581 0.54252883 0.3213949  0.66933775
 0.39588911 0.21874355 0.51054779 0.6040934  0.26277208 0.2834378
 0.9547438  0.2248424  0.3349501  0.28267343 0.31822479 0.5997133
 0.48314844 0.63023397] t:[ 0.58810291 -0.6558816  -0.94268145  0.04943535 -1.22273951 -0.72620462
  0.51125416  0.82234555 -1.09610112  0.90207789  0.11112146  0.9511909
  1.17962721 -0.38370716  0.15502357  0.75257178 -1.28427241 -1.21868299
 -1.25453652 -0.13313422  0.09692364  0.31454914 -0.24834868 -0.92484248
  0.11558068  1.49440737  0.80651654  0.96293169  1.1193602  -1.39781556
  0.62521625 -1.30033094]
[0.21558056] z:[0.76286059 0.51775013 0.69449028 0.26867959 0.80495122 0.50411516
 0.55971384 0.61996622 0.4689255  0.53504177 0.39398426 0.50466316
 0.68288035 0.26147642 0.80989418 0.54064041 0.32154768 0.66795162
 0.39644489 0.21828837 0.51100727 0.60339475 0.26314822 0.28315463
 0.95908282 0.22430281 0.33576917 0.28199767 0.31874214 0.59760582
 0.4840629  0.62846646] t:[ 0.58810553 -0.65605298 -0.94272661  0.04946886 -1.22278911 -0.72731819
  0.51142431  0.82095967 -1.09622369  0.89879512  0.11116047  0.94972024
  1.17988551 -0.38374408  0.15481755  0.75224137 -1.28427977 -1.21604103
 -1.25453947 -0.13317392  0.09689528  0.31417802 -0.24839316 -0.92455663
  0.11547054  1.49442701  0.80654557  0.96251493  1.11939998 -1.39669524
  0.62535167 -1.30033309]
[0.21359933] z:[0.76417971 0.51643402 0.69600144 0.26824588 0.80683436 0.50289179
 0.56153307 0.61748795 0.47006282 0.53317567 0.39493875 0.50238615
 0.68540947 0.26069218 0.81174549 0.53878441 0.32169584 0.66658525
 0.396988   0.21783672 0.51145573 0.60269835 0.26351422 0.28287167
 0.96339577 0.22376777 0.33658183 0.28132901 0.31925735 0.59553412
 0.48497286 0.62672422] t:[ 0.58810816 -0.65621557 -0.94277206  0.04950135 -1.22283959 -0.72839804
  0.51159567  0.8195907  -1.09634679  0.89557666  0.11119881  0.948267
  1.18014641 -0.38378046  0.15460961  0.75191037 -1.28428753 -1.21342125
 -1.2545421  -0.13321331  0.09686635  0.31381043 -0.24843732 -0.92427068
  0.11535864  1.49444692  0.80657479  0.96209519  1.11944047 -1.39556881
  0.625487   -1.30031518]
[0.21172801] z:[0.76548209 0.51512793 0.69749521 0.26780972 0.80869903 0.5016746
 0.56333853 0.61504043 0.47118321 0.53132478 0.39587673 0.50013534
 0.68791027 0.25991516 0.81355411 0.53695721 0.3218353  0.66523705
 0.39751406 0.21738639 0.51188956 0.60200276 0.26386676 0.28258699
 0.96767363 0.22323466 0.33738392 0.28066517 0.31976633 0.59349661
 0.48587278 0.62500771] t:[ 0.58811048 -0.65637309 -0.94281734  0.04953307 -1.2228912  -0.72945235
  0.5117671   0.81824899 -1.09647046  0.89244932  0.11123661  0.94685028
  1.18040983 -0.38381651  0.15439989  0.7515813  -1.28429587 -1.21083781
 -1.25454439 -0.13325281  0.09683681  0.31345104 -0.24848122 -0.92398974
  0.11524527  1.49446717  0.8066041   0.9616803   1.11948164 -1.39444768
  0.62562226 -1.30028259]
[0.20985865] z:[0.76676547 0.51382999 0.69896852 0.26736987 0.81054212 0.5004618
 0.56512631 0.6126224  0.47228516 0.52948824 0.39679769 0.49791081
 0.6903808  0.2591439  0.81531779 0.53515924 0.32196493 0.66390619
 0.39802179 0.21693594 0.51230804 0.6013073  0.26420451 0.282299
 0.97191043 0.22270203 0.3381739  0.28000516 0.32026774 0.59149258
 0.48676077 0.62331575] t:[ 0.58811269 -0.65652676 -0.94286287  0.04956433 -1.22294417 -0.7304887
  0.51193988  0.81692619 -1.09659518  0.88938345  0.11127362  0.94545714
  1.18067699 -0.38385226  0.15418738  0.75125427 -1.28430483 -1.20828494
 -1.25454645 -0.13329226  0.09680656  0.31309573 -0.24852485 -0.92371243
  0.11512977  1.49448753  0.80663372  0.96126981  1.1195237  -1.39333114
  0.62575781 -1.30024286]
[0.2080634] z:[0.7680367  0.51254388 0.70042907 0.26693021 0.81237088 0.49925754
 0.56690204 0.61023702 0.47337587 0.52766886 0.39770778 0.49571378
 0.69282831 0.25838193 0.81704524 0.53339115 0.32208959 0.66259438
 0.39851687 0.21648893 0.51271572 0.60061432 0.26453235 0.28201141
 0.97612005 0.22217356 0.33895711 0.27935173 0.32076636 0.58952263
 0.48764339 0.62164886] t:[ 0.58811484 -0.65667319 -0.9429085   0.04959472 -1.2229981  -0.7314949
  0.51211345  0.81562194 -1.09672046  0.8863826   0.11131005  0.94408523
  1.18094643 -0.3838874   0.1539732   0.75092721 -1.28431426 -1.20575744
 -1.25454817 -0.13333158  0.0967758   0.31274518 -0.24856824 -0.9234359
  0.11501285  1.49450807  0.80666352  0.96085823  1.11956647 -1.39221012
  0.62589331 -1.3001842 ]
[0.20633387] z:[0.76929208 0.51126768 0.70187234 0.26648869 0.81418116 0.49805982
 0.56866144 0.60788299 0.47445216 0.52586552 0.3986042  0.49354313
 0.69524938 0.25762698 0.81873228 0.53165187 0.32220687 0.6613
 0.39899641 0.21604337 0.51311069 0.59992288 0.26484771 0.28172231
 0.98029626 0.22164693 0.33973085 0.27870285 0.32125969 0.58758562
 0.48851764 0.62000524] t:[ 0.58811683 -0.65681291 -0.94295424  0.04962432 -1.22305325 -0.73247388
  0.51228789  0.81433403 -1.09684663  0.88343909  0.11134579  0.94273144
  1.18121911 -0.38392193  0.15375699  0.75060039 -1.28432426 -1.20325561
 -1.25454961 -0.13337067  0.09674442  0.31239702 -0.24861137 -0.92316027
  0.11489408  1.49452868  0.80669347  0.96044554  1.11961002 -1.39108746
  0.62602873 -1.30011112]
[0.20459975] z:[0.77053289 0.51000154 0.70330016 0.26604624 0.81597491 0.49686848
 0.57040929 0.60555847 0.47551335 0.52407791 0.39948634 0.49139874
 0.69764475 0.25688026 0.8203804  0.52994166 0.32231708 0.66002372
 0.39946174 0.21560043 0.51349418 0.59923418 0.26515223 0.28143293
 0.98443861 0.22112303 0.34049596 0.2780596  0.32174818 0.58568103
 0.48938292 0.61838746] t:[ 0.58811858 -0.65695053 -0.94299983  0.04965356 -1.22310938 -0.73343717
  0.51246318  0.8130696  -1.09697331  0.88056715  0.11138091  0.94140862
  1.18149439 -0.38395637  0.15353876  0.75027634 -1.28433479 -1.20079229
 -1.25455078 -0.13340991  0.09671247  0.31205531 -0.24865431 -0.92288906
  0.11477373  1.49454953  0.80672357  0.96004072  1.11965418 -1.38997457
  0.62616425 -1.30003229]
[0.20301555] z:[0.77176168 0.508747   0.70471494 0.26560429 0.81775428 0.49568548
 0.57214406 0.60326529 0.47656465 0.52230738 0.40035905 0.48928015
 0.70001866 0.25614212 0.8219946  0.52825884 0.32242288 0.65876453
 0.39991517 0.21516077 0.51386791 0.59854816 0.26544742 0.28114399
 0.98855444 0.22060287 0.34125483 0.27742235 0.32223421 0.58380778
 0.49024406 0.61679242] t:[ 0.58812027 -0.65708032 -0.94304559  0.04968187 -1.22316649 -0.73436989
  0.51263936  0.81181987 -1.09710075  0.87774662  0.11141535  0.94009974
  1.18177212 -0.38398994  0.15331897  0.74995151 -1.28434578 -1.19834629
 -1.25455171 -0.13344887  0.09668003  0.31171563 -0.24869696 -0.92261751
  0.11465178  1.4945703   0.80675382  0.95963142  1.11969907 -1.38885107
  0.62629972 -1.29993318]
[0.2013868] z:[0.77297455 0.50750128 0.70611266 0.26516027 0.81951541 0.49450802
 0.57386406 0.60100089 0.47760072 0.52055189 0.40121712 0.48718626
 0.70236567 0.25541052 0.82356927 0.52660276 0.32252075 0.65752194
 0.40035346 0.21472221 0.51422925 0.59786379 0.26573064 0.28085357
 0.99263562 0.22008401 0.34200394 0.27678914 0.32271435 0.58196464
 0.49109554 0.61522044] t:[ 0.58812179 -0.65720626 -0.94309144  0.04970969 -1.22322473 -0.73528377
  0.51281642  0.81058873 -1.09722888  0.87498102  0.11144917  0.93881216
  1.18205257 -0.38402313  0.15309717  0.74962817 -1.28435732 -1.19593361
 -1.25455244 -0.13348786  0.09664701  0.31137961 -0.24873945 -0.92234766
  0.11452838  1.49459114  0.80678421  0.95922635  1.11974457 -1.38773391
  0.62643515 -1.29982796]
[0.19985857] z:[0.77417323 0.50626546 0.70749505 0.26471566 0.82126004 0.49333793
 0.57557093 0.59876533 0.47862394 0.51881322 0.40206238 0.48511754
 0.70468806 0.25468664 0.82510644 0.52497372 0.32261262 0.65629608
 0.40077809 0.21428621 0.51458005 0.5971825  0.26600358 0.28056327
 0.99668547 0.2195678  0.34274494 0.27616102 0.32319043 0.58015243
 0.4919395  0.61367069] t:[ 0.58812331 -0.65732788 -0.94313745  0.04973697 -1.223284   -0.7361761
  0.51299463  0.80937474 -1.09735768  0.8722715   0.11148241  0.93754485
  1.18233596 -0.38405598  0.1528736   0.74930597 -1.28436935 -1.19354514
 -1.25455285 -0.13352672  0.09661347  0.3110478  -0.24878178 -0.92207889
  0.1144034   1.49461213  0.80681479  0.95882196  1.11979084 -1.38661554
  0.62657057 -1.29970928]
[0.19834925] z:[0.77535704 0.50503863 0.70886151 0.26426974 0.82298759 0.49217364
 0.57726581 0.59655725 0.47963219 0.51709028 0.40289289 0.48307279
 0.70698499 0.2539699  0.82660567 0.52337123 0.32269729 0.65508634
 0.40118867 0.21385212 0.51491965 0.59650332 0.2662658  0.28027244
 1.00070186 0.21905324 0.34347721 0.27553726 0.32366111 0.57836911
 0.49277433 0.61214414] t:[ 0.58812466 -0.65744749 -0.94318336  0.04976397 -1.22334426 -0.7370517
  0.51317399  0.80818349 -1.09748716  0.86962562  0.1115149   0.93630628
  1.18262188 -0.38408845  0.15264789  0.74898681 -1.28438192 -1.19119091
 -1.25455308 -0.13356575  0.09657935  0.31072217 -0.24882392 -0.92181359
  0.11427664  1.49463313  0.80684554  0.95842388  1.11983771 -1.38550588
  0.62670621 -1.29958556]
[0.19692087] z:[0.77653041 0.50382306 0.71021656 0.26382491 0.82470248 0.49101742
 0.57895026 0.59437803 0.48063144 0.51538364 0.4037151  0.48105226
 0.70926256 0.25326186 0.82807342 0.52179442 0.32277809 0.65389302
 0.40158909 0.21342188 0.51525133 0.5958277  0.26651995 0.27998267
 1.00469418 0.21854248 0.34420421 0.27491941 0.32412983 0.57661486
 0.49360569 0.6106395 ] t:[ 0.58812584 -0.65756154 -0.94322915  0.04979028 -1.22340545 -0.7379045
  0.51335384  0.80700598 -1.09761724  0.86702452  0.11154681  0.93508093
  1.18291001 -0.38412038  0.15242083  0.74866669 -1.28439498 -1.18885995
 -1.254553   -0.13360462  0.09654479  0.31039835 -0.24886589 -0.9215482
  0.11414868  1.49465418  0.80687643  0.95802436  1.11988516 -1.38439
  0.62684183 -1.29944737]
[0.19549934] z:[0.77769014 0.50261706 0.71155695 0.26338003 0.82640169 0.4898684
 0.5806238  0.59222588 0.48161785 0.51369428 0.4045241  0.47905646
 0.71151616 0.25256172 0.82950664 0.52024336 0.32285329 0.65271617
 0.40197682 0.21299454 0.51557346 0.59515592 0.2667652  0.27969393
 1.00865516 0.21803457 0.34492374 0.27430681 0.32459469 0.57488936
 0.49442911 0.60915716] t:[ 0.58812696 -0.65767375 -0.94327508  0.04981635 -1.22346761 -0.73874151
  0.51353494  0.80584791 -1.09774783  0.86447939  0.11157822  0.93387978
  1.18320052 -0.38415207  0.15219222  0.74834948 -1.28440851 -1.18655595
 -1.2545528  -0.13364355  0.09650971  0.31008031 -0.2489077  -0.92128463
  0.1140192   1.49467531  0.80690743  0.95762943  1.11993324 -1.38328086
  0.62697744 -1.29930305]
[0.19411404] z:[0.77883712 0.50142065 0.71288345 0.26293503 0.82808564 0.48872622
 0.58228519 0.59010124 0.48259306 0.51202096 0.40532211 0.4770842
 0.71374784 0.25186902 0.83090628 0.51871702 0.32292321 0.6515547
 0.40235273 0.21256986 0.5158865  0.59448735 0.26700134 0.27940555
 1.01258705 0.2175293  0.34563619 0.27369912 0.32505595 0.57319172
 0.49524615 0.60769622] t:[ 0.58812793 -0.65778191 -0.94332104  0.04984192 -1.22353064 -0.7395584
  0.51371691  0.80470611 -1.09787903  0.86198271  0.11160898  0.93269632
  1.18349334 -0.38418318  0.151962    0.748033   -1.28442249 -1.18427872
 -1.25455233 -0.13368242  0.09647415  0.30976508 -0.24894935 -0.9210223
  0.11388837  1.49469638  0.80693853  0.9572355   1.11998185 -1.38217067
  0.62711295 -1.2991492 ]
[0.19282366] z:[0.77996816 0.50023153 0.7141926  0.26248766 0.82975116 0.4875889
 0.58393181 0.58800105 0.48355373 0.51036205 0.40610567 0.47513314
 0.71595363 0.25118151 0.8322673  0.51721373 0.32298532 0.65040695
 0.40271405 0.2121457  0.51618815 0.59382021 0.2672259  0.27911552
 1.01648505 0.21702408 0.34633891 0.27309393 0.32551089 0.5715192
 0.4960538  0.60625373] t:[ 0.58812884 -0.65788715 -0.94336708  0.04986712 -1.22359487 -0.74035942
  0.51390009  0.80358009 -1.09801109  0.85953169  0.11163911  0.93153075
  1.18378922 -0.38421406  0.15172994  0.74771798 -1.28443708 -1.18202846
 -1.25455168 -0.13372124  0.09643803  0.30945282 -0.24899087 -0.92076117
  0.11375586  1.49471748  0.80696992  0.95684403  1.12003116 -1.38106208
  0.62724872 -1.2989883 ]
[0.19153722] z:[0.78108825 0.49905284 0.71548969 0.2620415  0.83140312 0.48645993
 0.58556736 0.58592854 0.48450552 0.5087204  0.40688003 0.47320575
 0.71813923 0.25050232 0.83359785 0.5157349  0.32304367 0.64927499
 0.4030651  0.21172535 0.51648226 0.59315719 0.26744306 0.27882717
 1.02035686 0.21652261 0.34703607 0.2724945  0.32596361 0.56987458
 0.49685652 0.60483214] t:[ 0.58812974 -0.65798777 -0.94341323  0.04989179 -1.22365987 -0.74113797
  0.51408457  0.80246829 -1.09814367  0.85712316  0.11166867  0.93037919
  1.18408712 -0.38424425  0.15149663  0.74740333 -1.28445208 -1.17979658
 -1.25455085 -0.13375991  0.0964015   0.30914347 -0.24903227 -0.92049963
  0.11362203  1.49473843  0.80700143  0.95645086  1.12008104 -1.37994803
  0.62738438 -1.29881351]
[0.19033857] z:[0.78219221 0.49788158 0.71676921 0.26159331 0.83303653 0.48533607
 0.58718882 0.58387987 0.48544249 0.50709323 0.40763939 0.47129908
 0.72029894 0.24982824 0.83489174 0.51427771 0.32309436 0.64815681
 0.40340165 0.21130573 0.51676551 0.59249634 0.26764936 0.2785378
 1.02419488 0.21602145 0.34772361 0.27189758 0.32641015 0.56825413
 0.49764934 0.60342911] t:[ 0.58813035 -0.65808601 -0.94345933  0.04991615 -1.22372592 -0.74190108
  0.51426974  0.80137523 -1.09827695  0.85476435  0.11169761  0.9292496
  1.18438754 -0.38427418  0.15126157  0.74709086 -1.28446759 -1.17759647
 -1.25454982 -0.13379855  0.09636445  0.30883781 -0.24907352 -0.92023949
  0.11348671  1.49475944  0.807033    0.95606223  1.12013146 -1.37883936
  0.62751989 -1.29863316]
[0.18913174] z:[0.78328442 0.49671985 0.71803554 0.26114578 0.8346557  0.4842195
 0.58879858 0.58185705 0.4863699  0.50548237 0.40838953 0.46941491
 0.72243824 0.24916153 0.83615417 0.51284402 0.32314076 0.64705355
 0.40372785 0.21088923 0.51704117 0.59183941 0.26784783 0.27824955
 1.02800473 0.21552312 0.34840496 0.27130578 0.32685367 0.56665946
 0.49843664 0.60204578] t:[ 0.58813098 -0.65818026 -0.94350553  0.04994003 -1.22379288 -0.74264752
  0.51445593  0.80029269 -1.09841089  0.85243552  0.11172605  0.92812918
  1.18469058 -0.38430354  0.15102516  0.74677849 -1.28448358 -1.1754177
 -1.25454861 -0.13383708  0.096327    0.30853261 -0.2491147  -0.91997931
  0.11335013  1.4947803   0.80706477  0.9556734   1.12018246 -1.37772956
  0.62765547 -1.29844706]
[0.18792993] z:[0.78436887 0.49556989 0.71929331 0.26070181 0.83626504 0.48311214
 0.59040386 0.57986068 0.4872899  0.50388971 0.40913206 0.46755458
 0.72456189 0.24850501 0.83739216 0.51143405 0.32318572 0.64596674
 0.40404695 0.21047885 0.51731251 0.5911889  0.26804228 0.27796558
 1.03179214 0.21503069 0.34908351 0.2707216  0.32729744 0.56509211
 0.4992214  0.60068484] t:[ 0.58813119 -0.65827404 -0.94355136  0.04996383 -1.22386039 -0.74338125
  0.51464219  0.79923005 -1.09854499  0.85016063  0.11175388  0.92703309
  1.18499472 -0.38433278  0.15078778  0.7464688  -1.28449989 -1.17326705
 -1.25454717 -0.13387571  0.09628916  0.3082334  -0.2491557  -0.91972102
  0.11321254  1.49480126  0.8070964   0.95528962  1.1202337  -1.37662483
  0.62779076 -1.29825555]
[0.18683396] z:[0.78543539 0.49442563 0.72053145 0.26025452 0.83785373 0.48200918
 0.59199026 0.57788737 0.48819506 0.50231051 0.40985906 0.46571324
 0.72665716 0.24785195 0.83858964 0.51004497 0.32322218 0.64489193
 0.40435035 0.21006751 0.51757218 0.59053967 0.26822432 0.27767929
 1.03554306 0.214537   0.34975088 0.27013839 0.32773359 0.5635472
 0.49999457 0.59933921] t:[ 0.58813151 -0.65836283 -0.94359751  0.04998707 -1.22392909 -0.744095
  0.51483049  0.79817926 -1.09868002  0.84791636  0.11178106  0.92594613
  1.18530234 -0.38436148  0.15054834  0.74615944 -1.28451674 -1.17113428
 -1.25454563 -0.13391406  0.09625078  0.30793489 -0.24919667 -0.91946163
  0.11307307  1.49482194  0.80712832  0.9549037   1.12028569 -1.37551595
  0.62792616 -1.29805249]
[0.18573309] z:[0.78648776 0.49328917 0.72175411 0.25980644 0.83942548 0.480912
 0.59356495 0.57593676 0.48908768 0.50074681 0.41057331 0.46389238
 0.72872982 0.24720471 0.83975477 0.50867643 0.32325244 0.64383077
 0.40464137 0.20965809 0.51782271 0.58989317 0.26839729 0.27739312
 1.03926172 0.21404463 0.35041019 0.26955863 0.32816467 0.5620256
 0.50075955 0.59801207] t:[ 0.5881316  -0.65845031 -0.94364347  0.05001017 -1.2239987  -0.74479544
  0.51501942  0.79714602 -1.0988156   0.84571693  0.11180774  0.92487966
  1.185612   -0.38438975  0.15030771  0.74585218 -1.2845341  -1.16902862
 -1.25454391 -0.13395245  0.09621198  0.30764041 -0.24923753 -0.91920445
  0.11293234  1.49484257  0.80716033  0.95452216  1.12033819 -1.37441196
  0.62806164 -1.29784673]
[0.18466132] z:[0.78753006 0.49216246 0.72296562 0.25936028 0.84098523 0.4798229
 0.59513176 0.57401024 0.48997123 0.49920022 0.41127777 0.46209345
 0.73078327 0.24656578 0.84089119 0.50733053 0.32327992 0.64278468
 0.40492373 0.20925284 0.51806755 0.58925202 0.26856463 0.27710985
 1.04295414 0.21355622 0.35106484 0.26898479 0.32859419 0.56052851
 0.50151954 0.59670425] t:[ 0.58813165 -0.65853674 -0.94368954  0.05003313 -1.22406919 -0.74548377
  0.51520959  0.79612893 -1.09895173  0.84356028  0.11183385  0.92383171
  1.18592364 -0.38441791  0.15006569  0.74554712 -1.28455192 -1.16694762
 -1.25454207 -0.13399087  0.09617272  0.30735016 -0.24927828 -0.91894803
  0.11279025  1.49486319  0.80719251  0.95414415  1.12039124 -1.3733121
  0.62819721 -1.29763724]
[0.18361313] z:[0.7885664  0.49104809 0.72417002 0.25891842 0.84253646 0.47874408
 0.59669224 0.5721106  0.49085113 0.49767161 0.41197862 0.46031753
 0.73282381 0.2459369  0.84200584 0.50600721 0.32330719 0.64175445
 0.40520074 0.20885398 0.51830934 0.58861747 0.2687287  0.27683112
 1.04662842 0.21307404 0.35171784 0.26841863 0.32902474 0.5590576
 0.5022792  0.59541681] t:[ 0.58813146 -0.65861855 -0.94373542  0.05005557 -1.22414026 -0.74615244
  0.51539992  0.79512185 -1.0990882   0.84143163  0.11185953  0.92279098
  1.18623669 -0.38444542  0.14982312  0.74524091 -1.28457006 -1.16488058
 -1.25454006 -0.13402912  0.0961332   0.30706109 -0.24931891 -0.91868991
  0.11264735  1.49488362  0.80722464  0.95376291  1.12044453 -1.37220322
  0.62833243 -1.29741374]
[0.18261568] z:[0.78958777 0.48994005 0.72535807 0.25847493 0.84407041 0.47767015
 0.59823944 0.57023166 0.49171769 0.49615718 0.41266521 0.45856032
 0.73483989 0.24531263 0.84308593 0.50470348 0.32332773 0.64073633
 0.40546479 0.20845582 0.51854191 0.58798554 0.26888328 0.27655199
 1.05026981 0.21259207 0.35236198 0.26785473 0.32944944 0.55760741
 0.50302873 0.59414541] t:[ 0.58813118 -0.65869918 -0.9437814   0.05007787 -1.22421222 -0.74680895
  0.51559177  0.7941313  -1.09922528  0.83934351  0.1118846   0.92176902
  1.18655226 -0.38447265  0.14957888  0.7449373  -1.28458868 -1.16283899
 -1.25453795 -0.13406732  0.09609318  0.30677541 -0.24935948 -0.91843308
  0.11250291  1.49490394  0.80725693  0.95338585  1.12049834 -1.37109893
  0.62846765 -1.29718635]
[0.18161392] z:[0.79060123 0.48884223 0.72653724 0.25803428 0.84559443 0.47660445
 0.59978041 0.56837647 0.49257793 0.49465886 0.41334551 0.45682361
 0.73684048 0.24469687 0.84414217 0.50342062 0.32334667 0.63973243
 0.40572221 0.20806245 0.51877024 0.58735902 0.26903359 0.27627615
 1.05388901 0.21211475 0.35300289 0.26729711 0.32987362 0.55618099
 0.50377545 0.59289286] t:[ 0.5881307  -0.65877768 -0.94382717  0.05009992 -1.22428482 -0.74745265
  0.51578406  0.79315222 -1.09936265  0.83728623  0.11190924  0.92075802
  1.18686911 -0.38449967  0.14933412  0.7446338  -1.28460767 -1.16081673
 -1.2545357  -0.13410552  0.09605286  0.30649206 -0.24939996 -0.91817565
  0.11235754  1.49492425  0.80728923  0.95300991  1.12055244 -1.36999429
  0.62860276 -1.29695245]
[0.18066943] z:[0.79159721 0.48774947 0.72769701 0.25759065 0.8470978  0.47554267
 0.60130488 0.5665406  0.49342333 0.49317386 0.41401064 0.45510447
 0.73881479 0.24408398 0.84516287 0.50215521 0.32335734 0.63873972
 0.40596461 0.20766859 0.51898783 0.58673395 0.26917268 0.2759985
 1.05747026 0.21163629 0.3536329  0.26674037 0.33029029 0.5547742
 0.50451062 0.59165454] t:[ 0.58813007 -0.65885421 -0.94387292  0.05012176 -1.22435843 -0.74808415
  0.51597729  0.79218606 -1.09950075  0.83525918  0.11193326  0.91976017
  1.18718865 -0.38452626  0.14908776  0.74433228 -1.28462715 -1.15881461
 -1.25453333 -0.13414358  0.09601209  0.30621089 -0.24944038 -0.91791908
  0.11221061  1.49494431  0.80732167  0.95263567  1.12060709 -1.36889034
  0.62873785 -1.29671493]
[0.17975977] z:[0.79258568 0.48666713 0.72884825 0.25715037 0.8485919  0.47448982
 0.60282367 0.56472756 0.49426259 0.49170613 0.41466851 0.45340629
 0.74077347 0.24347992 0.84615909 0.50091063 0.32336692 0.63776179
 0.40620088 0.20727993 0.51920185 0.5861152  0.26930815 0.27572512
 1.06102993 0.21116273 0.35426023 0.26619021 0.33070668 0.55338999
 0.50524289 0.59043457] t:[ 0.58812946 -0.65892945 -0.94391877  0.05014345 -1.22443276 -0.74870367
  0.51617154  0.79123541 -1.09963929  0.8332712   0.11195687  0.91877976
  1.1875099  -0.38455258  0.14884051  0.74403251 -1.28464706 -1.15683811
 -1.25453083 -0.1341816   0.09597095  0.30593284 -0.24948077 -0.91766332
  0.11206259  1.49496428  0.80735426  0.9522647   1.12066219 -1.36779118
  0.62887307 -1.29647548]
[0.17883816] z:[0.79356185 0.48559207 0.729986   0.25671013 0.85007134 0.47344294
 0.60433205 0.56293489 0.49509132 0.49025302 0.41531532 0.45172655
 0.74271157 0.24288153 0.84712621 0.49968447 0.32337188 0.63679605
 0.40642678 0.20689332 0.5194087  0.58549994 0.26943631 0.27545272
 1.06455964 0.21069107 0.35488066 0.26564372 0.33111922 0.55202678
 0.50596768 0.58923093] t:[ 0.58812867 -0.65900359 -0.94396458  0.05016505 -1.22450795 -0.74931167
  0.51636687  0.79029841 -1.09977832  0.83131589  0.11198001  0.91781343
  1.18783301 -0.38457866  0.14859223  0.74373401 -1.28466741 -1.15487909
 -1.25452828 -0.13421959  0.09592943  0.30565814 -0.24952109 -0.91740785
  0.11191338  1.49498418  0.80738694  0.95189598  1.12071771 -1.36669199
  0.62900825 -1.29622967]
[0.17796678] z:[0.7945288  0.48452607 0.73111331 0.25627196 0.85153915 0.47240383
 0.60583177 0.56116429 0.49591311 0.48881553 0.41595452 0.45006597
 0.74463277 0.24229032 0.84806824 0.49847727 0.32337448 0.63584355
 0.40664508 0.20651061 0.51961088 0.58488977 0.26955945 0.27518312
 1.06806468 0.21022309 0.3554968  0.26510246 0.33153011 0.55068525
 0.50668817 0.58804412] t:[ 0.58812786 -0.65907517 -0.94401043  0.05018637 -1.22458379 -0.74990622
  0.51656304  0.78937297 -1.0999178   0.82938923  0.11200263  0.91685786
  1.18815774 -0.38460442  0.14834308  0.74343634 -1.28468812 -1.15293875
 -1.25452562 -0.13425745  0.09588759  0.30538506 -0.24956136 -0.91715225
  0.1117631   1.4950039   0.80741974  0.95152755  1.1207736  -1.36559194
  0.62914342 -1.29597795]
[0.17709025] z:[0.79548753 0.48346938 0.73223129 0.25583644 0.85299662 0.47137254
 0.60732535 0.55941484 0.49672824 0.48739371 0.41658674 0.44842477
 0.7465386  0.24170681 0.84898733 0.49728885 0.32337532 0.6349045
 0.4068567  0.2061324  0.51980914 0.58428523 0.26967862 0.2749169
 1.07154647 0.20975937 0.35610945 0.26456701 0.33194025 0.54936482
 0.50740525 0.58687451] t:[ 0.58812681 -0.65914572 -0.94405612  0.05020759 -1.22466012 -0.7504908
  0.51675957  0.78845926 -1.10005748  0.8274897   0.11202487  0.91591339
  1.18848373 -0.38462985  0.14809326  0.74313935 -1.28470912 -1.15101642
 -1.25452277 -0.13429531  0.09584544  0.30511482 -0.24960155 -0.91689626
  0.11161192  1.4950235   0.80745251  0.95116139  1.12082969 -1.36449258
  0.62927838 -1.29572285]
[0.17629371] z:[0.79643174 0.48241875 0.73333292 0.25539956 0.85443673 0.47034655
 0.60880389 0.55768489 0.49753185 0.48598553 0.41720627 0.44680026
 0.74842096 0.2411271  0.84987385 0.4961176  0.32337011 0.63397662
 0.40705592 0.20575483 0.51999896 0.58368331 0.26978867 0.27465047
 1.07499519 0.20929589 0.35671338 0.26403341 0.33234468 0.54806328
 0.50811297 0.58571822] t:[ 0.58812565 -0.65921288 -0.94410187  0.05022843 -1.22473757 -0.75105952
  0.51695742  0.78755725 -1.10019798  0.82561867  0.11204652  0.91497975
  1.18881232 -0.38465496  0.14784227  0.74284384 -1.28473066 -1.14911204
 -1.25451992 -0.13433292  0.09580286  0.30484572 -0.24964169 -0.91663993
  0.11145921  1.49504282  0.80748542  0.95079397  1.12088633 -1.36339103
  0.62941326 -1.29545981]
[0.17545897] z:[0.79736385 0.48137513 0.73442118 0.25496293 0.85586252 0.46932638
 0.61027268 0.55597377 0.49832507 0.48459178 0.41781489 0.44519333
 0.7502831  0.24055282 0.85073175 0.49496398 0.32336056 0.63306073
 0.40724533 0.20537945 0.52018237 0.58308523 0.26989204 0.27438539
 1.07841378 0.20883421 0.35731076 0.26350335 0.33274526 0.54678074
 0.50881315 0.58457697] t:[ 0.58812438 -0.65927982 -0.94414751  0.05024926 -1.22481575 -0.75162065
  0.51715608  0.78666873 -1.10033888  0.82377881  0.11206772  0.91406076
  1.18914285 -0.38467984  0.14759013  0.74255002 -1.28475262 -1.14722888
 -1.25451695 -0.13437053  0.09575995  0.30457962 -0.24968183 -0.91638473
  0.11130528  1.49506204  0.80751845  0.95043073  1.12094338 -1.36229338
  0.62954825 -1.29519607]
[0.17466383] z:[0.79828689 0.48034029 0.73549919 0.25452866 0.85727684 0.46831386
 0.61173399 0.55428298 0.49911136 0.48321338 0.41841585 0.44360476
 0.75212931 0.23998546 0.8515668  0.49382758 0.32334901 0.6321576
 0.40742754 0.20500813 0.52036159 0.58249263 0.26999115 0.27412354
 1.08180692 0.20837646 0.35790398 0.26297868 0.33314452 0.54551864
 0.50950889 0.58345196] t:[ 0.5881229  -0.65934561 -0.94419307  0.05026998 -1.22489455 -0.75217141
  0.51735521  0.78579248 -1.1004801   0.82196732  0.11208849  0.91315378
  1.18947469 -0.38470445  0.14733737  0.74225744 -1.28477489 -1.14536295
 -1.25451388 -0.13440806  0.09571671  0.30431617 -0.24972189 -0.91612961
  0.11115047  1.4950811   0.80755144  0.95006933  1.12100066 -1.36119636
  0.62968299 -1.29492838]
[0.17390531] z:[0.79920346 0.47931547 0.7365694  0.25409815 0.85868235 0.46731041
 0.61318901 0.55261359 0.49989333 0.48185121 0.41901184 0.44203534
 0.75396158 0.23942646 0.85238085 0.49271006 0.32333721 0.63126834
 0.40760445 0.20464224 0.52053839 0.58190639 0.27008756 0.27386619
 1.0851785  0.20792394 0.35849508 0.26246051 0.33354411 0.54427758
 0.51020254 0.58234356] t:[ 0.58812126 -0.65940879 -0.94423857  0.05029041 -1.22497402 -0.75270906
  0.51755524  0.78492505 -1.10062172  0.82017872  0.11210888  0.91225467
  1.18980798 -0.3847287   0.14708399  0.74196502 -1.28479756 -1.14351
 -1.25451072 -0.13444548  0.0956732   0.30405425 -0.2497619  -0.91587365
  0.11099463  1.49509996  0.8075845   0.94970675  1.1210583  -1.36009469
  0.62981761 -1.29465251]
[0.17314976] z:[0.80011343 0.47830015 0.7376322  0.25367126 0.86007985 0.46631526
 0.61463998 0.55096375 0.50066998 0.48050472 0.41960145 0.44048422
 0.75578033 0.23887551 0.8531741  0.49161015 0.32332503 0.63039197
 0.40777659 0.20428132 0.52071282 0.58132645 0.27018153 0.27361325
 1.08852973 0.20747631 0.35908411 0.26194859 0.33394408 0.54305595
 0.51089383 0.58125131] t:[ 0.5881196  -0.65947205 -0.94428415  0.05031087 -1.22505408 -0.75323919
  0.51775606  0.78407151 -1.10076364  0.81842054  0.11212883  0.91136962
  1.19014247 -0.3847529   0.14683     0.74167439 -1.28482056 -1.14167685
 -1.25450754 -0.13448288  0.09562937  0.30379571 -0.24980185 -0.91561805
  0.11083788  1.49511876  0.80761767  0.9493479   1.12111622 -1.35899692
  0.62995229 -1.29437569]
[0.17242693] z:[0.80100612 0.47728776 0.73867577 0.25324043 0.86145686 0.4653224
 0.61607385 0.5493291  0.50143251 0.47916849 0.42017642 0.43894591
 0.75757359 0.2383252  0.85393411 0.49052291 0.32330432 0.62952383
 0.40793417 0.20391838 0.52087675 0.58074657 0.27026423 0.27335744
 1.09184325 0.20702625 0.35966165 0.26143589 0.33433554 0.54184925
 0.51157294 0.5801693 ] t:[ 0.58811778 -0.65953264 -0.94432959  0.05033106 -1.22513496 -0.75375727
  0.51795749  0.78322719 -1.10090611  0.81668174  0.11214831  0.91049208
  1.19047914 -0.3847767   0.14657516  0.74138479 -1.28484399 -1.1398599
 -1.25450417 -0.13452009  0.09558523  0.30353785 -0.24984183 -0.91536214
  0.11067989  1.49513723  0.80765093  0.94898865  1.12117454 -1.35789864
  0.63008684 -1.2940945 ]
[0.17170731] z:[0.8018867  0.47628157 0.73970595 0.25280959 0.86281958 0.4643352
 0.61749715 0.54771146 0.50218498 0.47784584 0.42073987 0.43742356
 0.7593461  0.23777945 0.8546661  0.48945127 0.32327924 0.62866657
 0.40808178 0.203557   0.52103403 0.58017032 0.27034027 0.27310291
 1.09512673 0.2065777  0.36023234 0.26092615 0.33472297 0.54065993
 0.51224389 0.57910016] t:[ 0.58811593 -0.65959256 -0.94437514  0.0503512  -1.22521663 -0.75426605
  0.51816016  0.78239615 -1.10104901  0.81497335  0.11216736  0.90962822
  1.19081761 -0.38480034  0.1463194   0.7410967  -1.28486783 -1.13805884
 -1.25450081 -0.13455718  0.09554069  0.30328314 -0.24988178 -0.91510642
  0.11052067  1.49515553  0.80768433  0.9486316   1.12123329 -1.35680141
  0.63022147 -1.29380914]
[0.17100049] z:[0.802754   0.47528129 0.7407213  0.25237851 0.8641665  0.46335332
 0.6189088  0.54611071 0.50292652 0.47653668 0.42129147 0.43591694
 0.76109708 0.2372379  0.85536895 0.48839526 0.32324952 0.62782051
 0.40821888 0.20319722 0.52118487 0.57959777 0.27040935 0.27284948
 1.09837553 0.2061304  0.36079557 0.26041922 0.335106   0.53948796
 0.51290594 0.57804405] t:[ 0.58811396 -0.65965216 -0.94442071  0.05037133 -1.22529926 -0.7547682
  0.51836406  0.78157656 -1.10119252  0.81329048  0.11218592  0.90877683
  1.19115837 -0.38482394  0.14606261  0.7408111  -1.28489212 -1.13627695
 -1.25449746 -0.13459418  0.09549579  0.30303057 -0.24992174 -0.91485182
  0.11036003  1.49517378  0.80771785  0.9482781   1.12129249 -1.355709
  0.63035617 -1.2935246 ]
[0.17033167] z:[0.80361708 0.47429179 0.7417313  0.25195246 0.86550713 0.46238114
 0.62031724 0.54453032 0.5036657  0.47524364 0.42183998 0.43442877
 0.76283767 0.23670526 0.85605562 0.48735642 0.32322107 0.62698805
 0.40835303 0.20284375 0.52133496 0.57903239 0.27047762 0.27260163
 1.10160761 0.20568932 0.36135839 0.25991957 0.3354907  0.5383358
 0.51356797 0.5770044 ] t:[ 0.58811179 -0.6597097  -0.94446606  0.05039124 -1.22538237 -0.7552584
  0.51856813  0.78076722 -1.10133623  0.81162948  0.11220422  0.90793349
  1.19149989 -0.3848472   0.14580579  0.74052546 -1.28491674 -1.13450923
 -1.254494   -0.13463105  0.09545068  0.30277986 -0.24996162 -0.9145959
  0.11019877  1.4951918   0.80775133  0.9479243   1.12135186 -1.35461461
  0.63049059 -1.29323446]
[0.16964943] z:[0.80447201 0.47331008 0.74273188 0.25152846 0.86683729 0.46141584
 0.62171847 0.54296804 0.50439884 0.47396441 0.42238206 0.43295674
 0.76456336 0.23617876 0.85672123 0.4863332  0.32319075 0.62616694
 0.40848067 0.20249386 0.52148133 0.57847166 0.2705419  0.27235653
 1.10481556 0.20525162 0.36191736 0.25942462 0.33587395 0.53720131
 0.51422612 0.57597893] t:[ 0.58810943 -0.65976561 -0.94451132  0.050411   -1.22546606 -0.7557389
  0.51877269  0.77996645 -1.10148022  0.80998891  0.11222205  0.90709769
  1.19184247 -0.38487014  0.14554848  0.74024004 -1.28494169 -1.13275561
 -1.25449048 -0.13466787  0.09540531  0.30253065 -0.25000145 -0.91433956
  0.11003659  1.49520957  0.80778488  0.94757077  1.12141149 -1.35351738
  0.63062498 -1.29293921]
[0.1689951] z:[0.80531806 0.47233618 0.74372238 0.2511068  0.86815663 0.46045788
 0.62311226 0.54142307 0.50512526 0.47269963 0.42291625 0.43150104
 0.76627249 0.23565844 0.85736409 0.48532551 0.32315887 0.6253577
 0.40860164 0.20214757 0.5216242  0.57791632 0.2706025  0.27211482
 1.10799705 0.20481764 0.36247228 0.25893462 0.33625586 0.53608465
 0.51487903 0.57496717] t:[ 0.5881071  -0.6598209  -0.94455666  0.05043071 -1.22555045 -0.75621191
  0.51897844  0.77917591 -1.10162463  0.80837072  0.11223952  0.90627198
  1.1921866  -0.38489301  0.14529065  0.73995631 -1.284967   -1.1310146
 -1.25448693 -0.13470456  0.09535964  0.30228377 -0.25004129 -0.91408318
  0.10987333  1.4952272   0.80781856  0.94721889  1.12147149 -1.35242026
  0.63075943 -1.2926408 ]
[0.16833292] z:[0.80615367 0.47136912 0.74470116 0.25068627 0.86946329 0.45950609
 0.62449786 0.53989467 0.50584301 0.47144869 0.42344051 0.43006105
 0.76796374 0.23514339 0.85798267 0.48433298 0.32312405 0.62455961
 0.40871459 0.20180388 0.52176218 0.57736536 0.27065808 0.27187541
 1.1111501  0.20438601 0.36302188 0.25844835 0.33663495 0.53498437
 0.51552561 0.57396878] t:[ 0.58810464 -0.65987633 -0.94460196  0.05045048 -1.22563543 -0.7566775
  0.51918486  0.77839884 -1.10176933  0.80678123  0.11225657  0.90546057
  1.19253209 -0.38491569  0.14503225  0.73967459 -1.28499265 -1.12929082
 -1.25448331 -0.13474117  0.09531364  0.30204003 -0.25008109 -0.91382757
  0.10970899  1.49524466  0.80785231  0.94687059  1.12153175 -1.35132766
  0.63089387 -1.29234206]
[0.16773814] z:[0.80698014 0.47040935 0.74566939 0.25026733 0.8707584  0.45856086
 0.62587447 0.53838329 0.50655436 0.47021048 0.42395756 0.42863581
 0.76963912 0.23463351 0.85857933 0.48335441 0.3230869  0.62377217
 0.40882039 0.20146313 0.52189612 0.5768189  0.27070913 0.27163833
 1.11427746 0.20395723 0.36356685 0.257966   0.33701206 0.53390035
 0.51616769 0.57298294] t:[ 0.58810199 -0.65992942 -0.94464714  0.05046998 -1.22572105 -0.75713214
  0.5193917   0.77763029 -1.10191436  0.80520892  0.11227327  0.90465464
  1.19287893 -0.38493807  0.1447735   0.73939324 -1.28501864 -1.12758115
 -1.25447966 -0.13477763  0.09526742  0.30179758 -0.25012086 -0.91357111
  0.10954379  1.49526181  0.80788604  0.94652122  1.12159225 -1.35023199
  0.63102805 -1.29203788]
[0.16711788] z:[0.80779523 0.46945547 0.74662469 0.24984865 0.87203958 0.45762123
 0.62724023 0.53688765 0.50725689 0.46898507 0.42446475 0.42722502
 0.77129554 0.23412766 0.85915085 0.48238979 0.32304612 0.62299502
 0.40891709 0.20112412 0.52202444 0.57627604 0.27075412 0.27140268
 1.11737357 0.2035301  0.36410536 0.25748659 0.33738565 0.53283203
 0.51680274 0.57200842] t:[ 0.58809924 -0.65998117 -0.94469237  0.05048935 -1.22580744 -0.75757771
  0.51959962  0.77687117 -1.10205992  0.80365792  0.1122895   0.90385778
  1.19322754 -0.38496025  0.14451424  0.73911326 -1.28504503 -1.12588659
 -1.25447598 -0.13481393  0.09522088  0.30155685 -0.25016062 -0.91331483
  0.10937733  1.49527877  0.8079199   0.94617229  1.12165311 -1.34913669
  0.63116221 -1.29173217]
[0.16651891] z:[0.80860145 0.46850871 0.74756995 0.24943212 0.87330994 0.45668832
 0.6285998  0.53540737 0.50795205 0.46777341 0.4249634  0.42582953
 0.77293566 0.2336276  0.85970011 0.48143945 0.32300366 0.62222934
 0.40900729 0.20078856 0.52214937 0.57573837 0.27079572 0.27117035
 1.12044319 0.20310635 0.36463983 0.2570118  0.33775756 0.53178026
 0.51743182 0.57104726] t:[ 0.58809646 -0.66003375 -0.94473757  0.05050886 -1.22589454 -0.75801961
  0.51980837  0.77612347 -1.10220575  0.80213098  0.11230538  0.90307333
  1.19357754 -0.38498251  0.14425416  0.73883536 -1.28507178 -1.12420435
 -1.25447226 -0.13485017  0.09517404  0.30131907 -0.25020039 -0.91305907
  0.10920992  1.49529563  0.80795388  0.94582771  1.12171433 -1.34804462
  0.63129655 -1.29142529]
[0.16591123] z:[0.80940566 0.46757329 0.7485122  0.24902195 0.87457645 0.4557659
 0.62995792 0.53394722 0.50864721 0.46657807 0.42546155 0.42445218
 0.77456797 0.23313722 0.86023714 0.48050628 0.32296423 0.62147721
 0.40909672 0.20046039 0.52227549 0.5752088  0.27083845 0.27094479
 1.12349729 0.20269008 0.3651756  0.25654545 0.33813285 0.530748
 0.51806259 0.57010247] t:[ 0.58809361 -0.66008436 -0.94478274  0.05052817 -1.22598195 -0.75845128
  0.52001767  0.77538316 -1.10235176  0.80062138  0.11232095  0.90229458
  1.19392797 -0.38500449  0.14399429  0.73855717 -1.28509879 -1.12253409
 -1.25446849 -0.13488631  0.09512702  0.30108238 -0.2502401  -0.91280231
  0.10904187  1.49531229  0.8079879   0.94548216  1.12177568 -1.34694864
  0.63143073 -1.29111285]
[0.16531701] z:[0.81019741 0.46664188 0.74944048 0.24861046 0.87582815 0.45484703
 0.63130464 0.53250016 0.50933236 0.4653929  0.42594894 0.42308666
 0.77618063 0.232649   0.86074892 0.47958424 0.32291965 0.62073312
 0.40917615 0.20013223 0.52239477 0.57468115 0.27087396 0.27071894
 1.12651998 0.20227373 0.36570355 0.25608028 0.33850299 0.52972862
 0.51868486 0.56916721] t:[ 0.58809061 -0.66013387 -0.94482784  0.05054737 -1.22607002 -0.75887561
  0.52022768  0.77465163 -1.10249813  0.79912914  0.11233614  0.90152327
  1.19427984 -0.38502627  0.14373404  0.73828024 -1.28512615 -1.1208801
 -1.25446465 -0.13492234  0.09507974  0.30084702 -0.25027981 -0.91254561
  0.10887285  1.49532869  0.80802198  0.94513797  1.1218373  -1.34585396
  0.63156482 -1.29079985]
[0.16477428] z:[0.81097945 0.46571696 0.75035776 0.24820019 0.87706793 0.45393418
 0.63264281 0.5310681  0.51000999 0.46422029 0.42642744 0.42173503
 0.77777645 0.23216547 0.86123804 0.47867544 0.32287261 0.61999927
 0.40924804 0.19980653 0.52250983 0.5741578  0.27090495 0.2704954
 1.12951489 0.20185986 0.36622648 0.25561863 0.33887079 0.52872402
 0.51930153 0.56824325] t:[ 0.58808748 -0.66018253 -0.94487287  0.05056649 -1.22615877 -0.75929164
  0.52043825  0.77393091 -1.10264474  0.79766007  0.11235102  0.90076198
  1.19463309 -0.38504789  0.14347327  0.73800419 -1.28515386 -1.1192402
 -1.2544608  -0.1349582   0.0950322   0.300614   -0.25031952 -0.91228868
  0.10870285  1.49534489  0.80805607  0.94479489  1.1218992  -1.34476036
  0.6316988  -1.29048398]
[0.16422783] z:[0.81174819 0.46479595 0.75126016 0.24778876 0.87829212 0.45302518
 0.63396926 0.52964849 0.51067673 0.46305839 0.42689386 0.42039542
 0.77935089 0.23168422 0.86170022 0.47777822 0.32282056 0.6192741
 0.40930967 0.19948097 0.52261811 0.57363687 0.27092883 0.27027202
 1.13247527 0.2014461  0.36674151 0.25515841 0.33923327 0.52773288
 0.51990813 0.56732933] t:[ 0.58808439 -0.66023126 -0.94491804  0.05058566 -1.22624839 -0.75970297
  0.52065032  0.77321929 -1.10279193  0.7962099   0.11236547  0.90001052
  1.19498822 -0.3850695   0.14321199  0.73773053 -1.28518202 -1.11761077
 -1.25445701 -0.13499397  0.09498432  0.30038299 -0.25035925 -0.91203253
  0.10853157  1.49536089  0.80809042  0.94445466  1.12196151 -1.34366703
  0.63183306 -1.29016647]
[0.16368466] z:[0.81251438 0.46388509 0.75215912 0.24738284 0.87951207 0.45212534
 0.6352944  0.52824667 0.5113427  0.46191099 0.42735908 0.41907188
 0.78091769 0.23121143 0.86215031 0.47689579 0.32277086 0.61856102
 0.40937015 0.19916178 0.52272711 0.5731231  0.2709533  0.27005449
 1.13542019 0.20103877 0.36725715 0.25470548 0.33959845 0.52675856
 0.5205163  0.56642998] t:[ 0.58808111 -0.66027847 -0.944963    0.05060466 -1.22633826 -0.7601056
  0.52086227  0.7725155  -1.10293913  0.79477489  0.11237967  0.89926399
  1.1953436  -0.38509087  0.14295105  0.73745667 -1.28521038 -1.11599441
 -1.25445311 -0.13502967  0.09493631  0.30015331 -0.25039891 -0.91177537
  0.10835987  1.49537668  0.80812468  0.94411397  1.12202387 -1.34257283
  0.63196703 -1.28984627]
[0.16315629] z:[0.81326815 0.46297855 0.75304406 0.24697621 0.88071705 0.45122997
 0.63660779 0.52685769 0.51199873 0.46077467 0.42781289 0.41776046
 0.78246406 0.23074125 0.8625749  0.4760248  0.32271673 0.61785683
 0.40942061 0.19884322 0.52282983 0.57261194 0.27097123 0.2698376
 1.13833167 0.20063208 0.36776536 0.25425426 0.33995897 0.52579772
 0.52111546 0.56553996] t:[ 0.58807779 -0.66032511 -0.94500803  0.05062365 -1.22642895 -0.76050088
  0.52107543  0.77182135 -1.10308678  0.79336169  0.11239349  0.89852783
  1.19570068 -0.38511215  0.14268956  0.73718467 -1.28523915 -1.11438809
 -1.25444922 -0.13506516  0.09488799  0.29992591 -0.25043859 -0.91151844
  0.10818691  1.49539225  0.8081591   0.94377431  1.12208662 -1.34147812
  0.63210106 -1.28952243]
[0.16261311] z:[0.81401946 0.4620827  0.75392544 0.2465758  0.88191777 0.45034475
 0.63792007 0.52548672 0.51265415 0.45965438 0.42826527 0.41646631
 0.78400218 0.23028018 0.86298697 0.47516988 0.32266563 0.61716607
 0.40947023 0.1985319  0.52293396 0.57210911 0.27099053 0.26962771
 1.14122566 0.20023272 0.3682746  0.2538113  0.34032256 0.52485484
 0.52171529 0.56466516] t:[ 0.58807439 -0.6603707  -0.94505296  0.05064254 -1.22652005 -0.76088899
  0.52128891  0.77113486 -1.10323458  0.7919643   0.11240703  0.89779798
  1.19605845 -0.38513318  0.14242806  0.73691302 -1.28526818 -1.11279292
 -1.25444528 -0.13510054  0.09483949  0.29969981 -0.25047826 -0.91126098
  0.10801332  1.49540755  0.80819354  0.94343516  1.12214954 -1.34038247
  0.632235   -1.28919605]
[0.16211596] z:[0.81475914 0.46119069 0.75479409 0.2461744  0.88310492 0.44946277
 0.63922237 0.52412742 0.51329988 0.45854313 0.42870707 0.41518255
 0.78552161 0.22982127 0.86337534 0.47432493 0.32261002 0.6164825
 0.40951079 0.19822061 0.52303202 0.57160819 0.27100345 0.26941766
 1.14408967 0.1998334  0.36877685 0.25336939 0.34068174 0.52392346
 0.52230735 0.56379916] t:[ 0.58807089 -0.66041624 -0.94509787  0.05066143 -1.22661169 -0.76127202
  0.52150317  0.77045747 -1.1033826   0.79058483  0.11242022  0.89707599
  1.19641733 -0.38515427  0.14216629  0.73664226 -1.28529751 -1.11120931
 -1.2544413  -0.13513586  0.09479073  0.29947593 -0.2505179  -0.91100309
  0.1078388   1.49542281  0.80822804  0.9430982   1.12221265 -1.33928667
  0.63236888 -1.28886706]
[0.1616287] z:[0.81548791 0.46030396 0.75565016 0.24577337 0.88427846 0.44858604
 0.64051409 0.52278148 0.51393758 0.45744316 0.42913989 0.41391092
 0.787023   0.22936563 0.86374066 0.47349135 0.32255117 0.61580843
 0.40954299 0.19791097 0.52312526 0.57111066 0.27101106 0.26920903
 1.1469219  0.19943564 0.36927289 0.2529301  0.34103741 0.5230055
 0.5228924  0.56294311] t:[ 0.58806729 -0.66046034 -0.94514272  0.05068018 -1.22670412 -0.76164763
  0.52171811  0.7697873  -1.10353106  0.78921951  0.11243305  0.89636002
  1.19677784 -0.38517518  0.14190404  0.73637275 -1.28532724 -1.10963798
 -1.2544373  -0.13517102  0.09474174  0.29925302 -0.25055757 -0.91074526
  0.10766325  1.49543779  0.80826262  0.94276149  1.1222761  -1.33819052
  0.63250274 -1.28853626]
[0.16111817] z:[0.81621359 0.45942712 0.7565021  0.24537794 0.88544736 0.44771869
 0.64180438 0.52145212 0.51457384 0.45635833 0.42957016 0.4126555
 0.78851566 0.22891832 0.86409368 0.47267251 0.32249491 0.61514693
 0.40957401 0.19760777 0.52321935 0.57062086 0.2710196  0.26900685
 1.14973594 0.19904451 0.36976942 0.25249834 0.34139565 0.5221041
 0.52347743 0.56210121] t:[ 0.58806363 -0.66050422 -0.94518756  0.05069893 -1.22679701 -0.76201733
  0.52193359  0.76912625 -1.10367968  0.78787342  0.11244564  0.89565268
  1.19713893 -0.38519596  0.14164192  0.73610446 -1.28535725 -1.10807877
 -1.25443332 -0.13520606  0.09469255  0.29903226 -0.2505972  -0.91048724
  0.10748702  1.49545252  0.80829726  0.94242631  1.12233973 -1.33709563
  0.63263655 -1.28820492]
[0.16063344] z:[0.81693023 0.45855579 0.7573437  0.24498353 0.88660502 0.44685658
 0.6430866  0.5201359  0.5152033  0.45528415 0.42999296 0.41141187
 0.78999245 0.22847488 0.86442654 0.471865   0.32243628 0.61449419
 0.40959821 0.19730659 0.52330952 0.5701347  0.27102391 0.26880652
 1.15252252 0.19865544 0.37026105 0.25206962 0.3417514  0.52121578
 0.52405696 0.56126957] t:[ 0.58805987 -0.66054711 -0.94523235  0.05071757 -1.22689047 -0.76238068
  0.52214988  0.76847244 -1.10382856  0.78654154  0.11245783  0.89495124
  1.19750104 -0.38521668  0.14137967  0.73583705 -1.28538757 -1.10653063
 -1.25442933 -0.135241    0.09464315  0.29881266 -0.25063683 -0.91022914
  0.10730989  1.49546707  0.80833197  0.9420918   1.12240357 -1.33599909
  0.63277036 -1.28787047]
[0.16016854] z:[0.81763999 0.45769183 0.75817724 0.24459213 0.88775391 0.44600163
 0.64436352 0.51883377 0.5158277  0.45422309 0.43040911 0.41018211
 0.79145597 0.2280372  0.86474202 0.47107012 0.32237751 0.61385223
 0.40961779 0.19700931 0.5233978  0.56965408 0.27102635 0.26861031
 1.15528456 0.19827053 0.37075005 0.2516459  0.34210683 0.52034192
 0.52463265 0.56044945] t:[ 0.58805606 -0.66059005 -0.94527715  0.05073627 -1.22698457 -0.76273829
  0.52236687  0.76782877 -1.10397769  0.78523097  0.11246979  0.89426031
  1.1978642  -0.3852373   0.14111731  0.73557114 -1.28541821 -1.10499054
 -1.25442537 -0.13527577  0.0945935   0.29859565 -0.25067645 -0.90997118
  0.10713192  1.49548139  0.80836676  0.94175903  1.12246768 -1.33490321
  0.63290415 -1.28753402]
[0.15970257] z:[0.81833677 0.45683028 0.7589963  0.24419862 0.88888723 0.44514897
 0.64562874 0.51754155 0.51644147 0.45316998 0.43081389 0.40896118
 0.79289962 0.22760015 0.86503368 0.47028336 0.3223132  0.6132167
 0.40962704 0.1967111  0.52347895 0.56917439 0.27102142 0.26841304
 1.15801281 0.19788465 0.37123056 0.25122224 0.34245636 0.51947815
 0.52519904 0.55963665] t:[ 0.58805214 -0.66063241 -0.94532181  0.05075494 -1.22707921 -0.76309047
  0.52258425  0.7671928  -1.10412703  0.78393511  0.11248142  0.89357579
  1.19822848 -0.3852578   0.140855    0.73530615 -1.28544918 -1.10346222
 -1.25442131 -0.13531043  0.09454364  0.29838005 -0.25071607 -0.90971319
  0.10695308  1.4954955   0.80840161  0.94142778  1.12253201 -1.33380874
  0.63303795 -1.28719717]
[0.15923672] z:[0.81903129 0.45597889 0.75981208 0.24381127 0.89001685 0.44430609
 0.64689255 0.51626579 0.5170549  0.45213173 0.43121746 0.4077561
 0.79433504 0.22717174 0.86531385 0.46951134 0.32225219 0.61259373
 0.40963581 0.19641977 0.52356182 0.56870281 0.27101817 0.26822262
 1.1607229  0.19750595 0.37171222 0.25080649 0.34280935 0.51863088
 0.52576613 0.55883758] t:[ 0.58804818 -0.66067412 -0.94536661  0.05077351 -1.22717435 -0.76343713
  0.52280261  0.76656305 -1.10427664  0.78265266  0.11249275  0.89289656
  1.19859344 -0.3852783   0.14059266  0.73504201 -1.28548042 -1.10194387
 -1.25441729 -0.135345    0.09449358  0.29816596 -0.25075565 -0.90945443
  0.10677352  1.4955095   0.80843654  0.94109691  1.12259653 -1.33271148
  0.63317168 -1.2868575 ]
[0.15879055] z:[0.81971218 0.4551298  0.76061273 0.24342152 0.89113028 0.44346537
 0.64814375 0.51499998 0.51765746 0.45110114 0.4316093  0.40655935
 0.79574985 0.22674369 0.86556876 0.4687474  0.32218532 0.61197701
 0.40963388 0.19612722 0.52363736 0.5682318  0.2710071  0.26803079
 1.16339806 0.19712595 0.37218508 0.25039046 0.34315603 0.51779363
 0.52632334 0.55804566] t:[ 0.58804412 -0.66071481 -0.94541123  0.05079201 -1.22727016 -0.76377746
  0.52302151  0.76594075 -1.10442652  0.78138405  0.11250377  0.89222337
  1.19895976 -0.38529868  0.14033029  0.73477894 -1.28551202 -1.10043594
 -1.25441325 -0.13537943  0.09444331  0.29795282 -0.25079528 -0.9091959
  0.10659296  1.49552321  0.80847154  0.94076701  1.12266128 -1.33161444
  0.63330539 -1.28651553]
[0.15835482] z:[0.82038729 0.45428788 0.76140636 0.24303489 0.89223613 0.44263166
 0.64939009 0.51374748 0.51825618 0.45008271 0.43199629 0.40537561
 0.79715269 0.22632117 0.86580858 0.46799523 0.32211862 0.61137036
 0.40962819 0.19583855 0.52371143 0.56776616 0.2709945  0.26784293
 1.16605075 0.19675003 0.37265571 0.24997935 0.34350263 0.51696969
 0.52687779 0.5572646 ] t:[ 0.5880401  -0.66075471 -0.94545592  0.05081043 -1.22736646 -0.76411166
  0.52324115  0.76532581 -1.10457662  0.78013026  0.1125145   0.89155653
  1.19932686 -0.3853189   0.14006788  0.73451665 -1.28554391 -1.09893837
 -1.25440923 -0.13541372  0.09439285  0.29774114 -0.25083487 -0.90893716
  0.10641164  1.49553664  0.80850666  0.94043754  1.12272626 -1.33051668
  0.63343914 -1.28617196]
[0.15791729] z:[0.82105198 0.45345026 0.7621882  0.24264833 0.89332932 0.44180213
 0.6506278  0.51250573 0.5188464  0.44907409 0.43237363 0.4042023
 0.79853854 0.2259013  0.86602789 0.4672526  0.32204878 0.61077168
 0.40961473 0.19555094 0.52378072 0.56730341 0.27097704 0.26765624
 1.16867287 0.19637526 0.37312037 0.24957023 0.34384592 0.51615687
 0.52742547 0.55649199] t:[ 0.58803594 -0.66079501 -0.94550055  0.05082893 -1.22746338 -0.76444199
  0.5234613   0.76471981 -1.10472697  0.77889437  0.11252494  0.89089862
  1.19969502 -0.38533918  0.13980541  0.73425626 -1.28557611 -1.09745101
 -1.2544052  -0.13544789  0.09434215  0.2975319  -0.25087447 -0.90867858
  0.10622946  1.49554999  0.80854183  0.94011035  1.12279146 -1.3294205
  0.63357284 -1.28582799]
