[0.] z:[0.43063962 0.56086178 0.60760547 0.65812625 0.7886358  0.33222571
 0.48744232 0.44198724 0.43618579 0.38462337 0.4752985  0.63149034
 0.52982014 0.30836445 0.64245229 0.77378384 0.25611443 0.60166457
 0.4984277  0.42576057 0.78023742 0.50890072 0.20411888 0.53503938
 0.40734498 0.80256826 0.42809047 0.51529188 0.75601349 0.41564837
 0.67009375 0.3240322 ] t:[ 1.55591234 -1.27539458  0.71215204  0.30289243 -1.4151581  -1.22966923
 -0.73930926 -0.94100119  1.34896472  0.96765043 -0.63859848  1.25037011
  0.23762924  0.2654086   1.43496288 -0.12908611 -1.06670342  1.3261267
 -0.2039398  -1.05919112 -0.596664   -0.20962709  0.93135755  0.4671229
 -1.1032924  -0.75389047  1.4734377   0.57126293  0.41366615 -1.39679993
 -1.01947216 -0.51365322]
[0.] z:[0.43144472 0.56047317 0.60743041 0.6584776  0.79088786 0.33174696
 0.48865183 0.44072517 0.43653273 0.38539278 0.47707299 0.62959624
 0.52661395 0.30854808 0.64223773 0.76902762 0.25529822 0.5921372
 0.50013431 0.42518684 0.77865271 0.50969436 0.20571132 0.54003413
 0.40959686 0.8237098  0.42913165 0.51347234 0.75818972 0.414892
 0.66992896 0.3245575 ] t:[ 1.5517065  -1.27548862  0.71227186  0.30189661 -1.41223565 -1.23167997
 -0.73983297 -0.93985068  1.36165846  0.9688812  -0.63842994  1.24045666
  0.23202938  0.26642226  1.44684963 -0.13397668 -1.06882894  1.32228654
 -0.19937326 -1.06149276 -0.59561715 -0.2113513   0.92962364  0.45881024
 -1.09505584 -0.76595914  1.47253436  0.56301742  0.41142106 -1.39141233
 -1.01024222 -0.5149601 ]
[0.] z:[0.43219909 0.55998141 0.60718868 0.65885946 0.79294614 0.33124482
 0.48952974 0.4395769  0.43682869 0.38599614 0.47885842 0.62760252
 0.5228985  0.30869509 0.64164764 0.76373363 0.25448435 0.58294915
 0.5016644  0.4246238  0.77739414 0.51040286 0.20723865 0.54416538
 0.41130418 0.84149266 0.43038811 0.5121672  0.76027823 0.41418071
 0.67011122 0.32496708] t:[ 1.54688528 -1.27605836  0.71221903  0.30135003 -1.40987808 -1.23358599
 -0.73990072 -0.9383909   1.37235024  0.96971776 -0.63750813  1.22722372
  0.2273046   0.26790841  1.45548247 -0.13735153 -1.07125947  1.31915904
 -0.19427168 -1.06391245 -0.59444466 -0.21261555  0.93013783  0.45016079
 -1.08726491 -0.77412141  1.47208457  0.55372279  0.41146419 -1.38729449
 -0.99877113 -0.51604011]
[0.] z:[0.43290843 0.5593518  0.60687474 0.65925365 0.79484304 0.33074981
 0.49009556 0.43851931 0.43710537 0.38641092 0.48059027 0.62563547
 0.51873854 0.3088595  0.64073285 0.75807994 0.25367215 0.57405747
 0.50305482 0.42407105 0.77642876 0.51100648 0.20873759 0.54812246
 0.41260522 0.85638313 0.43182712 0.51126179 0.7623469  0.41346688
 0.67056014 0.3253016 ] t:[ 1.54161297 -1.27644999  0.71230576  0.30065765 -1.40765159 -1.23593242
 -0.74024044 -0.93683339  1.38312142  0.97125061 -0.63607305  1.21256217
  0.22224477  0.26978495  1.46421297 -0.13956023 -1.0742581   1.31623131
 -0.18982895 -1.06670721 -0.59311369 -0.2141643   0.93095479  0.44205175
 -1.08080315 -0.78087002  1.47193096  0.54550328  0.4082647  -1.38375946
 -0.98690161 -0.51700972]
[0.] z:[0.43358923 0.55865894 0.60651081 0.65967969 0.79661294 0.33026521
 0.4904241  0.43753363 0.43737718 0.38672463 0.48225098 0.62361259
 0.51431386 0.30902266 0.63962239 0.75225182 0.25285888 0.56544544
 0.50436893 0.42351861 0.77567119 0.51153523 0.21024092 0.55215895
 0.41371608 0.86965999 0.43335916 0.51053801 0.76445155 0.41273021
 0.67115754 0.32559486] t:[ 1.53659316 -1.27802904  0.71228511  0.29998636 -1.4052522  -1.23755481
 -0.74058525 -0.93552027  1.39380609  0.97223066 -0.63547027  1.19828761
  0.21883973  0.27259251  1.47257422 -0.14164485 -1.07784725  1.31346623
 -0.18629266 -1.06957408 -0.5923766  -0.21591133  0.93222545  0.43353023
 -1.07351297 -0.78638673  1.47145515  0.53679451  0.4077431  -1.37989067
 -0.97578057 -0.51781819]
[0.] z:[0.43424322 0.55790225 0.60612305 0.66012548 0.79826772 0.32979088
 0.49056106 0.43658548 0.43765055 0.38696103 0.48381205 0.62156051
 0.50975702 0.30911294 0.63839047 0.746238   0.25204574 0.55707264
 0.50560295 0.42296625 0.77506895 0.51201806 0.21174108 0.55640625
 0.4146548  0.8817743  0.43494417 0.50996619 0.76657245 0.41197695
 0.67183552 0.32586051] t:[ 1.5305738  -1.27896676  0.71241245  0.29923051 -1.4028866  -1.23932085
 -0.74149201 -0.93412865  1.40310055  0.97314582 -0.63603207  1.18436912
  0.21559206  0.27477853  1.48384727 -0.14331101 -1.08057924  1.31151005
 -0.18170703 -1.07186859 -0.5915073  -0.21748384  0.93268404  0.42446269
 -1.06693606 -0.79117397  1.47140376  0.52757448  0.40729709 -1.37652671
 -0.96261664 -0.51870434]
[0.] z:[0.4348735  0.55711609 0.60568703 0.6606258  0.79978628 0.32935185
 0.49053922 0.43570506 0.43791363 0.3871253  0.48534707 0.61947749
 0.50500149 0.30923103 0.63701469 0.74015336 0.25123485 0.54883197
 0.50678534 0.42240989 0.77459702 0.5124619  0.2132507  0.56095152
 0.41552817 0.89358456 0.43653965 0.50947518 0.76874227 0.41118209
 0.67256478 0.32610965] t:[ 1.52399969 -1.28112949  0.7130185   0.29814275 -1.40102625 -1.24137031
 -0.74177046 -0.9326292   1.41210057  0.97400763 -0.63540968  1.17358581
  0.21081715  0.27649637  1.49128313 -0.14480281 -1.08461575  1.30916507
 -0.17812411 -1.0745507  -0.59056679 -0.2192531   0.93288767  0.41674347
 -1.05995492 -0.79493155  1.47140227  0.51930535  0.40664285 -1.37369304
 -0.95151859 -0.5195998 ]
[0.] z:[0.43548513 0.55629056 0.605227   0.66118054 0.80120891 0.32893781
 0.49039385 0.43483428 0.43817209 0.38723341 0.48675732 0.61740238
 0.50020559 0.30934002 0.63557243 0.73408037 0.25041108 0.54080571
 0.50793137 0.42181823 0.77421436 0.51288921 0.2147743  0.56558421
 0.41636249 0.90512104 0.438134   0.50897664 0.77094656 0.4103704
 0.67328494 0.32636191] t:[ 1.51836047 -1.28272849  0.7128383   0.29688663 -1.39769508 -1.24345717
 -0.74238084 -0.93012587  1.42279137  0.97593378 -0.63339754  1.1628311
  0.20557743  0.27892389  1.49999989 -0.14693718 -1.0888307   1.30757437
 -0.17315114 -1.07750166 -0.58930083 -0.22136519  0.93374996  0.40663367
 -1.05301177 -0.79886254  1.47073968  0.5094037   0.4038537  -1.37090955
 -0.93845671 -0.52100044]
[0.] z:[0.43606794 0.55547167 0.60474291 0.66179241 0.80250755 0.32855877
 0.49011575 0.43401295 0.43842768 0.38730006 0.48808378 0.6153659
 0.49534556 0.30942925 0.6340535  0.72798452 0.24958738 0.5329814
 0.50902248 0.42121848 0.77396053 0.51327841 0.21631548 0.57046154
 0.41715881 0.91667037 0.43972104 0.50851308 0.77316397 0.40955608
 0.67402723 0.32660477] t:[ 1.51248729 -1.28451828  0.71304678  0.29645254 -1.39515614 -1.24513984
 -0.74236755 -0.92885613  1.43384317  0.9776009  -0.63187017  1.15360769
  0.19936772  0.28069801  1.50786057 -0.14890278 -1.09391568  1.30537187
 -0.16878366 -1.08089389 -0.58799435 -0.22358242  0.93289161  0.39794135
 -1.04560428 -0.80217249  1.47043761  0.50065377  0.4021827  -1.36775809
 -0.92459073 -0.52235607]
[0.] z:[0.43661919 0.55462881 0.60423419 0.66243507 0.8036789  0.32820469
 0.48963865 0.43325229 0.43866645 0.3872982  0.48929121 0.61337425
 0.49038727 0.30948601 0.63241915 0.72180791 0.24875318 0.52542763
 0.51007163 0.42060248 0.77387257 0.51360605 0.21787704 0.5756372
 0.41782184 0.92712131 0.44134041 0.50812266 0.77538813 0.40874654
 0.67486612 0.32680871] t:[ 1.50569665 -1.28633786  0.71316003  0.29570961 -1.39294783 -1.24684305
 -0.7432206  -0.92715866  1.44426175  0.97888948 -0.63155132  1.14395306
  0.19384351  0.28250822  1.51666446 -0.15239787 -1.09836122  1.30380263
 -0.16404456 -1.08501848 -0.58710123 -0.22560639  0.93403331  0.38720949
 -1.03835617 -0.80515443  1.47049594  0.49172353  0.40053444 -1.36498877
 -0.91216953 -0.52366967]
[0.] z:[0.43714462 0.55379045 0.60369559 0.66314045 0.80472349 0.32789686
 0.4890756  0.43250716 0.43888216 0.38724042 0.49043127 0.6113835
 0.48538071 0.30957497 0.63072178 0.71576213 0.24790284 0.51795388
 0.51109135 0.41995916 0.77385822 0.51391852 0.21945876 0.58097081
 0.41852093 0.93812565 0.44294201 0.50763884 0.77768691 0.4078974
 0.67570067 0.32700968] t:[ 1.49883291 -1.28893428  0.7134285   0.29426168 -1.39112966 -1.24811906
 -0.74292345 -0.92566314  1.45549047  0.98010151 -0.62929521  1.1338244
  0.18652734  0.28353855  1.5261496  -0.15460193 -1.10310229  1.30195268
 -0.15945506 -1.08882937 -0.585958   -0.22828422  0.93496624  0.37706205
 -1.03097871 -0.80771182  1.47018307  0.48346147  0.39808978 -1.36234978
 -0.89770738 -0.52536602]
[0.] z:[0.4376592  0.55292965 0.60312771 0.66390217 0.8056834  0.32762435
 0.4884273  0.43176992 0.43908945 0.38713529 0.49153641 0.60937293
 0.48032262 0.30967996 0.62895631 0.70976147 0.24703555 0.51056427
 0.51209572 0.41929787 0.77390621 0.5142114  0.22104943 0.5866066
 0.41921676 0.94943556 0.44452146 0.50711661 0.78004337 0.40701265
 0.67658244 0.32717864] t:[ 1.49172197 -1.29093641  0.7138063   0.29317259 -1.38836245 -1.24930722
 -0.74377476 -0.92447532  1.46551619  0.98136741 -0.62752411  1.12361517
  0.17779696  0.28448006  1.53542551 -0.15667517 -1.10837951  1.29981358
 -0.1545909  -1.09380508 -0.58473268 -0.23052798  0.93619509  0.36671524
 -1.02474997 -0.81038421  1.47024148  0.47630244  0.39675582 -1.35926706
 -0.88538293 -0.52712871]
[0.] z:[0.43815693 0.55205704 0.60251342 0.66472695 0.80652772 0.32739549
 0.48768487 0.43105423 0.43926817 0.38696936 0.49260397 0.60734768
 0.47516517 0.30986344 0.62708623 0.70387951 0.24614202 0.50322107
 0.51309119 0.41861002 0.77402529 0.51448271 0.22264899 0.5926026
 0.41993187 0.96103796 0.44607247 0.50652395 0.78246568 0.40609582
 0.67751796 0.3273258 ] t:[ 1.48421066 -1.29280211  0.71391205  0.29236442 -1.38576807 -1.2504674
 -0.74458577 -0.92345664  1.47770403  0.98272562 -0.62623797  1.11396152
  0.16902231  0.28531766  1.54588615 -0.15962445 -1.11403751  1.29768878
 -0.14883371 -1.10006216 -0.58398686 -0.2325171   0.93774164  0.35605351
 -1.01843736 -0.81301591  1.469934    0.46734394  0.39294422 -1.35605779
 -0.8713508  -0.52922561]
[0.] z:[0.43863745 0.55117297 0.60187779 0.66559502 0.8072626  0.32720974
 0.48688143 0.43032184 0.43943647 0.38673339 0.49361649 0.60534655
 0.46998967 0.31005181 0.62515337 0.69815755 0.24522751 0.49598079
 0.51406651 0.41789317 0.77420563 0.51473492 0.22426574 0.5990196
 0.42070231 0.97312967 0.44758361 0.50586096 0.78491876 0.40516368
 0.67844469 0.32748314] t:[ 1.47664667 -1.29508578  0.71463604  0.29131291 -1.38336498 -1.25193332
 -0.74490547 -0.92256021  1.4896379   0.98380997 -0.62438897  1.10526516
  0.15945472  0.28617548  1.5566072  -0.16174687 -1.12084629  1.29536397
 -0.14251446 -1.10622283 -0.5834681  -0.2347237   0.94086408  0.34574353
 -1.01210127 -0.81535586  1.4690604   0.45912435  0.38892681 -1.35278185
 -0.85868206 -0.53165675]
[0.] z:[0.43909659 0.55027498 0.60120472 0.66652522 0.80787889 0.32706006
 0.48596262 0.42962139 0.4395791  0.38642837 0.49455022 0.6033813
 0.46476211 0.31029567 0.62310579 0.69261388 0.24428522 0.48879987
 0.51502611 0.41715418 0.77446369 0.51496272 0.22588972 0.60591018
 0.42147365 0.98509909 0.44909621 0.50513739 0.7874202  0.40421302
 0.67942609 0.32762661] t:[ 1.46841116 -1.29686833  0.71573826  0.2907752  -1.3801539  -1.25308911
 -0.74626832 -0.92181414  1.50215595  0.98571442 -0.62275852  1.0975198
  0.14671033  0.28683872  1.57033422 -0.16367321 -1.12650939  1.29393886
 -0.13739545 -1.11244805 -0.58355432 -0.2367964   0.94278316  0.33539599
 -1.00514451 -0.81754012  1.46904448  0.45154414  0.38245903 -1.34949985
 -0.84724001 -0.53424749]
[0.] z:[0.43953123 0.54939056 0.60050832 0.66749453 0.80836877 0.32695276
 0.48494563 0.42897161 0.43970389 0.38608826 0.49544293 0.60141336
 0.45946911 0.31060043 0.62096421 0.68718617 0.24332362 0.48165474
 0.51595687 0.41639812 0.77481047 0.51515824 0.22751699 0.61308646
 0.422254   0.99732434 0.45060293 0.5043527  0.78995914 0.40326117
 0.68050605 0.32771862] t:[ 1.45960525 -1.29879849  0.71673481  0.29027617 -1.37810423 -1.25445386
 -0.74689056 -0.92113988  1.51587938  0.98770259 -0.62064521  1.08922355
  0.1336353   0.28687095 -1.55723733 -0.16595851 -1.13409515  1.2923692
 -0.13035517 -1.1202749  -0.58308304 -0.23921585  0.9460171   0.32651275
 -0.99777533 -0.81937706  1.46804329  0.44459013  0.37853271 -1.34641792
 -0.83605466 -0.53692053]
[0.] z:[0.43995111 0.54849325 0.59978511 0.66851563 0.808757   0.32688187
 0.48384831 0.42833614 0.43981432 0.38568833 0.49630646 0.59943373
 0.45415203 0.31096534 0.61872679 0.68189068 0.24233942 0.47451917
 0.5168742  0.41562261 0.77521607 0.51533785 0.22914872 0.62072253
 0.42306352 1.00982801 0.4520975  0.50349997 0.7925405  0.40229424
 0.68165395 0.32778677] t:[ 1.45224462 -1.30079499  0.71736879  0.28948153 -1.37575499 -1.25564435
 -0.7476293  -0.9205866   1.52891968  0.98925516 -0.61931992  1.08249571
  0.11982321  0.28731246 -1.54567801 -0.16853038 -1.14296074  1.29031992
 -0.12070347 -1.12834035 -0.58243361 -0.24182538  0.94993861  0.31597931
 -0.98933857 -0.82107406  1.46698347  0.43733927  0.37540808 -1.34376172
 -0.82698088 -0.53953587]
[0.] z:[0.44035073 0.5475932  0.59904794 0.6695704  0.80905193 0.32683542
 0.48265406 0.42773571 0.43991567 0.38523284 0.49709627 0.5974918
 0.44886813 0.311364   0.61640741 0.67682104 0.24132555 0.46744174
 0.51776313 0.41482846 0.77571747 0.51547731 0.23079488 0.6288956
 0.42391803 1.02269312 0.45358396 0.5025584  0.79516278 0.40131578
 0.68283676 0.3278518 ] t:[ 1.44435468 -1.30260019  0.71813104  0.28903114 -1.37415579 -1.2570713
 -0.74801294 -0.91990517  1.54334531  0.99072647 -0.61815314  1.07614072
  0.10595467  0.28753297 -1.53216249 -0.17055796 -1.15290091  1.28880358
 -0.11238707 -1.13646692 -0.58246294 -0.24433156  0.95408942  0.30694173
 -0.98305599 -0.82250627  1.46613457  0.4305508   0.36853189 -1.3408186
 -0.81761231 -0.54219495]
[0.] z:[0.44073141 0.54670945 0.5982936  0.67065204 0.80922684 0.32682919
 0.48138964 0.42718291 0.43999344 0.38475609 0.4978552  0.59554761
 0.44358745 0.31186659 0.61397749 0.67198842 0.24028369 0.46034176
 0.51864278 0.4140191  0.77626064 0.51559967 0.23244171 0.63752559
 0.4248114  1.03615    0.45505935 0.50152837 0.79783186 0.40032181
 0.68410169 0.32788952] t:[ 1.43561994 -1.30420099  0.72046557  0.28783104 -1.37236636 -1.25818599
 -0.74841673 -0.91956876  1.55806148  0.99232742 -0.61550915  1.06929884
  0.08701377  0.28671362 -1.51871571 -0.17272143 -1.16060799  1.28691367
 -0.10458646 -1.14522345 -0.5827729  -0.24708384  0.95732785  0.29668689
 -0.97788174 -0.82393696  1.46508484  0.42367364  0.36193434 -1.33773167
 -0.80601521 -0.54527304]
[0.] z:[0.44108847 0.54583114 0.59753078 0.67176094 0.80929501 0.32685111
 0.48003757 0.42665758 0.44006037 0.38422441 0.49854358 0.59365129
 0.43831311 0.31242132 0.61143732 0.66734134 0.23920849 0.45330538
 0.51948962 0.41319894 0.77686708 0.5156945  0.23408065 0.64672729
 0.42573312 1.04941799 0.45653421 0.50044753 0.80050477 0.39933794
 0.68542481 0.32790754] t:[ 1.42655037 -1.30711024  0.7213399   0.287026   -1.37164348 -1.25920914
 -0.74857217 -0.91890444 -1.56914     0.99487529 -0.61258836  1.06203175
  0.07080379  0.28584404 -1.50389394 -0.1763901  -1.1698313   1.28494963
 -0.09394749 -1.1544489  -0.5833692  -0.24958693  0.96145025  0.28481846
 -0.97214356 -0.82449535  1.46417879  0.41737668  0.3518179  -1.33498835
 -0.79750971 -0.54766032]
[0.] z:[0.44142578 0.54495395 0.59674927 0.67290324 0.80925868 0.32690309
 0.47857175 0.42618856 0.44011471 0.38364658 0.49918255 0.59176886
 0.43301728 0.31304463 0.60876973 0.66290107 0.23810903 0.44621001
 0.52031534 0.41237547 0.7775319  0.51576352 0.23571855 0.65663911
 0.42666704 1.06296305 0.45802896 0.49927681 0.80323913 0.39832164
 0.68683547 0.32789302] t:[ 1.41715073 -1.30858191  0.72234844  0.28618317 -1.37054105 -1.26047581
 -0.74899932 -0.91856441 -1.55479389  0.99701965 -0.61045737  1.05647329
  0.0520875   0.28557677 -1.48638492 -0.17859867 -1.18038076  1.28300802
 -0.08189119 -1.16374253 -0.58422294 -0.25214981  0.96683276  0.27334777
 -0.9652054  -0.82590045  1.4628383   0.41140465  0.34517155 -1.33258992
 -0.78809119 -0.55006841]
[0.] z:[0.44173894 0.54409453 0.59595548 0.67407225 0.80910559 0.32698526
 0.47701652 0.42576922 0.44015109 0.38303918 0.49975892 0.58990357
 0.42773503 0.31379729 0.60596718 0.65865113 0.23697671 0.43908497
 0.52111517 0.41154982 0.77829293 0.51579393 0.23735326 0.6672659
 0.4276353  1.07645984 0.45954208 0.49802946 0.80602144 0.39729454
 0.68834698 0.32784255] t:[ 1.4083114  -1.30965753  0.72313533  0.28541424 -1.37045932 -1.26202277
 -0.74998176 -0.9186841  -1.54066443  0.99970694 -0.60880526  1.0505377
  0.03300083  0.28528002 -1.47024171 -0.18102565 -1.19130329  1.28136034
 -0.06972982 -1.17285765 -0.58454099 -0.25469112  0.97429181  0.26340423
 -0.95996725 -0.8264591   1.46147172  0.40509498  0.33992498 -1.33027104
 -0.77900396 -0.5524975 ]
[0.] z:[0.44203404 0.54324096 0.59515616 0.67526641 0.80885996 0.32709366
 0.47540361 0.42537131 0.44017308 0.3823834  0.50031178 0.5880562
 0.42249913 0.31464928 0.60305363 0.6547327  0.23581169 0.43193501
 0.52189567 0.41071227 0.7791176  0.51580515 0.23899172 0.67852679
 0.42867625 1.09067559 0.46104413 0.49665293 0.80886768 0.3962442
 0.68993944 0.32776247] t:[ 1.4000805  -1.31119918  0.72489896  0.28428856 -1.37070774 -1.26302401
 -0.750315   -0.91851703 -1.52676503  1.00215063 -0.60687216  1.0438126
  0.0158803   0.28464436 -1.45625286 -0.18302016 -1.20302716  1.27941474
 -0.05791662 -1.18146057 -0.58444872 -0.25660447  0.9796882   0.25263561
 -0.95301407 -0.82704336  1.46035613  0.39881429  0.33063142 -1.32755136
 -0.76868679 -0.55524893]
[0.] z:[0.4423023  0.54241385 0.59435952 0.67645793 0.80851057 0.32723045
 0.47372518 0.42502807 0.44017968 0.38170342 0.50081557 0.58623008
 0.4173136  0.31561134 0.60003411 0.65104351 0.23461465 0.42477976
 0.52265101 0.40987467 0.78000501 0.51578627 0.24063057 0.69061052
 0.42974942 1.10523394 0.46254716 0.49522042 0.81174766 0.39519321
 0.69164599 0.32764246] t:[ 1.39269857 -1.31260941  0.72571322  0.2836516  -1.36959669 -1.26430048
 -0.75022365 -0.91846097 -1.51379957  1.00421904 -0.60572614  1.03776732
 -0.00370305  0.2841812  -1.43997923 -0.18512771 -1.21490609  1.27793412
 -0.04528885 -1.19157454 -0.58524112 -0.25914592  0.98650597  0.2411057
 -0.94668322 -0.82691171  1.45900966  0.39302269  0.32113433 -1.32489056
 -0.76160732 -0.55807907]
[0.] z:[0.44254804 0.54160216 0.59355978 0.67764676 0.80804476 0.32740547
 0.47199586 0.42471618 0.44016312 0.38099489 0.50129439 0.58442557
 0.41216752 0.31673311 0.59688165 0.64769877 0.2333815  0.41757988
 0.52336639 0.40904281 0.78093936 0.51575296 0.24226679 0.70370983
 0.43089422 1.12023221 0.46405321 0.4936753  0.81471229 0.39410464
 0.6934846  0.32746918] t:[ 1.38441728 -1.31411863  0.72661052  0.2827074  -1.37078792 -1.26519266
 -0.75051492 -0.91847222 -1.50040571  1.00654227 -0.6034416   1.03311977
 -0.02462807  0.28299362 -1.42467934 -0.18753243 -1.22759216  1.27603279
 -0.03349295 -1.20294155 -0.58529987 -0.26101141  0.99202077  0.2282973
 -0.93858987 -0.82732166  1.45778808  0.3880463   0.30905883 -1.32213297
 -0.75522051 -0.56068503]
[0.] z:[0.44277151 0.5408149  0.59275993 0.67883701 0.80747806 0.3276065
 0.4701952  0.42445427 0.44013164 0.38026539 0.50172442 0.58264646
 0.40709708 0.31801316 0.59358881 0.64464117 0.23211433 0.41031115
 0.52404    0.40822115 0.78192485 0.51569073 0.24389942 0.7177022
 0.43208537 1.13563568 0.4655729  0.49203233 0.81774779 0.39300155
 0.6954543  0.32724533] t:[ 1.37661427 -1.31531724  0.72746009  0.28182754 -1.37105349 -1.26601252
 -0.75069467 -0.91855819 -1.48799369  1.00853844 -0.60106423  1.02745446
 -0.05026016  0.28191954 -1.41097813 -0.18924582 -1.23853355  1.27432435
 -0.0207768  -1.21342257 -0.58739956 -0.26328274  0.99918639  0.21753592
 -0.9323813  -0.82756843  1.45704246  0.3836777   0.29337627 -1.31979551
 -0.75149736 -0.56323137]
[0.] z:[0.44297537 0.54004197 0.59197538 0.68000914 0.80682817 0.32782887
 0.46833569 0.42422939 0.4400959  0.37950737 0.50211343 0.58091824
 0.40215235 0.31939179 0.5901804  0.64179554 0.23081536 0.40298127
 0.52468913 0.4074124  0.78295327 0.5156111  0.24553324 0.73242809
 0.43331189 1.15166309 0.4671024  0.49034178 0.82088813 0.39186123
 0.69756532 0.32696885] t:[ 1.36969475 -1.31680968  0.72855174  0.28084166 -1.3721262  -1.26688151
 -0.75058082 -0.91887263 -1.47632351  1.01053808 -0.59928663  1.0218
 -0.07487642  0.2805614  -1.39719933 -0.19233184 -1.25080359  1.27309791
 -0.00861882 -1.22454962 -0.588423   -0.26536605  1.00709618  0.20759908
 -0.92701675 -0.82760764  1.45606948  0.37919817  0.27515923 -1.31727506
 -0.74781982 -0.56488509]
[0.] z:[0.44315591 0.53929885 0.59120973 0.68114041 0.80608925 0.32807894
 0.4664484  0.42403251 0.44004988 0.37873201 0.50248286 0.57920367
 0.3972954  0.32089597 0.58667613 0.63922768 0.22948178 0.39562317
 0.52529199 0.40662173 0.78400426 0.51552841 0.24716074 0.74786483
 0.43459054 1.1686027  0.46862964 0.48855956 0.82408109 0.39071899
 0.69978818 0.32664782] t:[ 1.36355103 -1.31878622  0.7299559   0.27957681 -1.37344194 -1.26772699
 -0.7503203  -0.91905516 -1.46585466  1.01261066 -0.59771968  1.01697682
 -0.09471824  0.27937837 -1.3846578  -0.19450239 -1.26447912  1.27169452
  0.00561221 -1.23575418 -0.58957827 -0.26730107  1.01524015  0.19356016
 -0.92143912 -0.82675096  1.45393291  0.37455912  0.26026893 -1.31473655
 -0.7446793  -0.56745594]
[0.] z:[0.44331812 0.53858039 0.59044211 0.68227779 0.80528133 0.32834879
 0.46449555 0.42389025 0.43998649 0.37793534 0.50283163 0.57750277
 0.39258136 0.32258435 0.58307176 0.63692368 0.22809332 0.3881714
 0.52587652 0.40584415 0.78507959 0.51544554 0.24878208 0.76445246
 0.43593013 1.18654938 0.47015231 0.48668314 0.8273778  0.38954238
 0.70216947 0.32626115] t:[ 1.35694095 -1.3205233   0.73155495  0.2788491  -1.37472822 -1.26891778
 -0.75101371 -0.91931173 -1.45483934  1.01442568 -0.59600074  1.01324071
 -0.11632489  0.27824895 -1.36797716 -0.19666498 -1.28038212  1.27084207
  0.01898352 -1.24552159 -0.59023993 -0.26920396  1.02463457  0.18182889
 -0.91556135 -0.82554215  1.45210883  0.37098263  0.2419707  -1.31263123
 -0.74105474 -0.57026371]
[0.] z:[0.44344946 0.53786954 0.58969545 0.68338332 0.80437356 0.32864521
 0.46243531 0.42376795 0.43992728 0.37711234 0.5030582  0.57589792
 0.38790991 0.32435188 0.57930774 0.63487674 0.2266934  0.38085825
 0.52641534 0.40509802 0.78635274 0.51528755 0.25042817 0.78198546
 0.43724139 1.20334851 0.47174736 0.48480314 0.83081231 0.38832244
 0.7047646  0.32577764] t:[ 1.35103289 -1.32185707  0.73320871  0.27785301 -1.37595621 -1.26994162
 -0.75159167 -0.91950541 -1.44474966  1.01650597 -0.59411596  1.00827431
 -0.13921701  0.27695156 -1.35133643 -0.19869084 -1.29677625  1.26981666
  0.034829   -1.25740615 -0.59113805 -0.27065121  1.03311545  0.16762444
 -0.90915647 -0.82499932  1.45071502  0.36754906  0.2210309  -1.31040296
 -0.73746742 -0.57214542]
[0.] z:[0.44357771 0.53718558 0.58894011 0.68449122 0.80341689 0.32896412
 0.46042081 0.42364219 0.4398494  0.37629313 0.50335117 0.57427783
 0.38336811 0.32630135 0.57550282 0.63317127 0.22524396 0.37354703
 0.5269293  0.40437229 0.7876008  0.51516021 0.25205976 0.80041831
 0.43865906 1.22225908 0.47329812 0.48280287 0.83437437 0.38705664
 0.70751515 0.32523417] t:[ 1.34532454 -1.32351145  0.734526    0.27712066 -1.37772827 -1.27080271
 -0.75216088 -0.91973845 -1.43606852  1.01868683 -0.59126823  1.00458674
 -0.1612488   0.27515858 -1.33518588 -0.20118663 -1.31145092  1.26843988
  0.04887392 -1.26687721 -0.59149328 -0.27163998  1.04136402  0.15614226
 -0.90414978 -0.82419575  1.44884207  0.36434963  0.20438548 -1.30827978
 -0.73518511 -0.57314418]
[0.] z:[0.44368283 0.53652396 0.58820738 0.68556964 0.80238155 0.32930161
 0.45834708 0.42353495 0.43977176 0.37545918 0.50356258 0.57270523
 0.37889911 0.32832623 0.57158798 0.6316122  0.22378029 0.36626076
 0.52739321 0.40369028 0.78893853 0.51498614 0.25370068 0.81968861
 0.44008763 1.2406512  0.47491085 0.48078628 0.83809562 0.38573907
 0.71047934 0.32459587] t:[ 1.33986653 -1.32516318  0.73663788  0.27646443 -1.37874828 -1.27153407
 -0.75217795 -0.91996888 -1.427572    1.02038615 -0.58965356  1.00029817
 -0.1852529   0.2740267  -1.32108836 -0.20343629 -1.32654939  1.2673455
  0.06591936 -1.27686715 -0.59296454 -0.27303587  1.0516675   0.14449082
 -0.89836795 -0.82419883  1.44727511  0.3612657   0.18224789 -1.30624895
 -0.73328871 -0.5752562 ]
[0.] z:[0.44377009 0.53588238 0.58748759 0.68661305 0.80128638 0.32966379
 0.45624603 0.42345015 0.43968918 0.37461626 0.50372969 0.57120268
 0.37450673 0.33046505 0.56760487 0.63031027 0.22227595 0.35899034
 0.52782907 0.40303063 0.79032678 0.51480103 0.25534313 0.83984569
 0.44153749 1.25985184 0.47653595 0.47871189 0.84195366 0.38436754
 0.71360528 0.32388422] t:[ 1.33343811 -1.32621348  0.73837007  0.27590881 -1.38066245 -1.27210968
 -0.75287866 -0.92024469 -1.41893018  1.02245686 -0.58757262  0.99683231
 -0.20421522  0.27291203 -1.30677083 -0.20576359 -1.34200093  1.26628203
  0.08166486 -1.28716922 -0.59336245 -0.27329493  1.06091499  0.13095312
 -0.89391078 -0.82315917  1.44546112  0.35831035  0.16280561 -1.30424609
 -0.7310423  -0.57651376]
[0.] z:[0.4438367  0.53526768 0.58678209 0.6876244  0.800138   0.33004489
 0.45410575 0.42338318 0.43960099 0.37376608 0.5038273  0.56975129
 0.37018498 0.33267437 0.56357041 0.62920758 0.22073227 0.35182865
 0.5282289  0.40239993 0.79178012 0.51459576 0.25699885 0.86087228
 0.4429936  1.279298   0.4781863  0.47661124 0.84593843 0.38296016
 0.71691509 0.32309457] t:[ 1.327352   -1.32831523  0.74043201  0.27528294 -1.38244726 -1.27270528
 -0.75295112 -0.92069423 -1.41074518  1.02486875 -0.58646069  0.99368945
 -0.22476738  0.27159011 -1.29314626 -0.20819856 -1.35641259  1.26517386
  0.09631518 -1.2982802  -0.59399895 -0.2746236   1.07044856  0.1159342
 -0.88849686 -0.82253906  1.44364635  0.35533509  0.14333187 -1.30190163
 -0.72920467 -0.57778505]
[0.] z:[0.44389131 0.53466917 0.58608854 0.68860958 0.79894678 0.33044159
 0.45195054 0.42331404 0.43950732 0.37291867 0.50388393 0.56834904
 0.36594072 0.33499911 0.5594963  0.62835671 0.21914813 0.34474396
 0.52858938 0.401806   0.79331743 0.51437577 0.25864445 0.88281614
 0.44449293 1.29927269 0.47985973 0.47446823 0.85008998 0.3814905
 0.72043507 0.32220892] t:[ 1.3224919  -1.32979004  0.74243166  0.27475099 -1.38321615 -1.27334445
 -0.75356015 -0.92110478 -1.40380426  1.02670182 -0.5849919   0.99037293
 -0.24384144  0.2704225  -1.27914257 -0.2105446  -1.37042448  1.26449928
  0.10988722 -1.3079483  -0.59453693 -0.27484323  1.0783221   0.10233433
 -0.88421631 -0.82202535  1.44231208  0.35297029  0.12262448 -1.29976786
 -0.726107   -0.57888423]
[0.] z:[0.4439393  0.53408857 0.58539488 0.68959227 0.79773364 0.33085304
 0.44980931 0.4232351  0.43940612 0.37208404 0.50392142 0.56699754
 0.36179393 0.33744466 0.55540888 0.62772818 0.21750838 0.33770478
 0.52891896 0.40123994 0.7948562  0.51418258 0.26027705 0.90558782
 0.44604467 1.32058268 0.48152705 0.47225576 0.85437912 0.3799784
 0.72414531 0.32124357] t:[ 1.31740008 -1.33124484  0.74384392  0.27441287 -1.38472793 -1.27397736
 -0.75362631 -0.92152154 -1.39620231  1.02853914 -0.58259577  0.98730552
 -0.25932967  0.26915543 -1.26746754 -0.21278214 -1.38495481  1.26352542
  0.12521817 -1.3182621  -0.59498689 -0.27561221  1.08810749  0.08748748
 -0.88000764 -0.82086149  1.44064759  0.3509645   0.1024003  -1.29779136
 -0.72496914 -0.58026257]
[0.] z:[0.44397289 0.53352668 0.58471658 0.6905499  0.79648491 0.33127909
 0.44764281 0.4231552  0.43930321 0.37125877 0.50388672 0.56571827
 0.35770944 0.33994245 0.55129967 0.62722814 0.21584845 0.33083317
 0.52920388 0.4007126  0.79649242 0.51396221 0.26191981 0.92916271
 0.44759706 1.34172579 0.48323811 0.4700364  0.85883321 0.37841386
 0.72808723 0.32017592] t:[ 1.31227138 -1.3325285   0.7456316   0.27411965 -1.38541774 -1.27433866
 -0.75387419 -0.92161949 -1.38881747  1.03008335 -0.58157801  0.98416777
 -0.28141537  0.26769731 -1.25439047 -0.21492468 -1.40242859  1.26247873
  0.14113368 -1.32903571 -0.59513029 -0.27599074  1.0974252   0.07399665
 -0.87581062 -0.81995894  1.43856664  0.34976136  0.08409483 -1.2959869
 -0.72497953 -0.58169291]
[0.] z:[0.4439901  0.53296969 0.58404283 0.6915191  0.79519693 0.33171985
 0.44541528 0.42307763 0.43920517 0.37043922 0.50373733 0.56452749
 0.35366747 0.34249816 0.54714466 0.62692448 0.21417166 0.32410713
 0.52945343 0.40021321 0.79818626 0.51372115 0.26356952 0.95345149
 0.44913879 1.3626223  0.48498952 0.46782273 0.86347633 0.37678868
 0.73221639 0.31903348] t:[ 1.3074855  -1.33378748  0.7477551   0.27370354 -1.38613199 -1.27480408
 -0.75467542 -0.92169859 -1.38235211  1.03158199 -0.57925356  0.98083355
 -0.30155284  0.26632239 -1.242676   -0.21722662 -1.42110956  1.26132464
  0.15606692 -1.33835904 -0.59523807 -0.27681777  1.10772939  0.06159954
 -0.87227708 -0.81860953  1.43675899  0.34899049  0.06223608 -1.29443546
 -0.72211578 -0.58249146]
[0.] z:[0.44400979 0.53241672 0.58336979 0.69247979 0.79391696 0.33216809
 0.44323029 0.4229742  0.4391016  0.36963281 0.50359645 0.56336613
 0.34972691 0.34512791 0.54302939 0.62671916 0.2124376  0.31740651
 0.52967042 0.39973868 0.79985284 0.51351724 0.26521445 0.97834949
 0.45072675 1.38568973 0.48672672 0.46553805 0.8682405  0.3751243
 0.73650755 0.31782808] t:[ 1.30192094 -1.33498187  0.7493571   0.27318574 -1.38656478 -1.27517458
 -0.75502729 -0.92188401 -1.37624384  1.03362728 -0.57778098  0.97813727
 -0.31936782  0.26453597 -1.22893385 -0.21965242 -1.43763092  1.26055812
  0.16973884 -1.34831691 -0.59578856 -0.27721138  1.11735005  0.04810247
 -0.86822354 -0.8171259   1.4348798   0.34835363  0.04263237 -1.29220457
 -0.72051193 -0.58372793]
[0.] z:[0.44401948 0.53188575 0.58269926 0.69344086 0.79261289 0.33262745
 0.44104571 0.42286306 0.43899174 0.36884938 0.50340779 0.56225989
 0.34585627 0.3478865  0.538905   0.62665018 0.21065734 0.31093874
 0.52984019 0.39930082 0.80155075 0.51332156 0.2668644  1.00420667
 0.45233466 1.40930569 0.48847628 0.46325029 0.87317773 0.37338944
 0.74101155 0.31653916] t:[ 1.29717989 -1.33645051  0.75129436  0.2728082  -1.38710238 -1.27559341
 -0.75567589 -0.92248628 -1.37004346  1.03532008 -0.57663931  0.97428287
 -0.33858757  0.26319412 -1.21651967 -0.22220881 -1.45515772  1.25964929
  0.1831416  -1.35783226 -0.59583387 -0.27776986  1.12639995  0.03416656
 -0.86382395 -0.81495323  1.43370462  0.34802788  0.02153148 -1.29018883
 -0.7197154  -0.58469061]
[0.] z:[0.44401794 0.53136386 0.58203967 0.69440044 0.79129489 0.33309706
 0.43882605 0.4227421  0.43889118 0.36808596 0.50311381 0.5612425
 0.34204916 0.35066995 0.53476414 0.62669069 0.20885748 0.30456509
 0.52996916 0.39889528 0.80330887 0.51311439 0.26850778 1.03033525
 0.45393778 1.43283369 0.49026675 0.46094362 0.87831651 0.37158545
 0.74572279 0.31516208] t:[ 1.29173205e+00 -1.33832604e+00  7.53267819e-01  2.72417111e-01
 -1.38740538e+00 -1.27600796e+00 -7.56663141e-01 -9.22637682e-01
 -1.36452076e+00  1.03694045e+00 -5.75829126e-01  9.70630868e-01
 -3.53095367e-01  2.62145881e-01 -1.20620474e+00 -2.24637931e-01
 -1.47131540e+00  1.25896745e+00  1.99121785e-01 -1.36677969e+00
 -5.96196860e-01 -2.78122223e-01  1.13386622e+00  2.28922822e-02
 -8.60687859e-01 -8.13040965e-01  1.43247225e+00  3.48169971e-01
 -1.27421495e-03 -1.28835057e+00 -7.18303433e-01 -5.86438942e-01]
[0.] z:[0.44400399 0.53087788 0.58139588 0.69533766 0.78996895 0.33357076
 0.43660103 0.42262441 0.43879445 0.3673436  0.5027621  0.56029767
 0.33831361 0.35351301 0.53065836 0.62676883 0.20702047 0.29841601
 0.53006187 0.39852207 0.80511863 0.51288454 0.27016339 1.05669085
 0.45553681 1.45729775 0.49208777 0.45863534 0.88363994 0.36972224
 0.75060188 0.31373152] t:[ 1.28737421 -1.33972286  0.75567324  0.27198769 -1.38789676 -1.27622427
 -0.75777869 -0.92294676 -1.35986645  1.03826988 -0.57345888  0.96790823
 -0.36589118  0.26095563 -1.19733565 -0.22714166 -1.48812938  1.25790382
  0.21334216 -1.37430804 -0.59568212 -0.2786374   1.14094505  0.01024545
 -0.85694748 -0.81226294  1.43043403  0.34833315 -0.02343514 -1.28635892
 -0.71878814 -0.58739089]
[0.] z:[0.44399486 0.53040518 0.58075994 0.6962667  0.78867037 0.33404147
 0.43440621 0.42248088 0.43870093 0.3666358  0.50240215 0.5593856
 0.33469763 0.35638177 0.52663691 0.62682846 0.20511809 0.2923558
 0.5301099  0.39818543 0.80692559 0.51270571 0.27179851 1.08340514
 0.45716422 1.48317164 0.49391647 0.4562892  0.88902579 0.36784892
 0.75559517 0.31226214] t:[ 1.28303287 -1.34116965  0.757678    0.27166752 -1.38797413 -1.27648827
 -0.75872164 -0.92325552 -1.35454997  1.04025971 -0.57343237  0.96458352
 -0.38118531  0.25915603 -1.18932103 -0.22955757 -1.50654897  1.2568823
  0.22728639 -1.38403301 -0.59535541 -0.27904405  1.14728678 -0.00534701
 -0.85371036 -0.81071292  1.42911244  0.34862396 -0.05196386 -1.28421885
 -0.71676365 -0.58780924]
[0.] z:[0.4439746  0.52994809 0.58013641 0.69720096 0.78735802 0.33452065
 0.43218496 0.42234098 0.43861079 0.36594368 0.50197457 0.55854829
 0.33114978 0.35929142 0.5226412  0.62690436 0.20318294 0.28651205
 0.53014682 0.39786551 0.80877648 0.5125171  0.27344039 1.11047429
 0.45876823 1.50906927 0.4957724  0.45397098 0.89461219 0.36591622
 0.76077052 0.31072671] t:[ 1.27816533 -1.34265302  0.75980414  0.27135974 -1.3879205  -1.27671879
 -0.76019066 -0.9233208  -1.34934999  1.04184406 -0.57187816  0.96188549
 -0.39754792  0.25749335 -1.1806647  -0.23160621 -1.52178483  1.25616647
  0.24210227 -1.39276092 -0.59585135 -0.27934932  1.15295593 -0.01744623
 -0.85096146 -0.80960845  1.42754412  0.34932014 -0.07722556 -1.28246699
 -0.71705759 -0.58992544]
[0.] z:[0.44395133 0.52950301 0.57952134 0.69813454 0.78605892 0.33500124
 0.42997239 0.42217775 0.43852843 0.36527578 0.5015084  0.55775157
 0.32768943 0.36219681 0.51871737 0.62694221 0.20120969 0.28075774
 0.53014107 0.39757625 0.81063774 0.51234745 0.27506724 1.13761448
 0.46037055 1.5355659  0.49764581 0.45164861 0.90032093 0.36395235
 0.76608514 0.30915205] t:[ 1.27305207 -1.34442746  0.76162354  0.27090632 -1.38793231 -1.27685878
 -0.76101417 -0.92340617 -1.34392237  1.04311204 -0.56947904  0.95852433
 -0.41115849  0.25647182 -1.17344228 -0.2337442  -1.53881855  1.25554267
  0.25571264 -1.40163131 -0.59552255 -0.27997098  1.15795113 -0.03131376
 -0.84864505 -0.8079906   1.4247966   0.35024986 -0.10391385 -1.28065306
 -0.71848605 -0.59126537]
[0.] z:[0.44391995 0.52907996 0.57891318 0.69906658 0.78474645 0.3354938
 0.42777158 0.42201792 0.43844286 0.36461729 0.50102704 0.55700301
 0.32429683 0.36517364 0.51483258 0.62699808 0.19919018 0.27516679
 0.53010348 0.39730934 0.812487   0.51219815 0.27668642 1.16511753
 0.4619677  1.56319232 0.49950767 0.4493617  0.9061913  0.36193711
 0.77154704 0.30753024] t:[ 1.26819943 -1.34578926  0.76382988  0.27043042 -1.38750211 -1.27689583
 -0.76248744 -0.923272   -1.33924323  1.04423609 -0.56844593  0.95580456
 -0.42780362  0.25483939 -1.16871715 -0.23569482 -1.55338846  1.25428398
  0.26938785 -1.4096827  -0.59511089 -0.28046594  1.16353167 -0.04506615
 -0.8456912  -0.80691138  1.42339964  0.35122369 -0.13402925 -1.2789907
 -0.71746864 -0.59232997]
[0.] z:[0.44388682 0.52866573 0.57832681 0.69997806 0.78345871 0.33598055
 0.42556999 0.42184001 0.43837572 0.36399024 0.50048274 0.55631538
 0.32098386 0.36810427 0.51102102 0.62701269 0.1971526  0.26982497
 0.53002137 0.3970736  0.81439087 0.51204292 0.27830408 1.19234443
 0.46354649 1.590889   0.50140578 0.44706725 0.91221823 0.35988062
 0.77712851 0.3058778 ] t:[ 1.26473187 -1.34712879  0.76552419  0.27009829 -1.38661499 -1.27689522
 -0.76377177 -0.92298321 -1.3349324   1.04560154 -0.56640957  0.95345652
 -0.44337676  0.25358358 -1.16265539 -0.23853192 -1.56898631  1.25350497
  0.28444376 -1.41901826 -0.59496729 -0.28080137  1.1689394  -0.05864103
 -0.84235277 -0.80543082  1.42193871  0.3524595  -0.16257658 -1.27718168
 -0.72026724 -0.59351639]
[0.] z:[0.44384622 0.52827195 0.57775456 0.70089501 0.78217199 0.33647167
 0.42336979 0.4216546  0.43831326 0.36339192 0.499895   0.5556797
 0.3177482  0.37103822 0.50725974 0.62692856 0.19506332 0.26462803
 0.52992421 0.3968551  0.81629096 0.51190267 0.27990517 1.21949676
 0.46510766 1.6192917  0.50331166 0.44480662 0.91837184 0.35779932
 0.78279337 0.30421562] t:[ 1.26069377 -1.34839167  0.76806138  0.26955141 -1.3853678  -1.2770105
 -0.76563909 -0.92262566 -1.33050227  1.0469526  -0.56487887  0.95085974
 -0.4569513   0.25250444 -1.157377   -0.24114712  1.55708103  1.25240021
  0.29679803 -1.4282625  -0.59526334 -0.28142708  1.17308376 -0.07496808
 -0.83887244 -0.80472108  1.4195531   0.35354497 -0.19022918 -1.27524071
 -0.7205144  -0.59561987]
[0.] z:[0.44379335 0.52790905 0.57719855 0.70181871 0.78088438 0.33696761
 0.42113894 0.42147886 0.43826726 0.36281422 0.49924543 0.55510193
 0.31457765 0.37392794 0.50354046 0.62677834 0.19295118 0.25959078
 0.5297972  0.39665799 0.81824754 0.51173953 0.28149447 1.24606986
 0.46663014 1.64729297 0.5052612  0.4425662  0.92468954 0.35567548
 0.78856129 0.30253384] t:[ 1.25651079 -1.34992066  0.76980227  0.2689046  -1.38438708 -1.27709016
 -0.76723815 -0.92257053 -1.32534882  1.04846375 -0.56370989  0.9489218
 -0.46943197  0.25076181 -1.15353818 -0.24385479  1.54243192  1.25095802
  0.30999995 -1.43723435 -0.59524048 -0.28155917  1.17801585 -0.09157233
 -0.83695588 -0.80201946  1.41606727  0.35482565 -0.21776353 -1.27373367
 -0.72317008 -0.59702498]
[0.] z:[0.44374284 0.52756367 0.57664837 0.70274369 0.77962297 0.33746041
 0.41894093 0.42127331 0.43822876 0.36227605 0.49858805 0.55452563
 0.31150955 0.37682636 0.49991753 0.6265479  0.19076418 0.25476586
 0.52962878 0.39649418 0.82018933 0.5116115  0.28305979 1.27208113
 0.46815618 1.67650538 0.50722531 0.44030796 0.93105526 0.35354601
 0.79440693 0.3008474 ] t:[ 1.252369   -1.35120518  0.77132264  0.26862938 -1.38396971 -1.27716467
 -0.7692117  -0.92246909 -1.32136465  1.0495934  -0.56357737  0.94653364
 -0.48085014  0.24969212 -1.15008865 -0.24597997  1.52804615  1.24955502
  0.32274729 -1.44614918 -0.59530318 -0.2816458   1.18213661 -0.10740178
 -0.83548877 -0.80106071  1.41309443  0.35637723 -0.24556267 -1.27195633
 -0.72648198 -0.59848546]
[0.] z:[0.44368712 0.52723298 0.57612614 0.70365527 0.77837414 0.33795006
 0.41673085 0.42106754 0.43821309 0.36175488 0.49787394 0.55403066
 0.30851378 0.37963308 0.49633896 0.62619187 0.18857457 0.25003219
 0.52943165 0.39634393 0.82212927 0.51148433 0.28459829 1.29735374
 0.46964126 1.70551769 0.50921789 0.43808545 0.93751933 0.35141845
 0.80026237 0.29917992] t:[ 1.24775775 -1.35243108  0.77321603  0.26841805 -1.38297265 -1.27722975
 -0.77083765 -0.92226001 -1.31736623  1.05058671 -0.5615874   0.94457298
 -0.49284205  0.24827099 -1.14393054 -0.24828612  1.51227593  1.2482358
  0.33504876 -1.45410323 -0.59459107 -0.28208982  1.18566607 -0.12410602
 -0.83306748 -0.79991265  1.410068    0.35848452 -0.27387653 -1.27010092
 -0.7267382  -0.59954037]
[0.] z:[0.44362119 0.52692974 0.57562027 0.70456855 0.77712781 0.33844338
 0.41449931 0.42087116 0.43820997 0.36125732 0.49711031 0.55360083
 0.30558191 0.38240791 0.49281753 0.62574765 0.18638899 0.24539775
 0.52921301 0.39620597 0.82414221 0.51132957 0.28611842 1.32170535
 0.47109654 1.73413094 0.51126729 0.43586729 0.94417563 0.34924117
 0.80622333 0.29750206] t:[ 1.24378732 -1.35383637  0.77516112  0.26813257 -1.3823166  -1.2773742
 -0.77293045 -0.92180748 -1.31359873  1.05177207 -0.56015787  0.94274602
 -0.5057132   0.24685568 -1.13978566 -0.25048701  1.49888326  1.24707199
  0.3494059  -1.46142549 -0.59416452 -0.2826539   1.18914654 -0.14107508
 -0.83129483 -0.79909612  1.40767655  0.35998263 -0.30212544 -1.26867248
 -0.73026726 -0.60229831]
[0.] z:[0.44355206 0.52665821 0.57512582 0.70547751 0.77589234 0.33893482
 0.41228663 0.42066995 0.43821013 0.3607852  0.49634846 0.55319789
 0.30271859 0.38517437 0.48936883 0.62522415 0.18413762 0.24090147
 0.52895155 0.39609792 0.82608738 0.51121355 0.28759807 1.34534178
 0.47253465 1.76401052 0.51330688 0.4336715  0.95087398 0.34707042
 0.8122128  0.29583301] t:[ 1.23962998 -1.35576983  0.77679882  0.26781069 -1.38173534 -1.27752823
 -0.77392905 -0.92148581 -1.31042568  1.05344197 -0.55859912  0.94102065
 -0.51726357  0.2448883  -1.13668683 -0.25329886  1.48447297  1.24591886
  0.36016024 -1.46941006 -0.59385355 -0.28370618  1.19250676 -0.15936586
 -0.82980628 -0.79812837  1.40523883  0.36221041 -0.33106466 -1.26699095
 -0.73058343 -0.60471559]
[0.] z:[0.4434809  0.52640367 0.57463566 0.70637115 0.7746789  0.33942839
 0.41008956 0.42046365 0.43821049 0.36031778 0.4956021  0.55280211
 0.2999257  0.38793915 0.48599769 0.62460594 0.18184846 0.23632608
 0.52865326 0.39600687 0.82799799 0.51112788 0.28905457 1.36766948
 0.47395345 1.79527598 0.51535729 0.43147719 0.95763766 0.34489179
 0.81829184 0.29415485] t:[ 1.23542541 -1.35699364  0.77971156  0.26778954 -1.38063018 -1.27768949
 -0.77608857 -0.92090992 -1.30687159  1.05462721 -0.55726565  0.93872413
 -0.52843217  0.2432975  -1.13333023 -0.2557786   1.4690974   1.24488538
  0.37405128 -1.47574091 -0.59352726 -0.28421674  1.19599243 -0.18017469
 -0.82808026 -0.79706046  1.40106448  0.36441411 -0.35438409 -1.26540881
 -0.73186183 -0.60789333]
[0.] z:[0.4434024  0.52618768 0.5741771  0.70721934 0.77347836 0.33991539
 0.40787296 0.42026919 0.4382313  0.35987335 0.49481353 0.55244927
 0.29720353 0.3906095  0.48269524 0.62386839 0.17957261 0.23188602
 0.52834664 0.39592086 0.82996785 0.51100878 0.29047997 1.38832353
 0.47534362 1.82610817 0.51746805 0.4292867  0.96453981 0.34269445
 0.82439771 0.29249939] t:[ 1.23167941 -1.35813336  0.78182167  0.26765427 -1.37961124 -1.27785147
 -0.77892558 -0.92075102 -1.30391235  1.055677   -0.55588906  0.93653443
 -0.54183303  0.24183707 -1.13098613 -0.25791544  1.4537629   1.24371974
  0.38743968 -1.48210933 -0.59318995 -0.2846786   1.19957928 -0.19611481
 -0.82756394 -0.79675428  1.39825566  0.3665732  -0.37692265 -1.26358396
 -0.73571468 -0.61131587]
[0.] z:[0.44331946 0.52599598 0.57373958 0.70804109 0.77228862 0.34040071
 0.40565176 0.42007122 0.43825893 0.35945517 0.49401388 0.55213416
 0.29455065 0.39322795 0.47946828 0.62303021 0.17728004 0.2275215
 0.52800495 0.39585443 0.83192146 0.51089176 0.2918774  1.40809349
 0.47669919 1.8572689  0.51958946 0.42711442 0.97152879 0.34049675
 0.83054198 0.29085393] t:[ 1.22765461 -1.35936279  0.78356977  0.26754339 -1.37896058 -1.27800094
 -0.78049192 -0.92042113 -1.30082524  1.05672179 -0.55446176  0.93411014
 -0.55429996  0.24068052 -1.12847887 -0.26026245  1.43897606  1.24215665
  0.40018454 -1.48846135 -0.59321995 -0.28588945  1.20269395 -0.21228457
 -0.8259699  -0.79555076  1.39464839  0.36912192 -0.40071262 -1.26185784
 -0.73847818 -0.61467316]
[0.] z:[0.4432351  0.52582734 0.57331027 0.70885446 0.77111433 0.34088336
 0.40345006 0.41988055 0.43829322 0.35904749 0.49323016 0.55182562
 0.29195238 0.39581873 0.47630864 0.6220851  0.17494142 0.22321013
 0.52762794 0.39580603 0.83384464 0.51079466 0.29323775 1.42657812
 0.47803554 1.88950613 0.52171481 0.42496525 0.97856256 0.33830591
 0.83669938 0.2892308 ] t:[ 1.22381934 -1.36057099  0.78574646  0.26738756 -1.37804544 -1.27820518
 -0.7817539  -0.91984036 -1.29761024  1.05752863 -0.55255755  0.93191724
 -0.56554716  0.23928816 -1.12716603 -0.26266367  1.42429371  1.24086529
  0.41400521 -1.49404738 -0.59346334 -0.28684203  1.20623707 -0.22884451
 -0.82482915 -0.79562171  1.39124863  0.37100591 -0.42553145 -1.25982383
 -0.74065205 -0.61799594]
[0.] z:[0.44315038 0.52568206 0.57289646 0.70963759 0.76995795 0.34136024
 0.40125497 0.41970224 0.43833624 0.35865778 0.49245944 0.55150503
 0.28941522 0.39837736 0.4732237  0.62103232 0.17255929 0.21901552
 0.52720904 0.39578109 0.83573666 0.51071494 0.29457262 1.44342182
 0.47934477 1.92266772 0.52386683 0.42281517 0.98562572 0.33612695
 0.8428426  0.28764356] t:[ 1.21977535 -1.36169862  0.7875585   0.2672226  -1.37744387 -1.27833073
 -0.78337124 -0.9190019  -1.29538666  1.05857185 -0.55052831  0.92925781
 -0.57484964  0.23730889 -1.12825881 -0.26486378  1.41029673  1.2391091
  0.42690248 -1.50176065 -0.59256519 -0.28779853  1.20890581 -0.24661524
 -0.82415649 -0.79502821  1.38721299  0.37319302 -0.44764961 -1.25750297
 -0.7471366  -0.62132098]
[0.] z:[0.44305771 0.52557388 0.57250262 0.71041273 0.76880811 0.34183206
 0.39902018 0.4195227  0.4383969  0.35829668 0.49165072 0.55122232
 0.28693496 0.40083122 0.47017811 0.61988885 0.17019733 0.21494528
 0.52677332 0.39575663 0.83768955 0.51059096 0.29587849 1.45927202
 0.48061354 1.95475025 0.52606585 0.4206809  0.99278767 0.33395138
 0.84893986 0.28609455] t:[ 1.21559213 -1.36303061  0.78892646  0.2672226  -1.37677096 -1.27850359
 -0.78463589 -0.9181262  -1.29312038  1.05983361 -0.54805449  0.92651122
 -0.5853328   0.23511783 -1.1258939  -0.26748797  1.39491814  1.23733745
  0.4403949  -1.50831355 -0.59393002 -0.28917425  1.21192028 -0.26277779
 -0.8234915  -0.79526262  1.3835071   0.37527684 -0.46688391 -1.25550797
 -0.75069131 -0.62565713]
[0.] z:[0.44295114 0.52550871 0.57212655 0.71116201 0.76763713 0.34231727
 0.39675687 0.41936899 0.43846031 0.35794478 0.49081955 0.55099408
 0.28450209 0.403274   0.46717692 0.61868391 0.16784772 0.21085793
 0.52630824 0.39572435 0.83968364 0.51041568 0.29714784 1.47371541
 0.48185462 1.98558172 0.52830094 0.41857031 1.00024394 0.3316955
 0.85515958 0.28452328] t:[ 1.21156842 -1.36417777  0.79084057  0.267154   -1.37623032 -1.27871637
 -0.78643677 -0.91767544 -1.29091781  1.06120019 -0.54600652  0.92369245
 -0.59505465  0.23294963 -1.12428843 -0.27008457  1.38341299  1.23584727
  0.45213082 -1.51445388 -0.59258811 -0.29042893  1.21513666 -0.27802779
 -0.82328879 -0.79484622  1.37931951  0.37809593 -0.48451483 -1.25348357
 -0.75126828 -0.6284525 ]
[0.] z:[0.4428332  0.52546866 0.57176617 0.71190167 0.76646196 0.34280942
 0.39445686 0.41920293 0.43853239 0.35760182 0.48994772 0.55080676
 0.28212912 0.40556887 0.46420896 0.61742835 0.16553194 0.20678685
 0.52583671 0.39567032 0.84171113 0.51020145 0.29839309 1.48817286
 0.48304593 2.01461736 0.53055765 0.41648579 1.00794221 0.32939473
 0.86150475 0.28292495] t:[ 1.20748495 -1.36548444  0.79272249  0.26725882 -1.37551396 -1.27888542
 -0.78862971 -0.91705451 -1.28883324  1.06225691 -0.54418637  0.92093465
 -0.60452706  0.23132661 -1.12309031 -0.27269532  1.37262457  1.23372218
  0.46560244 -1.52082667 -0.59173741 -0.29173856  1.21855207 -0.292158
 -0.82329483 -0.79442185  1.37497388  0.38058929 -0.50114373 -1.25102458
 -0.75369438 -0.63068446]
[0.] z:[0.44271875 0.52544189 0.57141499 0.7126268  0.76531178 0.3432913
 0.39216899 0.41905217 0.4386083  0.35727514 0.48912153 0.55058769
 0.27980448 0.40779254 0.46131038 0.61603229 0.16316152 0.20286372
 0.52531145 0.39564193 0.84368349 0.51001019 0.29960038 1.50072807
 0.48421597 2.0444489  0.53284931 0.41440209 1.01558645 0.32714355
 0.86776197 0.2813871 ] t:[ 1.20423957 -1.36635672  0.79534939  0.26741412 -1.37503942 -1.2792256
 -0.7901974  -0.91639043 -1.28654197  1.0633178  -0.54239951  0.91859275
 -0.61309994  0.22942207 -1.12255977 -0.27505921  1.3612484   1.23145068
  0.47766543 -1.52735637 -0.59121486 -0.29323027  1.22155906 -0.30534854
 -0.82370893 -0.7936941   1.37060391  0.38330261 -0.51814758 -1.24894084
 -0.75584905 -0.63370549]
[0.] z:[0.44260142 0.52542825 0.57107462 0.7133418  0.76416822 0.34377603
 0.38988318 0.41888113 0.43868566 0.35695916 0.48830038 0.55037812
 0.27753583 0.40994677 0.45846775 0.61452008 0.16078286 0.19895265
 0.52475117 0.39560716 0.84562297 0.50981654 0.30076748 1.51193282
 0.48536815 2.07399278 0.53514596 0.41234157 1.02337994 0.3248753
 0.87410561 0.27983778] t:[ 1.20112254 -1.36730985  0.79733475  0.26743108 -1.37428492 -1.27958891
 -0.79239312 -0.91566722 -1.28490326  1.06440903 -0.54063331  0.91577563
 -0.62203391  0.22714539 -1.12289185 -0.27767983  1.35139452  1.22955879
  0.48812974 -1.53368717 -0.59090067 -0.29498463  1.22454475 -0.32086728
 -0.82369403 -0.79332654  1.36654222  0.38561217 -0.53323164 -1.2467854
 -0.75688054 -0.63768633]
[0.] z:[0.44248049 0.52543756 0.5707435  0.71404361 0.76304045 0.344255
 0.38758846 0.41872747 0.43876511 0.35665083 0.48750179 0.55016844
 0.27531546 0.41200997 0.45567255 0.61291995 0.15839378 0.19502353
 0.52415791 0.39557692 0.84754053 0.5096151  0.30189466 1.52179246
 0.48647951 2.10376302 0.53746059 0.41029925 1.03125827 0.32261007
 0.88043532 0.27831875] t:[ 1.19774289 -1.36807715  0.79978758  0.26758773 -1.37440316 -1.27997721
 -0.7937908  -0.91509806 -1.28287694  1.06543955 -0.53797743  0.91290793
 -0.62976994  0.22470795 -1.12405543 -0.28005399  1.34245003  1.22746391
  0.50129428 -1.53992728 -0.59057537 -0.2965881   1.2273444  -0.33350665
 -0.82276362 -0.79312678  1.3613893   0.38778691 -0.54705786 -1.24463889
 -0.7578092  -0.6399347 ]
[0.] z:[0.44235852 0.52546018 0.57042125 0.71474136 0.7619282  0.34473025
 0.38528711 0.41858101 0.43884908 0.35635353 0.48672379 0.54996117
 0.2731308  0.4140189  0.45292868 0.61120919 0.15597875 0.19115995
 0.52353778 0.39555277 0.84944061 0.50941923 0.30299086 1.53051094
 0.48756248 2.13320978 0.53982022 0.40825226 1.03917984 0.32037031
 0.88671403 0.2768408 ] t:[ 1.19449971 -1.36873042  0.80152344  0.26783688 -1.37367608 -1.28047908
 -0.79479802 -0.91418292 -1.28108638  1.06640153 -0.53608796  0.91009757
 -0.63848077  0.22310661 -1.12408511 -0.2827073   1.33264997  1.22572128
  0.51348586 -1.54624252 -0.58949131 -0.29826227  1.23058787 -0.34683048
 -0.8230438  -0.79389885  1.35614269  0.39049877 -0.56021228 -1.24198395
 -0.75912943 -0.64281628]
[0.] z:[0.44223673 0.52549823 0.57010331 0.71539937 0.7608301  0.34520544
 0.38302292 0.41842604 0.43892598 0.35606169 0.48599708 0.54970311
 0.27098991 0.41600523 0.45024356 0.6094281  0.15352313 0.18730172
 0.52285674 0.39554635 0.8512898  0.50924541 0.30405436 1.53744623
 0.48862595 2.1636683  0.54219238 0.40621164 1.04719913 0.31812109
 0.89308053 0.27535812] t:[ 1.1908804  -1.36956189  0.80429844  0.26793102 -1.37416591 -1.28091595
 -0.79649133 -0.91312219 -1.27937165  1.06747895 -0.53398845  0.90823794
 -0.64656146  0.22138853 -1.12483015 -0.28494356  1.32238717  1.22391445
  0.52683998 -1.55184559 -0.58914117 -0.30001178  1.23442242 -0.35780824
 -0.82334113 -0.79520493  1.35059815  0.39323701 -0.57628328 -1.23964257
 -0.76371913 -0.64570353]
[0.] z:[0.44211203 0.52555058 0.56980293 0.7160481  0.759744   0.34567693
 0.38074133 0.41827062 0.43901852 0.35578334 0.48524958 0.54948925
 0.26888883 0.41784471 0.44760909 0.6075732  0.15109576 0.18349908
 0.52216627 0.39552447 0.8531599  0.50903363 0.30508867 1.54420547
 0.48964728 2.19301519 0.54458559 0.40419402 1.0552874  0.31589618
 0.89941815 0.2739034 ] t:[ 1.18822356 -1.36998003  0.80625178  0.26847277 -1.37439107 -1.28151336
 -0.79744828 -0.91204408 -1.27796703  1.06821946 -0.53216556  0.90550824
 -0.65452413  0.22033385 -1.12632802 -0.28713308  1.31392148  1.22230029
  0.5386542  -1.55757252 -0.58829069 -0.30203586  1.23754526 -0.36992018
 -0.82370329 -0.79639896  1.3443428   0.39574949 -0.58966232 -1.23698316
 -0.76657286 -0.65073365]
[0.] z:[0.44197815 0.52562562 0.56951645 0.71667586 0.75864391 0.34616034
 0.37845015 0.41811204 0.43910984 0.35550832 0.48449764 0.54929011
 0.26682376 0.41958902 0.44500961 0.60568449 0.14866429 0.1796776
 0.52145441 0.39548482 0.85502516 0.50880436 0.3060916  1.55056414
 0.49064199 2.22145434 0.54697707 0.40220946 1.06356121 0.31364846
 0.90580601 0.27245049] t:[ 1.18604142 -1.37035962  0.80851622  0.26867682 -1.37530909 -1.28202423
 -0.79898649 -0.91090516 -1.27693207  1.06916579 -0.53033759  0.90281468
 -0.66129664  0.21864348 -1.12882609 -0.28953882  1.30688966  1.21984343
  0.54758316 -1.56468717 -0.58731131 -0.3039813   1.23950609 -0.38126904
 -0.82274493 -0.79760358  1.33842386  0.39808688 -0.5991968  -1.23436229
 -0.76735127 -0.65483173]
[0.] z:[0.44184781 0.52572041 0.56924158 0.71725247 0.75756984 0.34663304
 0.37618359 0.41794244 0.4392031  0.35524167 0.48378735 0.54905732
 0.26480357 0.42125881 0.44247389 0.60370036 0.14619827 0.17592335
 0.52069619 0.39545918 0.85683868 0.50858698 0.30705884 1.5555058
 0.4916008  2.24996781 0.54939494 0.40022998 1.07186954 0.31142366
 0.91221707 0.27100837] t:[ 1.18392168 -1.37089992  0.81079703  0.26925628 -1.37616231 -1.28276988
 -0.80089639 -0.90929801 -1.27613453  1.06997581 -0.52839771  0.90031098
 -0.66801738  0.21732376 -1.13100322 -0.29149145  1.29958538  1.21787285
  0.55944516 -1.57055708 -0.58668    -0.30609174  1.24223332 -0.39006878
 -0.8235328  -0.79894008  1.33171518  0.40050225 -0.60979687 -1.23180813
 -0.77035113 -0.65882752]
[0.] z:[0.44171819 0.52582783 0.56898066 0.71778673 0.75650191 0.34710412
 0.37392461 0.4177658  0.43929642 0.35497937 0.48309681 0.54881343
 0.262825   0.42286247 0.43998879 0.60164649 0.14371786 0.17225613
 0.51989648 0.39543058 0.85861515 0.50837461 0.30800193 1.55970848
 0.49252768 2.27807546 0.55182539 0.3982645  1.08028126 0.30920169
 0.91867717 0.26956654] t:[ 1.181699   -1.37136837  0.81275945  0.26980777 -1.37715246 -1.28343198
 -0.80217815 -0.90796995 -1.27547577  1.07077955 -0.52610151  0.89815078
 -0.67359457  0.2157251  -1.13158884 -0.29385794  1.29074121  1.21597828
  0.57074592  1.56464911 -0.58658271 -0.30836116  1.24478633 -0.40202457
 -0.82421097 -0.80026858  1.32488025  0.40283828 -0.61904313 -1.22886208
 -0.77349413 -0.6636089 ]
[0.] z:[0.44158589 0.52595333 0.56873035 0.71827979 0.75543854 0.34757552
 0.37168148 0.41758291 0.43938492 0.35472039 0.48242765 0.54855627
 0.26088142 0.42441805 0.43755046 0.59954586 0.14121635 0.16856993
 0.51905266 0.39539822 0.86032896 0.50817601 0.30891092 1.56261213
 0.49342932 2.30623531 0.55426428 0.39631378 1.08881587 0.30697749
 0.92519787 0.26812182] t:[ 1.17940783 -1.37175426  0.81475977  0.27028386 -1.37853172 -1.2840624
 -0.80288404 -0.90640695 -1.27475296  1.07198815 -0.52311801  0.89563495
 -0.67928012  0.21352672 -1.13374785 -0.29578234  1.28264565  1.21379917
  0.58409966  1.55784908 -0.58624229 -0.31065866  1.24835888 -0.41258466
 -0.82528356 -0.80151494  1.31772011  0.40501729 -0.62824902 -1.22584932
 -0.77665774 -0.66783836]
[0.] z:[0.44145219 0.52609577 0.56849238 0.71872994 0.75438226 0.34804952
 0.36944459 0.4173792  0.43947188 0.3544691  0.48175841 0.54831802
 0.25898226 0.42591914 0.43516256 0.59744213 0.13869199 0.16501725
 0.51816595 0.39536312 0.86201585 0.50796939 0.30978776 1.56475369
 0.49429332 2.33369635 0.55669847 0.39438878 1.09752115 0.304737
 0.93181045 0.26665907] t:[ 1.17666349 -1.37256207  0.8165395   0.27113276 -1.37983905 -1.28484717
 -0.80410323 -0.90477123 -1.27406062  1.07293826 -0.52052967  0.89310651
 -0.68531165  0.21177154 -1.13542528 -0.29819538  1.27545906  1.2121637
  0.59505804  1.55194932 -0.5853914  -0.31297669  1.25009951 -0.42056965
 -0.82622205 -0.80212826  1.30919578  0.40742278 -0.63725901 -1.22281142
 -0.77815482 -0.67120757]
[0.] z:[0.44131657 0.52624857 0.56826249 0.71913894 0.75332705 0.3485273
 0.36722578 0.41717811 0.43955358 0.35421315 0.48111908 0.54805665
 0.25711579 0.4274043  0.43282259 0.59526895 0.13615147 0.16136274
 0.51723356 0.395326   0.86365208 0.5077719  0.31064026 1.56598271
 0.49512902 2.36093487 0.55915072 0.39247302 1.10641311 0.30247198
 0.93855258 0.26517668] t:[ 1.17404876 -1.37294708  0.81914822  0.27183142 -1.38121944 -1.28579267
 -0.80543573 -0.90291657 -1.27360478  1.07341341 -0.5188348   0.89102882
 -0.68991878  0.21002128 -1.13642262 -0.30110814  1.27000439  1.21004262
  0.60433228  1.54624581 -0.58522681 -0.31561648  1.25342174 -0.42924278
 -0.8279112  -0.80286018  1.30216714  0.41007769 -0.6474035  -1.21925789
 -0.77933264 -0.67455699]
[0.] z:[0.44117806 0.52640539 0.56804875 0.71956512 0.75227988 0.34900431
 0.36494542 0.41699006 0.43965269 0.35395754 0.48046046 0.54787054
 0.25528582 0.42876202 0.43051754 0.59304839 0.13366261 0.15772207
 0.51630142 0.3952426  0.86532558 0.5075265  0.31147086 1.56765993
 0.49592286 2.38604908 0.56163423 0.39056997 1.11545119 0.30021563
 0.94529857 0.26371156] t:[ 1.17202832 -1.37327658  0.8213361   0.27262705 -1.38250904 -1.28663669
 -0.80729266 -0.90151355 -1.2729273   1.07422717 -0.51712356  0.88827069
 -0.69561104  0.20813267 -1.13794658 -0.30339758  1.26389348  1.20808222
  0.61402215  1.53987338 -0.58480846 -0.31815885  1.25513867 -0.43761349
 -0.82933015 -0.80234408  1.29364071  0.4124309  -0.65412823 -1.21639734
 -0.78091209 -0.67895371]
[0.] z:[0.4410359  0.52657672 0.56783953 0.71996539 0.75123108 0.34948617
 0.36268361 0.41676621 0.43974243 0.35371627 0.47982181 0.54764566
 0.25348682 0.43008182 0.42824567 0.59081307 0.13111404 0.15423681
 0.51531577 0.39516999 0.86695575 0.50729078 0.31227865 1.56911566
 0.49668141 2.4102051  0.56412615 0.38868575 1.12462118 0.29795351
 0.9521047  0.26224036] t:[ 1.16984124 -1.37346973  0.82313226  0.2734346  -1.38406618 -1.28768286
 -0.80864527 -0.89968201 -1.27238201  1.07504655 -0.51451895  0.88517509
 -0.70079095  0.20681177 -1.13805318 -0.30564408  1.25915112  1.20595566
  0.62188416  1.53481927 -0.58406098 -0.32040132  1.25701202 -0.44489448
 -0.83013774 -0.8033844   1.28497954  0.41510284 -0.66159857 -1.21342176
 -0.78314702 -0.68218963]
[0.] z:[0.44089492 0.52676336 0.56764506 0.72031806 0.75018468 0.34996789
 0.36043837 0.41653315 0.43983288 0.35348052 0.47919712 0.54740348
 0.25172298 0.43132688 0.42601732 0.58854344 0.12855128 0.15082214
 0.51429999 0.39508967 0.86857308 0.50704407 0.31306435 1.57034465
 0.49740723 2.43327266 0.56662605 0.3868221  1.13395139 0.29568489
 0.95897399 0.26076727] t:[ 1.16725755 -1.37359052  0.82472784  0.2741659  -1.38577889 -1.28861956
 -0.80901377 -0.89772164 -1.27152584  1.07572403 -0.51314574  0.88255262
 -0.70603027  0.20508553 -1.14112203 -0.30788414  1.25301267  1.20373631
  0.6318875   1.52934443 -0.5837588  -0.3229501   1.2592989  -0.45301508
 -0.83116991 -0.80372595  1.27562124  0.41719953 -0.66977857 -1.21104287
 -0.78488943 -0.68462103]
[0.] z:[0.44075561 0.52695467 0.5674625  0.72064225 0.74915011 0.35044693
 0.35820646 0.4162752  0.43992467 0.35324657 0.47858681 0.54716622
 0.2499997  0.4324829  0.42383679 0.58622358 0.1259984  0.14739597
 0.51325612 0.39498928 0.87015185 0.50679338 0.31382475 1.57123612
 0.49810356 2.45511963 0.56914309 0.38497214 1.14342052 0.29341679
 0.96591819 0.25928767] t:[ 1.16495255 -1.3736444   0.82595139  0.27508593 -1.38755381 -1.28957058
 -0.80983833 -0.89556058 -1.27099396  1.07631421 -0.51149764  0.87952552
 -0.70968716  0.20356021 -1.14485132 -0.31000206  1.24863441  1.20214715
  0.6401611   1.52329434 -0.58330079 -0.32568266  1.26124516 -0.46122004
 -0.83132317 -0.80543497  1.26571728  0.41914162 -0.67555892 -1.20746613
 -0.78625446 -0.68751093]
[0.] z:[0.44061699 0.5271496  0.56729191 0.72094106 0.74811434 0.35093
 0.35598863 0.41598357 0.44001682 0.35301266 0.4779755  0.54693458
 0.24831966 0.43355598 0.42170174 0.58388728 0.12344644 0.1439591
 0.51219    0.39487291 0.87172006 0.50652848 0.31456966 1.57232299
 0.49877484 2.47579337 0.57164637 0.3831494  1.1530741  0.291139
 0.97294165 0.25780018] t:[ 1.16302628 -1.37383508  0.82754854  0.27584914 -1.3891283  -1.29055028
 -0.81068926 -0.89334261 -1.27074914  1.07687113 -0.51006769  0.87674526
 -0.71404568  0.20150233 -1.14783852 -0.3119124   1.24397608  1.20040231
  0.64726255  1.51720009 -0.58320447 -0.32790309  1.26359288 -0.46920771
 -0.83264291 -0.80527801  1.25721716  0.42163565 -0.68167272 -1.20471092
 -0.78800132 -0.69041033]
[0.] z:[0.44048594 0.52735501 0.56713028 0.72119237 0.74710756 0.35140152
 0.35377251 0.41566642 0.44011248 0.35277878 0.4773715  0.54670231
 0.24668013 0.43453267 0.41961385 0.58154438 0.12091178 0.14057956
 0.51110865 0.39473912 0.87329235 0.50624177 0.31529478 1.57311855
 0.49940766 2.4953691  0.5741888  0.38131698 1.1628914  0.28886409
 0.98002664 0.25630423] t:[ 1.1611724  -1.37397783  0.82850509  0.27678715 -1.39058901 -1.29156236
 -0.81102695 -0.89154816 -1.27063553  1.07726964 -0.50898182  0.8733842
 -0.71771448  0.20003086 -1.15153778 -0.31371202  1.24068543  1.1989087
  0.65458249  1.5115981  -0.58285637 -0.33061073  1.26525148 -0.47595993
 -0.83357162 -0.80592447  1.24757975  0.42404347 -0.68855465 -1.20150568
 -0.78939961 -0.69321341]
[0.] z:[0.440357   0.52756476 0.56697932 0.72141503 0.74610564 0.35187409
 0.35158289 0.41531144 0.44020635 0.35254523 0.47677922 0.54646271
 0.24507802 0.43543151 0.41757311 0.57917034 0.1183654  0.13725596
 0.50999996 0.39460346 0.87483183 0.50595633 0.31599944 1.57358333
 0.50001454 2.51446591 0.57672135 0.37950467 1.17283281 0.28659624
 0.98718113 0.25480305] t:[ 1.15886288 -1.37379962  0.82990938  0.27788415 -1.39233291 -1.29281288
 -0.81079705 -0.88963719 -1.2704193   1.07763412 -0.50771949  0.87082321
 -0.72114749  0.19845    -1.15426223 -0.3160716   1.23715934  1.1971387
  0.66347307  1.50591689 -0.58220424 -0.33344833  1.26768313 -0.48280098
 -0.83357033 -0.80675634  1.2366942   0.42621226 -0.69376032 -1.19807808
 -0.79108736 -0.6970844 ]
[0.] z:[0.440231   0.52778166 0.56683527 0.72160613 0.74511457 0.35234263
 0.34943511 0.41494644 0.44029679 0.35231453 0.47621872 0.54619623
 0.24351114 0.43631909 0.41558154 0.57675456 0.11579799 0.13395408
 0.50885027 0.39447242 0.87631331 0.50568487 0.31668161 1.5732265
 0.50059562 2.53332755 0.57926128 0.37770634 1.1828749  0.28434091
 0.99439448 0.25330157] t:[ 1.15679682 -1.37416634  0.83121672  0.27922017 -1.39434117 -1.29382459
 -0.81121476 -0.88728053 -1.27027095  1.07803903 -0.50590305  0.86786902
 -0.72413586  0.19740364 -1.15728883 -0.31823896  1.23454894  1.1947909
  0.67075224  1.50043408 -0.58137377 -0.33656693  1.26968881 -0.48975128
 -0.83396319 -0.80695731  1.22661528  0.42821038 -0.69989621 -1.19411059
 -0.79204768 -0.69937301]
[0.] z:[0.44011302 0.52800182 0.56669731 0.72175866 0.74414728 0.3528009
 0.34730981 0.41456441 0.44038814 0.35208495 0.47568648 0.54590554
 0.24197316 0.43712629 0.41363703 0.57431218 0.11321799 0.1306943
 0.50766927 0.39433768 0.87775004 0.50541777 0.3173334  1.57236227
 0.50113619 2.55156812 0.58181104 0.37591841 1.19301992 0.28209329
 1.00166197 0.25179982] t:[ 1.15522375 -1.37405123  0.83240759  0.28008086 -1.3963258  -1.29495589
 -0.811591   -0.88499178 -1.27036023  1.07870811 -0.50471441  0.8652
 -0.72851365  0.19601547 -1.16047846 -0.32014311  1.23085121  1.19320712
  0.6779041   1.49450704 -0.58066427 -0.33882492  1.27114095 -0.49593146
 -0.83452976 -0.80844555  1.21487013  0.43067196 -0.7059519  -1.19041027
 -0.79278393 -0.70332782]
[0.] z:[0.4400008  0.52822497 0.56656521 0.72188096 0.74320221 0.35325014
 0.34518891 0.41417656 0.44048022 0.3518598  0.47517855 0.54559247
 0.2404594  0.43790544 0.41173008 0.57186574 0.11063194 0.12748274
 0.50646219 0.39419702 0.87915761 0.50515045 0.31795943 1.57108181
 0.50163907 2.56928212 0.58439244 0.37413216 1.20327524 0.27985439
 1.00894004 0.25031176] t:[ 1.15357559 -1.37394257  0.83355651  0.28125683 -1.39884442 -1.29619238
 -0.81116098 -0.88286706 -1.27044054  1.07921826 -0.50336906  0.86283738
 -0.7311331   0.19483816 -1.16284806 -0.32198302  1.22749682  1.19192199
  0.68471132  1.48941517 -0.58001902 -0.34158031  1.27324247 -0.50261094
 -0.83484837 -0.80954561  1.2036324   0.43271913 -0.71261706 -1.18624108
 -0.79351624 -0.7069378 ]
[0.] z:[0.4398884  0.52844907 0.56644319 0.72198625 0.74225543 0.35370256
 0.34307396 0.41375144 0.44057331 0.35163305 0.47467557 0.54527871
 0.23897033 0.43863851 0.40985665 0.56938736 0.10802955 0.12429101
 0.50522316 0.39405195 0.88053297 0.50488665 0.31857476 1.56969315
 0.50211434 2.58605504 0.58696156 0.3723698  1.21372717 0.27760801
 1.01633584 0.24880634] t:[ 1.15172911 -1.37368154  0.83420903  0.28251935 -1.40096213 -1.29754449
 -0.81141353 -0.88082772 -1.27048629  1.0795858  -0.50203004  0.86010112
 -0.73379257  0.1936988  -1.16634178 -0.32374817  1.22446933  1.19073929
  0.69263898  1.48383435 -0.57951303 -0.34446507  1.27494199 -0.50843037
 -0.83577624 -0.81062068  1.19330102  0.43549499 -0.71894764 -1.18255474
 -0.79376458 -0.71050182]
[0.] z:[0.4397767  0.52867122 0.56632774 0.72208611 0.74131914 0.35415244
 0.34096962 0.41330577 0.44066877 0.3514081  0.47417549 0.54496537
 0.23751298 0.43925035 0.40802161 0.56691918 0.10543768 0.12114466
 0.50396729 0.39389779 0.88188916 0.50461083 0.3191725  1.56856199
 0.50255426 2.60184706 0.58951978 0.37063411 1.22424353 0.27538851
 1.02373588 0.24731585] t:[ 1.15011273 -1.37332046  0.83474323  0.28390418 -1.40327721 -1.29883578
 -0.81167263 -0.87841196 -1.27072297  1.07997605 -0.5000338   0.85746323
 -0.73594978  0.19249729 -1.17081551 -0.3258274   1.22170146  1.1887213
  0.69850306  1.47791337 -0.57893572 -0.34734361  1.27665497 -0.51585075
 -0.8363773  -0.81167963  1.18186916  0.43732093 -0.72472864 -1.17874282
 -0.79501283 -0.71447899]
[0.] z:[0.43967286 0.52888344 0.56622083 0.7221716  0.74039111 0.3546027
 0.33890655 0.41278521 0.44077095 0.35117905 0.47366313 0.54466391
 0.23610636 0.43969414 0.40624238 0.56442092 0.10287406 0.1179618
 0.50269944 0.39372351 0.88325366 0.50431927 0.3197636  1.5680697
 0.5029758  2.61619224 0.59205974 0.36891896 1.23491395 0.27317662
 1.03122484 0.2458162 ] t:[ 1.14842623 -1.37291175  0.83555954  0.28552205 -1.40529474 -1.30012308
 -0.81105945 -0.87546328 -1.27118257  1.08034023 -0.49818688  0.85473304
 -0.73865687  0.19127913 -1.17464617 -0.32753705  1.22004123  1.1877287
  0.70494028  1.47308946 -0.57840056 -0.34999776  1.27843761 -0.52058174
 -0.83704152 -0.81245428  1.17268995  0.43957381 -0.73042612 -1.17515097
 -0.79594805 -0.71660665]
[0.] z:[0.43957402 0.52909751 0.56611998 0.72222892 0.73948643 0.35504133
 0.33686888 0.41225335 0.44087648 0.3509526  0.47318338 0.54433092
 0.23472033 0.44006285 0.40450823 0.5619034  0.10031075 0.1148397
 0.50141435 0.39355496 0.88458051 0.5040316  0.32032756 1.56706702
 0.50335386 2.63032538 0.59461801 0.36721453 1.24563361 0.27098753
 1.03871309 0.24433002] t:[ 1.14680876 -1.37271787  0.83573001  0.28721277 -1.40766099 -1.30132232
 -0.8104229  -0.87285183 -1.27136803  1.08076578 -0.496479    0.85226183
 -0.74134052  0.18950136 -1.17704999 -0.32952373  1.21784015  1.18600153
  0.71056853  1.46775571 -0.57766489 -0.35262288  1.28055175 -0.52489223
 -0.83725305 -0.81324033  1.16331051  0.44195554 -0.73829482 -1.17191796
 -0.79711204 -0.71884489]
[0.] z:[0.43947854 0.52931067 0.56602596 0.72226785 0.73859022 0.35547848
 0.33485335 0.41168704 0.44098253 0.35072613 0.47271079 0.54398618
 0.23336056 0.44039384 0.40281438 0.55938386 0.09773337 0.11177112
 0.50010355 0.39338343 0.88588276 0.50374338 0.32087961 1.56611675
 0.50370416 2.6437474  0.59716574 0.36552623 1.2565046  0.26880496
 1.04627392 0.24284418] t:[ 1.14532716 -1.37222315  0.83608321  0.28881985 -1.41007493 -1.30258783
 -0.80978715 -0.87046315 -1.27166859  1.08103777 -0.49499525  0.85000127
 -0.7435748   0.18848528 -1.18061593 -0.33131579  1.21702434  1.184845
  0.7166344   1.46199934 -0.57682094 -0.3561453   1.28259018 -0.52953499
 -0.83725288 -0.81338965  1.15308387  0.44362794 -0.74263604 -1.16914188
 -0.79833979 -0.72092712]
[0.] z:[0.43938478 0.52952334 0.5659376  0.72230904 0.73770994 0.3559083
 0.33285051 0.41111806 0.44109457 0.35050619 0.47225108 0.54362338
 0.23201945 0.44057948 0.40115371 0.55685502 0.09516171 0.10879897
 0.4987887  0.39320704 0.88716243 0.5034513  0.32140354 1.56537198
 0.50401739 2.65631043 0.59971892 0.36385978 1.26738367 0.26665462
 1.05376878 0.24138597] t:[ 1.14407094 -1.37158713  0.83617422  0.29047839 -1.41216636 -1.30395941
 -0.80948363 -0.86709817 -1.27199298  1.08140921 -0.49414471  0.8470903
 -0.74577607  0.18738856 -1.18332915 -0.33284701  1.2146462   1.18353292
  0.72385767  1.45758167 -0.57581797 -0.35854787  1.28444698 -0.53371398
 -0.83813743 -0.81408612  1.14130332  0.44587197 -0.74925343 -1.16607453
 -0.7993951  -0.72354283]
[0.] z:[0.4392975  0.52972707 0.5658543  0.72234537 0.73684769 0.35633224
 0.33084771 0.41049106 0.44121131 0.35028353 0.47178821 0.54328468
 0.23070383 0.44069964 0.3995291  0.55431999 0.09261807 0.10577785
 0.49746212 0.39301927 0.88845623 0.50314074 0.3219284  1.56535192
 0.50430039 2.66725308 0.60228643 0.36219805 1.27836217 0.26452174
 1.06132641 0.23992726] t:[ 1.14287252 -1.37086916  0.83690837  0.2924957  -1.4142839  -1.30537371
 -0.8092147  -0.86460152 -1.27240155  1.08177561 -0.49252117  0.84452062
 -0.748046    0.18626804 -1.1864332  -0.33473804  1.2129233   1.18253394
  0.7287188   1.45242689 -0.57570204 -0.36115561  1.28646942 -0.53790759
 -0.83843604 -0.81464162  1.13030805  0.44837487 -0.75518679 -1.1625212
 -0.79886324 -0.72768991]
[0.] z:[0.4392138  0.5299268  0.56577437 0.72237082 0.73599993 0.35675139
 0.32887656 0.40983266 0.44132775 0.35005901 0.4713453  0.542922
 0.22941022 0.44072548 0.39794267 0.55178264 0.09006542 0.10277817
 0.49611064 0.3928386  0.88971329 0.50284019 0.32243275 1.56533777
 0.504553   2.67775235 0.60484955 0.3605509  1.28941596 0.26240837
 1.06891085 0.2384767 ] t:[ 1.14188646 -1.3700555   0.83722843  0.29469057 -1.41605618 -1.306924
 -0.80892987 -0.86157254 -1.27291554  1.0821677  -0.49107688  0.84196578
 -0.74839103  0.1851563  -1.1899735  -0.33673224  1.21253975  1.18193786
  0.73432567  1.44757094 -0.57545556 -0.36396072  1.28806346 -0.54240815
 -0.83971357 -0.81550867  1.1200551   0.45037399 -0.76161732 -1.15863008
 -0.80076319 -0.73127441]
[0.] z:[0.43914055 0.53012188 0.56570706 0.72236611 0.7351783  0.35715649
 0.32690967 0.40913547 0.44144955 0.34984213 0.47091196 0.54254893
 0.22814031 0.4406398  0.39639672 0.549258   0.08752422 0.09990137
 0.49476151 0.39265582 0.89098816 0.50251823 0.32291945 1.56595894
 0.50476733 2.68660374 0.6074381  0.35890742 1.30043136 0.2603356
 1.07640707 0.23705777] t:[ 1.14051224 -1.36938944  0.83751095  0.29659572 -1.41794267 -1.30841642
 -0.80762147 -0.85874222 -1.27338508  1.08240782 -0.49011503  0.83921217
 -0.74966912  0.18433545 -1.19275764 -0.33839436  1.21111149  1.18093271
  0.73903853  1.44192656 -0.57515153 -0.3668167   1.28990941 -0.54684534
 -0.84006912 -0.81551697  1.10842345  0.45303119 -0.76721308 -1.15474342
 -0.80177574 -0.73332587]
[0.] z:[0.43906707 0.53031294 0.5656409  0.72236615 0.73436403 0.35756037
 0.32497124 0.40839585 0.4415712  0.34962043 0.470488   0.54216829
 0.22689428 0.44046399 0.39489113 0.54671954 0.0849822  0.09704295
 0.49339453 0.39246415 0.89222407 0.5022013  0.32339775 1.56630371
 0.50495179 2.69530427 0.61001039 0.35727842 1.31146782 0.25829633
 1.08390687 0.2356556 ] t:[ 1.13930044 -1.36890943  0.83750144  0.29855991 -1.42026244 -1.30982675
 -0.80724515 -0.85485377 -1.27379711  1.08257334 -0.4883969   0.8370252
 -0.75132695  0.18348256 -1.19658168 -0.34033291  1.21156705  1.18032082
  0.74469963  1.4367908  -0.57472239 -0.36939305  1.29158906 -0.55053328
 -0.84094848 -0.8154916   1.0966276   0.45496568 -0.77346549 -1.1509214
 -0.80149757 -0.7359304 ]
[0.] z:[0.43899568 0.53050371 0.56557702 0.72235716 0.73355843 0.35796243
 0.32306935 0.40762508 0.4416933  0.34939499 0.47007905 0.54177174
 0.22566798 0.440229   0.39341878 0.54418914 0.08244359 0.09415917
 0.49200997 0.39227023 0.89343952 0.50188836 0.32386746 1.56688704
 0.50511456 2.70354704 0.61257997 0.35566632 1.32262786 0.25626604
 1.09148229 0.23424992] t:[ 1.1378682  -1.36796674  0.8376068   0.30095096 -1.42274898 -1.31151312
 -0.80654773 -0.85185463 -1.27429868  1.08278794 -0.48707245  0.8341858
 -0.75243739  0.182798   -1.19995087 -0.34180218  1.21041581  1.17891887
  0.74959748  1.4313392  -0.57440139 -0.37262151  1.29325116 -0.55518294
 -0.84065779 -0.81634858  1.08714161  0.457074   -0.77931297 -1.14646652
 -0.80109967 -0.73704323]
[0.] z:[0.43892733 0.53068568 0.56551637 0.72234423 0.73276546 0.35835819
 0.32119549 0.40682383 0.44181398 0.34916856 0.46968329 0.54136334
 0.22445791 0.43994979 0.39197848 0.54165204 0.0799107  0.09124331
 0.49061253 0.39206713 0.8946192  0.50157963 0.3243301  1.56740484
 0.5052515  2.71118814 0.61513573 0.3540725  1.33379172 0.25426806
 1.09901951 0.2328687 ] t:[ 1.13681815 -1.36716686  0.83763288  0.30325112 -1.42497946 -1.31290785
 -0.80423564 -0.84830592 -1.27500672  1.08292812 -0.48559552  0.83212879
 -0.75446105  0.18229035 -1.2028029  -0.34342287  1.20999121  1.17822713
  0.753371    1.42605231 -0.57382356 -0.37508753  1.29526988 -0.55850182
 -0.84025407 -0.81634698  1.07784051  0.45899297 -0.78384525 -1.14303043
 -0.80003398 -0.73899359]
[0.] z:[0.43886168 0.5308615  0.56546413 0.72231805 0.73196801 0.35875806
 0.31935312 0.40593423 0.44193509 0.3489378  0.46928026 0.54094861
 0.22326946 0.43959246 0.39056883 0.53911022 0.07737921 0.08832815
 0.48919631 0.39184975 0.89581296 0.5012563  0.32480163 1.56846151
 0.50537782 2.71780205 0.61766423 0.35248946 1.3450667  0.2522837
 1.10668079 0.23147426] t:[ 1.1357015  -1.3665364   0.83774805  0.30585001 -1.42659573 -1.31442474
 -0.80307277 -0.84506756 -1.27580402  1.08308688 -0.48439376  0.82997721
 -0.75568796  0.18174864 -1.20568464 -0.34480246  1.20922464  1.17712432
  0.75737644  1.42100641 -0.57353634 -0.37776636  1.29744565 -0.56258457
 -0.84039915 -0.81646548  1.06715426  0.46102822 -0.78748366 -1.13968697
 -0.79780055 -0.73989279]
[0.] z:[0.43880319 0.53103176 0.56541461 0.72228649 0.73119984 0.35914413
 0.31753654 0.40504641 0.44206072 0.34871061 0.46890107 0.5405235
 0.22210033 0.43915214 0.38919982 0.53659663 0.07485517 0.08554119
 0.48777755 0.39164184 0.89698353 0.50093444 0.32524942 1.56943849
 0.50546571 2.72408671 0.62019335 0.35092714 1.35623314 0.25034932
 1.11418602 0.23012691] t:[ 1.13475282 -1.36565096  0.8377512   0.30839913 -1.42834847 -1.31593651
 -0.8017329  -0.84127496 -1.27642082  1.08326329 -0.48345766  0.8271051
 -0.7570392   0.18110548 -1.20965799 -0.34592154  1.20966076  1.1759885
  0.76207146  1.41604726 -0.57275631 -0.38061725  1.2997987  -0.56677516
 -0.84076683 -0.81699403  1.05796     0.4631194  -0.79147695 -1.13652718
 -0.79856821 -0.74186805]
[0.] z:[0.43875102 0.53118821 0.56536988 0.72226515 0.73043953 0.35953098
 0.31575624 0.40407012 0.44219312 0.34848045 0.46850577 0.54011225
 0.2209745  0.43851544 0.38787909 0.53412898 0.07235753 0.08273654
 0.48634887 0.3914126  0.89815657 0.50060558 0.32569692 1.57132859
 0.50552796 2.72896462 0.6226622  0.34940697 1.36743996 0.24844003
 1.12173105 0.22878435] t:[ 1.13371521 -1.36474738  0.83772737  0.3110788  -1.42989969 -1.31773334
 -0.80010392 -0.8380914  -1.27731788  1.08340075 -0.48250134  0.82467059
 -0.7574442   0.18082451 -1.21422639 -0.34717979  1.21014137  1.17522619
  0.76555021  1.41036612 -0.57172685 -0.38329761  1.300634   -0.57055722
 -0.84113305 -0.81775287  1.04823416  0.46511939 -0.7943725  -1.13302456
 -0.79660235 -0.74358521]
[0.] z:[0.43869663 0.53133949 0.56533007 0.72224017 0.72968597 0.35991683
 0.31401137 0.40304885 0.44232855 0.34824606 0.46812069 0.53968443
 0.21985887 0.43775104 0.38658452 0.53163154 0.06988143 0.07983964
 0.48491186 0.39118534 0.89931508 0.50027331 0.32612629 1.5732591
 0.50557176 2.73359324 0.62511005 0.34790123 1.3785775  0.24657568
 1.12921116 0.22747215] t:[ 1.13236707 -1.36381923  0.83735649  0.31387913 -1.43159193 -1.31941399
 -0.79880287 -0.83455335 -1.27796453  1.08334411 -0.48105757  0.82238013
 -0.7568663   0.180053   -1.21814205 -0.34880216  1.21143794  1.17486543
  0.77010665  1.40589431 -0.57097422 -0.38592296  1.30286441 -0.57380315
 -0.8416625  -0.8181427   1.03783497  0.46693535 -0.79749238 -1.12857139
 -0.79617057 -0.744846  ]
[0.] z:[0.43865352 0.53147513 0.5652957  0.72222652 0.72895816 0.36029137
 0.31228165 0.40197021 0.44247485 0.34801726 0.46773355 0.53927673
 0.21877138 0.43684072 0.38533652 0.52916271 0.06743215 0.07701762
 0.48348312 0.39095408 0.90051496 0.49991747 0.32654944 1.57639106
 0.50558709 2.73670599 0.62752186 0.34642178 1.38956233 0.24476714
 1.13658336 0.22619538] t:[ 1.13120892 -1.36255648  0.83731672  0.31698723 -1.43313562 -1.32102719
 -0.79655301 -0.83114277 -1.27884768  1.08334846 -0.48015714  0.82004269
 -0.75770852  0.17935565 -1.22257322 -0.35019627  1.21235685  1.17386892
  0.77501189  1.40031406 -0.57050198 -0.38835378  1.30598715 -0.57750316
 -0.8404417  -0.8187256   1.02889287  0.46904307 -0.79907966 -1.12502714
 -0.79494261 -0.74572971]
