[0.13201225] z:[0.13201225] t:[-0.44481331 -1.43795847 -1.03612547  0.27451927  0.24108272  1.01342002
 -1.30575119  1.1859936   1.30527369 -0.94368202  1.57115814  0.21264987
 -0.61478786 -0.78835821 -0.93219798  0.51434579  1.18539033 -1.38106691
 -1.0568811   1.42343959  1.481642   -1.19188092 -1.2552632   0.8085243
 -0.60910088 -0.35302123  0.38134835  0.4936509   0.02805524  0.76967072
 -0.41251982 -0.021192  ]
[0.11836703] z:[0.11836703] t:[-0.47010715 -1.40073012 -1.0418965   0.32830063  0.24296378  1.00056527
 -1.30190832  1.15345804  1.32002723 -0.96403558  1.59381383  0.24500871
 -0.61833924 -0.72339348 -1.00262691  0.49019859  1.17517672 -1.37568688
 -1.06221011  1.43445331  1.49121191 -1.19864963 -1.29699078  0.84972422
 -0.66447495 -0.3722985   0.44250275  0.53635435 -0.02821972  0.74638133
 -0.49105092  0.05490359]
[0.10900581] z:[0.10900581] t:[-0.49068679 -1.37108082 -1.03078313  0.41137028  0.26149634  0.98207299
 -1.30225873  1.11830848  1.33724574 -0.98878265  1.61532137  0.30935517
 -0.63258869 -0.6735268  -1.03643265  0.50730816  1.19210377 -1.36042323
 -1.07311915  1.43461035  1.49615591 -1.1761716  -1.33477361  0.89464537
 -0.7235424  -0.40122392  0.49839733  0.57542613 -0.00380776  0.73561519
 -0.54155224  0.10259096]
[0.10690534] z:[0.10690534] t:[-0.51481735 -1.35108018 -0.98648751  0.50701456  0.31476731  0.93636518
 -1.32758705  1.07341629  1.36056823 -1.01803887  1.63211131  0.39634828
 -0.67283073 -0.67864445 -1.05305029  0.50339161  1.23915918 -1.33098613
 -1.07081126  1.42132283  1.47089526 -1.13832717 -1.36944146  0.94032398
 -0.73990683 -0.47982999  0.52580715  0.58722271 -0.00250423  0.7537779
 -0.57753374  0.14552711]
[0.1094941] z:[0.1094941] t:[-0.48857036 -1.33585613 -0.94525127  0.56575366  0.41258434  0.88379554
 -1.36584386  1.05060423  1.41192042 -1.03788036  1.6572775   0.45969526
 -0.69371888 -0.69211704 -1.05741239  0.51024889  1.32346978 -1.24911031
 -1.0552518   1.37142535  1.40737695 -1.06538654 -1.37010677  0.98639147
 -0.67523084 -0.49705766  0.53701159  0.57285932 -0.03455505  0.79017881
 -0.61168605  0.19445963]
[0.1101063] z:[0.1101063] t:[-0.45619704 -1.35744517 -0.90332271  0.60456197  0.50698912  0.86121111
 -1.38617234  1.04290627  1.48658611 -1.04023923  1.67787454  0.50065811
 -0.73360425 -0.72436081 -1.05335441  0.51919047  1.39731776 -1.18199107
 -1.02616822  1.31280198  1.33868184 -0.98878627 -1.3383254   1.00334308
 -0.57328239 -0.46803043  0.52150867  0.53655044 -0.12155669  0.83041003
 -0.66590335  0.26779365]
[0.10720233] z:[0.10720233] t:[-0.41086632 -1.40223315 -0.85867904  0.63674828  0.59941567  0.89044702
 -1.38909267  1.03253338  1.54600631 -1.03637962  1.65778571  0.52511069
 -0.80462063 -0.787363   -1.04644371  0.53289718  1.45733195 -1.15512563
 -0.96567178  1.23667276  1.25939884 -0.938037   -1.32051435  0.98782359
 -0.48739605 -0.42540121  0.51134664  0.51903423 -0.22474269  0.90633055
 -0.75972146  0.33958611]
[0.1046902] z:[0.1046902] t:[-0.41150288 -1.42166573 -0.8965192   0.63238338  0.67977668  0.90784144
 -1.42182598  1.0207067   1.56783435 -1.02508414  1.58042218  0.52610912
 -0.86395981 -0.8476665  -1.07530566  0.50586725  1.49889016 -1.15852199
 -0.86045908  1.16129306  1.25419944 -0.95113897 -1.29250496  0.9846731
 -0.41455066 -0.36017459  0.57391526  0.58104088 -0.29424513  0.99672642
 -0.85321078  0.37081988]
[0.1032926] z:[0.1032926] t:[-0.43709165 -1.39879908 -0.98397668  0.58103901  0.73866519  0.90870438
 -1.46457757  1.02804207  1.55141759 -1.00898063  1.4918716   0.49772344
 -0.91991756 -0.90790631 -1.10700352  0.47944525  1.47893192 -1.14555722
 -0.7680904   1.15538736  1.32164284 -1.02339288 -1.23772595  0.98018968
 -0.35029763 -0.31572213  0.65141781  0.65887691 -0.31105672  1.07284081
 -0.93485249  0.37508662]
[0.10237651] z:[0.10237651] t:[-0.44539773 -1.38073943 -0.97416514  0.59359879  0.78141279  0.91734213
 -1.51080805  1.04001697  1.53887709 -0.99858402  1.43045787  0.46335746
 -0.96578522 -0.9613472  -1.12192331  0.47144839  1.40190581 -1.14027727
 -0.7035532   1.2088167   1.3630185  -1.07580656 -1.19710755  0.99125414
 -0.30142173 -0.28174219  0.72730553  0.73600987 -0.26396598  1.15287758
 -1.0126864   0.35639119]
[0.101313] z:[0.101313] t:[-0.40753185 -1.35974892 -0.96106047  0.60863834  0.82004586  0.92966674
 -1.50911558  1.03414289  1.54651694 -0.98720472  1.39488449  0.440387
 -0.97981484 -0.98048843 -1.11814803  0.48006803  1.34076442 -1.13258783
 -0.6788347   1.28007611  1.36409764 -1.10442208 -1.17986523  1.01555891
 -0.27002742 -0.2623188   0.79817451  0.80601104 -0.23616869  1.22373589
 -1.07973127  0.33862366]
[0.09911497] z:[0.09911497] t:[-0.3806931  -1.33334717 -0.95236185  0.61684006  0.8618111   0.94635035
 -1.47244838  1.04021048  1.5781408  -0.99530373  1.37963215  0.43459886
 -0.9828718  -0.98324192 -1.07632172  0.51617283  1.34138552 -1.10656739
 -0.68321771  1.27419912  1.34987028 -1.12240711 -1.17965844  1.01884686
 -0.26202106 -0.24929717  0.84646594  0.8515639  -0.21513174  1.26490361
 -1.13013064  0.32849333]
[0.09695513] z:[0.09695513] t:[-0.3498696  -1.32168652 -0.95993162  0.62091907  0.91077861  0.9601055
 -1.40811715  1.03843809  1.6520833  -1.01669692  1.40037861  0.44032112
 -0.98298808 -0.98360656 -1.0502428   0.5398777   1.36240654 -1.12472605
 -0.6470637   1.18927767  1.34516878 -1.15896158 -1.19941657  0.97676867
 -0.26794315 -0.25603965  0.86461905  0.86747975 -0.20573235  1.27203651
 -1.16397186  0.30922153]
[0.09629445] z:[0.09629445] t:[-0.348324   -1.30998929 -0.94781357  0.61457122  0.93888182  0.95325853
 -1.39352799  1.02108208  1.73869553 -1.05119574  1.42386389  0.43126668
 -0.97719122 -0.97688155 -1.01410469  0.55957601  1.3881656  -1.15949628
 -0.60642311  1.14417924  1.31937009 -1.17176531 -1.2291009   0.95753418
 -0.29099872 -0.28846902  0.84947595  0.85247563 -0.23084412  1.25232659
 -1.18548069  0.31080102]
[0.09759387] z:[0.09759387] t:[-0.35007226 -1.31518744 -0.95084738  0.62437822  0.93769583  0.95320314
 -1.39538903  1.02619778  1.83196857 -1.052781    1.44426966  0.3913585
 -0.97168724 -0.97170162 -1.01680015  0.56116429  1.44184882 -1.18945167
 -0.54617812  1.13912492  1.31486794 -1.14495809 -1.22628532  0.9677577
 -0.33771772 -0.33340274  0.79460428  0.79936735 -0.27643624  1.19024024
 -1.20672503  0.30088991]
[0.09996306] z:[0.09996306] t:[-0.35399846 -1.27456623 -0.95499117  0.60045269  0.92200766  0.93296331
 -1.40372197  1.02940067  1.92630757 -1.02339274  1.45264619  0.34194898
 -0.98400135 -0.98397667 -1.01203331  0.55015561  1.50652814 -1.20365776
 -0.46728488  1.14965109  1.28560228 -1.08051603 -1.24319354  1.01791968
 -0.38356332 -0.3809681   0.69876522  0.70204222 -0.33874931  1.14405396
 -1.2500269   0.28687672]
[0.10519856] z:[0.10519856] t:[-0.33698678 -1.2361479  -0.97521785  0.59136091  0.88827177  0.91051512
 -1.40628935  1.02690666  2.00350406 -0.99460132  1.37736919  0.26714957
 -1.01814095 -1.01809657 -1.04266183  0.50464086  1.60249388 -1.27177513
 -0.35013371  1.19573719  1.30532668 -1.00996367 -1.26052064  1.10921424
 -0.35328154 -0.34990139  0.645877    0.64547195 -0.35279037  1.14715312
 -1.3113298   0.26570833]
[0.10575467] z:[0.10575467] t:[-0.333526   -1.20934675 -0.97042946  0.58802647  0.88825734  0.92665272
 -1.40106027  1.03059129  2.06164485 -0.90843998  1.27091903  0.26957986
 -0.96141973 -0.96140721 -1.12974074  0.3911633   1.71082097 -1.28367654
 -0.23170446  1.27825981  1.33239254 -0.95481157 -1.18649984  1.17385232
 -0.32330534 -0.32161388  0.64009055  0.63527738 -0.35166098  1.17184482
 -1.32150884  0.27650803]
[0.10362596] z:[0.10362596] t:[-0.34138006 -1.21604892 -0.9809821   0.58780681  0.8962505   0.93506165
 -1.39195873  1.02597791  2.12929194 -0.789559    1.26300958  0.31614973
 -0.94346528 -0.94352087 -1.23408982  0.26874544  1.79215025 -1.27948031
 -0.11824745  1.36661168  1.3566912  -0.94682178 -1.1289877   1.24060023
 -0.31407045 -0.31016073  0.65246423  0.6469602  -0.34710987  1.17099741
 -1.3248721   0.27130876]
[0.10235905] z:[0.10235905] t:[-0.35955204 -1.23701304 -0.9929959   0.57811421  0.87295457  0.92146282
 -1.38192614  1.02945912  2.22522022 -0.6958265   1.31579101  0.34671913
 -0.9417198  -0.94177655 -1.33032848  0.15455671  1.84398144 -1.28569042
 -0.02734131  1.45718827  1.34689439 -0.95798344 -1.11321378  1.32541758
 -0.31606267 -0.31000347  0.68888167  0.68577535 -0.32028761  1.16670128
 -1.32008015  0.25620356]
[0.10141483] z:[0.10141483] t:[-0.33790802 -1.23242665 -0.97070227  0.59599274  0.82342351  0.88295779
 -1.41389996  0.99449455  2.33224607 -0.64636193  1.31137628  0.32417768
 -0.92296881 -0.92303672 -1.42658511  0.04875367  1.87540502 -1.26017394
  0.02484728  1.53803139  1.35689715 -0.95217381 -1.09616008  1.37139051
 -0.31042616 -0.30675494  0.71702363  0.7178276  -0.32570486  1.1789364
 -1.31140044  0.26091513]
[0.10062931] z:[0.10062931] t:[-0.33890918 -1.23928147 -0.97558274  0.59238236  0.71455069  0.768148
 -1.53432421  0.88000662  2.41552559 -0.6406512   1.30848294  0.32053888
 -0.91856716 -0.91863838 -1.52982704 -0.03266781  1.88459514 -1.25885978
  0.05343915  1.61358877  1.36159662 -0.93357507 -1.09107372  1.40032056
 -0.31655142 -0.31240079  0.72835098  0.73342323 -0.3134691   1.1772593
 -1.29910966  0.26341963]
[0.10035234] z:[0.10035234] t:[-0.33112721 -1.2227312  -0.98051117  0.59113171  0.65466372  0.68110875
 -1.60256275  0.75647218  2.47037516 -0.6354601   1.3092841   0.31788456
 -0.93038131 -0.93043534 -1.61573505 -0.09305495  1.88983851 -1.25441825
  0.0761896   1.68653973  1.36071309 -0.94021061 -1.08984949  1.41485693
 -0.30574802 -0.30388592  0.73564846  0.7425093  -0.31269295  1.17077039
 -1.31249558  0.25209574]
[0.09982714] z:[0.09982714] t:[-0.33702233 -1.21811353 -0.98613525  0.59457495  0.63405738  0.64013617
 -1.63946334  0.65783602  2.49363827 -0.6380908   1.31049009  0.31816745
 -0.93769814 -0.93773916 -1.68918455 -0.14145659  1.89343625 -1.25049933
  0.10483162  1.75520955  1.35662161 -0.92380453 -1.10081737  1.42099216
 -0.31902292 -0.31534546  0.7375702   0.74569193 -0.29577501  1.16500003
 -1.29224595  0.26223871]
[0.09975583] z:[0.09975583] t:[-0.32442216 -1.24039635 -0.96870564  0.59992537  0.63532416  0.62936874
 -1.66366437  0.59660893  2.5014037  -0.63799633  1.30587489  0.31380329
 -0.91062117 -0.91071221 -1.73863024 -0.16727169  1.89440017 -1.24983301
  0.13379807  1.81505847  1.36522207 -0.94074938 -1.10185591  1.40011605
 -0.30831429 -0.30029764  0.75364072  0.7640125  -0.30552596  1.17769801
 -1.29068562  0.26466098]
[0.10029688] z:[0.10029688] t:[-0.32848646 -1.22406069 -0.98775275  0.59918776  0.63130585  0.63248809
 -1.66911551  0.59324053  2.49986143 -0.63512146  1.32421144  0.31988054
 -0.92421996 -0.92431541 -1.76233065 -0.17872905  1.89721329 -1.24779358
  0.1454706   1.89468697  1.34765573 -0.93358551 -1.11831372  1.41216986
 -0.3037442  -0.29350914  0.76793247  0.77917611 -0.26917122  1.15921413
 -1.27894532  0.2497644 ]
[0.10045024] z:[0.10045024] t:[-0.31623726 -1.23541893 -0.96769301  0.6010514   0.62645738  0.61915531
 -1.68469451  0.57965547  2.51182018 -0.62449572  1.31853173  0.31090316
 -0.91442577 -0.91450363 -1.76720508 -0.17637786  1.8935259  -1.2500717
  0.19015622  1.95681182  1.35242298 -0.94524967 -1.10375849  1.40500225
 -0.29544853 -0.28711668  0.79288004  0.80498493 -0.28705476  1.16938052
 -1.28520772  0.25516815]
[0.10056027] z:[0.10056027] t:[-0.32561988 -1.21880474 -0.97417308  0.5991244   0.63791186  0.63003083
 -1.66682679  0.57330134  2.50019447 -0.63701457  1.31273062  0.30746965
 -0.91776721 -0.91783619 -1.77337127 -0.18840084  1.90313889 -1.23962304
  0.23142832  2.01558591  1.35302264 -0.91899193 -1.09309614  1.41148548
 -0.30824039 -0.30123228  0.80902484  0.8211979  -0.28344656  1.16160095
 -1.2673947   0.26605074]
[0.10139133] z:[0.10139133] t:[-0.32358721 -1.22792073 -0.97336912  0.59626227  0.63147533  0.62602965
 -1.67976666  0.57883888  2.50071413 -0.63634194  1.31530063  0.30575493
 -0.91649368 -0.91657787 -1.76678056 -0.18083449  1.89554996 -1.24823549
  0.23494256  2.06321984  1.34275144 -0.93231461 -1.10581252  1.40243959
 -0.30638287 -0.3021063   0.81374289  0.82684906 -0.28518618  1.15851753
 -1.26763125  0.25864583]
[0.10145672] z:[0.10145672] t:[-0.32705178 -1.23411335 -0.98050071  0.60155172  0.63452545  0.6338968
 -1.67585256  0.58052597  2.49652294 -0.64164065  1.32599865  0.32381953
 -0.91418046 -0.91428318 -1.77443041 -0.19419821  1.88784643 -1.25588499
  0.25399102  2.09190574  1.3369941  -0.93627528 -1.12414878  1.40017623
 -0.30252904 -0.28887524  0.83270921  0.84597864 -0.26715647  1.15767756
 -1.24983559  0.26360199]
[0.10141992] z:[0.10141992] t:[-0.32291627 -1.2184568  -0.9751151   0.59283163  0.63420293  0.63035283
 -1.67032229  0.58351007  2.49736958 -0.64035844  1.31859867  0.31230135
 -0.91281549 -0.91290163 -1.77889933 -0.18760664  1.89783966 -1.24596606
  0.27065156  2.10732983  1.3490987  -0.93263965 -1.10611022  1.40277879
 -0.30104795 -0.29291236  0.82584057  0.8389059  -0.27116887  1.16076266
 -1.24953161  0.26746743]
[0.10180074] z:[0.10180074] t:[-0.31689011 -1.21689885 -0.97614072  0.60131876  0.63959918  0.63537608
 -1.67136144  0.58302628  2.49492397 -0.64243112  1.31908842  0.30870644
 -0.92390497 -0.92398442 -1.77736353 -0.19409374  1.90570091 -1.2379452
  0.27659179  2.12060279  1.352114   -0.92196272 -1.10146563  1.41523099
 -0.3173666  -0.3079659   0.82231284  0.83478686 -0.27934431  1.14525485
 -1.25581429  0.26504898]
[0.10166477] z:[0.10166477] t:[-0.31889248 -1.20803902 -0.97569847  0.60537332  0.63551125  0.63013277
 -1.67814868  0.58564897  2.4974919  -0.64003987  1.31840867  0.30958029
 -0.92140878 -0.92148273 -1.77234481 -0.1919379   1.90152385 -1.2422638
  0.26930181  2.12766978  1.33713982 -0.9324163  -1.11428034  1.40712371
 -0.31026786 -0.30536769  0.81692676  0.8290556  -0.27488353  1.15096484
 -1.25523025  0.2597328 ]
[0.10206844] z:[0.10206844] t:[-0.31260632 -1.21676031 -0.97516152  0.59872018  0.63555887  0.63175417
 -1.67980084  0.59143905  2.50725222 -0.62997283  1.32403173  0.32450737
 -0.90615225 -0.9062452  -1.76417496 -0.18272958  1.89326684 -1.25040495
  0.2774645   2.11730346  1.33652741 -0.94616245 -1.11723155  1.39881946
 -0.29968612 -0.28978977  0.83176759  0.84370273 -0.27402565  1.15886156
 -1.25518064  0.26376767]
[0.10108301] z:[0.10108301] t:[-0.31852667 -1.20653751 -0.98201485  0.59269775  0.63661145  0.63384683
 -1.66352072  0.58718842  2.49455529 -0.64364364  1.32999156  0.30944408
 -0.92222832 -0.92230742 -1.78186663 -0.18822953  1.90232489 -1.24166409
  0.26565588  2.13786436  1.33666195 -0.92848963 -1.10883034  1.40384761
 -0.30614203 -0.30141459  0.8241784   0.83584122 -0.26450989  1.1429118
 -1.25220136  0.25567934]
[0.10159887] z:[0.10159887] t:[-0.30118135 -1.22167129 -0.95774106  0.60069013  0.63356084  0.62487974
 -1.68371572  0.56616766  2.50748648 -0.63018767  1.30626336  0.30058498
 -0.8965607  -0.8966351  -1.76863404 -0.18352655  1.89991084 -1.24364863
  0.31413833  2.11408524  1.34798228 -0.94703265 -1.09985015  1.3982444
 -0.29953217 -0.29393338  0.81871272  0.83222972 -0.28714976  1.16691941
 -1.25950733  0.27882445]
[0.10208365] z:[0.10208365] t:[-0.30867989 -1.20770685 -0.9779035   0.59263636  0.62979144  0.62667918
 -1.67514244  0.57855248  2.5010623  -0.63715087  1.33097765  0.3024234
 -0.91083611 -0.9109254  -1.77134451 -0.19055351  1.90229829 -1.24125765
  0.27577033  2.1339293   1.34083516 -0.93403751 -1.10642611  1.3954983
 -0.30847519 -0.30035806  0.82524884  0.83719077 -0.2768203   1.14417147
 -1.25506384  0.26291393]
[0.10154844] z:[0.10154844] t:[-0.30363346 -1.19894481 -0.9720331   0.61123144  0.63915306  0.63408489
 -1.68327719  0.57690937  2.50041256 -0.63851376  1.31781687  0.30690541
 -0.91998654 -0.92003212 -1.75783529 -0.17898361  1.9105589  -1.23308637
  0.2854875   2.13766797  1.34634954 -0.93460726 -1.10687519  1.40026084
 -0.31885393 -0.31159829  0.81295944  0.82577706 -0.29551756  1.13928835
 -1.26837753  0.25870194]
[0.10196763] z:[0.10196763] t:[-0.30881006 -1.21917159 -0.97109449  0.60645171  0.64052946  0.63474972
 -1.67676428  0.57148225  2.49021977 -0.64720129  1.32085334  0.31161121
 -0.90937352 -0.90945544 -1.77441285 -0.19607868  1.90107805 -1.24239994
  0.28904422  2.13809587  1.34314485 -0.94319038 -1.10834939  1.39012955
 -0.30596204 -0.2974108   0.83475526  0.84749967 -0.27666083  1.14975055
 -1.24916184  0.27005599]
[0.10199781] z:[0.10199781] t:[-0.29782443 -1.2011162  -0.96660865  0.61309014  0.64625844  0.63493577
 -1.68193524  0.58218961  2.5025576  -0.63509359  1.31894715  0.31273842
 -0.90147806 -0.90156463 -1.75838324 -0.18156083  1.90432669 -1.23943945
  0.28226021  2.14408035  1.34283445 -0.95403606 -1.11427134  1.38171269
 -0.30764081 -0.30104733  0.8203987   0.83252751 -0.2828574   1.14640129
 -1.2631393   0.26588016]
[0.10172831] z:[0.10172831] t:[-0.30159611 -1.19554487 -0.9723812   0.59776559  0.62898189  0.6233394
 -1.67495574  0.57235455  2.50111076 -0.63716858  1.32097027  0.3127899
 -0.90069898 -0.90077426 -1.77644309 -0.19735074  1.90034078 -1.24312306
  0.28841794  2.14819396  1.33660839 -0.94604385 -1.10821697  1.37911388
 -0.30234507 -0.29580827  0.82370603  0.83517986 -0.28146427  1.14822262
 -1.26671063  0.26283773]
[0.10175574] z:[0.10175574] t:[-0.29838561 -1.19839246 -0.97143432  0.60033966  0.63903115  0.63394327
 -1.6738862   0.5809634   2.49185964 -0.64603602  1.3179069   0.29800518
 -0.90904985 -0.90913203 -1.77055785 -0.18452654  1.91349246 -1.23019843
  0.27637094  2.15732893  1.34834959 -0.93925037 -1.10262828  1.38369169
 -0.3113919  -0.30322782  0.82308566  0.83476291 -0.27841095  1.13224073
 -1.26043905  0.2618614 ]
[0.1017861] z:[0.1017861] t:[-0.31241753 -1.20149511 -0.98147419  0.59682463  0.6398726   0.6359003
 -1.66887753  0.59597582  2.48887912 -0.64837969  1.32620115  0.32543379
 -0.89694721 -0.89703102 -1.76957006 -0.18693816  1.89728967 -1.24669352
  0.28848874  2.15206426  1.33360383 -0.94547577 -1.11890019  1.37713628
 -0.30984381 -0.29140418  0.82086134  0.83269971 -0.28346257  1.13048703
 -1.26882256  0.25179411]
[0.10181887] z:[0.10181887] t:[-0.29708739 -1.20515462 -0.97057831  0.60417824  0.63285651  0.62443482
 -1.67898863  0.57666918  2.50088471 -0.63740551  1.32089074  0.31236896
 -0.89535703 -0.89544408 -1.76601885 -0.1902409   1.90328704 -1.24041934
  0.28945562  2.1487441   1.3363727  -0.95004485 -1.1148135   1.37452487
 -0.30441196 -0.29444282  0.81982542  0.83148088 -0.28509818  1.13778091
 -1.26974157  0.26130883]
[0.10148005] z:[0.10148005] t:[-0.29339454 -1.20279042 -0.96827654  0.60659944  0.64053819  0.6351883
 -1.6689762   0.57669527  2.49500436 -0.64276944  1.32126385  0.31165666
 -0.89010472 -0.89018853 -1.77214219 -0.19264792  1.90306466 -1.2402835
  0.2966434   2.15135317  1.34252978 -0.95174445 -1.10618497  1.37089873
 -0.297255   -0.28639682  0.83138547  0.84378401 -0.27627347  1.14348197
 -1.25358818  0.27138151]
[0.1019259] z:[0.1019259] t:[-0.29312201 -1.21034428 -0.97579572  0.59605123  0.62890168  0.62785257
 -1.66718708  0.56503916  2.49426334 -0.64533542  1.34134169  0.31223706
 -0.89098308 -0.89107135 -1.7769413  -0.19461228  1.89816983 -1.24506648
  0.28688799  2.17062538  1.33446702 -0.94186255 -1.10597999  1.36258897
 -0.30079552 -0.29514078  0.84162829  0.85279678 -0.27332575  1.13234174
 -1.26692857  0.2596477 ]
[0.10213681] z:[0.10213681] t:[-0.29603477 -1.18565523 -0.97722201  0.5976451   0.63197915  0.63033455
 -1.67642437  0.58809494  2.49130709 -0.6468042   1.33590602  0.31813855
 -0.90061919 -0.90070348 -1.76382919 -0.18537773  1.90011973 -1.2440983
  0.27158513  2.16482795  1.33303383 -0.96068699 -1.12076155  1.36218165
 -0.31235568 -0.29633537  0.81800251  0.82894199 -0.28570162  1.12537561
 -1.27479726  0.24810642]
[0.10164942] z:[0.10164942] t:[-0.29067015 -1.20250057 -0.96997536  0.60085675  0.6401387   0.63083667
 -1.66561215  0.57348127  2.4931585  -0.6448474   1.31713194  0.30541425
 -0.89611231 -0.89620415 -1.76128488 -0.18589102  1.90716302 -1.23607309
  0.30227918  2.16533872  1.34356466 -0.94804986 -1.10787401  1.36222425
 -0.3020729  -0.29203718  0.83002872  0.84214479 -0.28037832  1.13515546
 -1.26118241  0.26948639]
[0.10145855] z:[0.10145855] t:[-0.29653671 -1.19138755 -0.97283681  0.59297046  0.63398004  0.62824765
 -1.66186665  0.57319152  2.49197566 -0.64664507  1.32247444  0.31360255
 -0.89500307 -0.8950723  -1.7787586  -0.20222407  1.90690878 -1.23655677
  0.30100916  2.16714848  1.33269216 -0.93519419 -1.10441429  1.3610514
 -0.29843352 -0.29321772  0.83295428  0.84406611 -0.27417986  1.13077151
 -1.27061212  0.26123078]
[0.10136009] z:[0.10136009] t:[-0.28415333 -1.21541995 -0.95854929  0.62121952  0.65144856  0.64650785
 -1.65902042  0.57934547  2.49809958 -0.63912813  1.31420435  0.31158042
 -0.88298072 -0.88306983 -1.76023623 -0.18719872  1.92170006 -1.22197668
  0.3080235   2.17154772  1.35502077 -0.95181501 -1.10675672  1.3560665
 -0.30469457 -0.29242487  0.82117572  0.83377595 -0.27867532  1.13250951
 -1.25699355  0.26989903]
[0.1013366] z:[0.1013366] t:[-0.27726441 -1.20263236 -0.96281353  0.60873238  0.6349614   0.62830584
 -1.68066652  0.5652922   2.50244135 -0.63629282  1.30252346  0.30786598
 -0.87774862 -0.87783338 -1.75416988 -0.1864077   1.9142581  -1.22922831
  0.29853834  2.18229148  1.34370244 -0.95601747 -1.10806663  1.3473131
 -0.29955929 -0.29117757  0.81011342  0.82152644 -0.2878353   1.12693849
 -1.27498445  0.263924  ]
[0.10064545] z:[0.10064545] t:[-0.28580587 -1.19163975 -0.97217316  0.60633847  0.64259457  0.63850828
 -1.66445116  0.58016844  2.48892374 -0.64979517  1.29871252  0.31411125
 -0.87267527 -0.87276595 -1.75819267 -0.19183994  1.91896884 -1.22463412
  0.31065024  2.17468898  1.3499395  -0.94600503 -1.10604809  1.35399475
 -0.30279749 -0.28895553  0.80871291  0.819318   -0.27738361  1.12355989
 -1.2659951   0.26574449]
[0.10064321] z:[0.10064321] t:[-0.28025403 -1.20395205 -0.96323962  0.6104519   0.63965896  0.63309504
 -1.66753896  0.56432839  2.49359621 -0.64441866  1.29975518  0.30556718
 -0.87590981 -0.87599633 -1.75450387 -0.18526849  1.9272555  -1.21621404
  0.29819582  2.19939607  1.3478442  -0.94343173 -1.10468518  1.35787911
 -0.30394562 -0.29536996  0.8088915   0.81813696 -0.28595396  1.1129535
 -1.27327038  0.26061989]
[0.10046299] z:[0.10046299] t:[-0.2845958  -1.20471711 -0.97192163  0.60346873  0.63168292  0.62861669
 -1.67245019  0.56853836  2.49734772 -0.64145757  1.29159959  0.31225058
 -0.86565851 -0.86575121 -1.7557664  -0.18885975  1.91396268 -1.22972036
  0.29296375  2.20377663  1.33592067 -0.95471646 -1.11919031  1.35139487
 -0.28909517 -0.27743787  0.80197107  0.80995722 -0.2772182   1.11352519
 -1.27484585  0.26783356]
[0.10012629] z:[0.10012629] t:[-0.28204097 -1.1981058  -0.96792746  0.60033564  0.6326017   0.62462038
 -1.67918395  0.57733198  2.50406414 -0.63363379  1.28895697  0.31322551
 -0.85791885 -0.85801467 -1.72443834 -0.17506826  1.91737244 -1.22694896
  0.28605031  2.18834488  1.33698091 -0.96508213 -1.12884879  1.35433772
 -0.29480321 -0.27738157  0.79428004  0.80108928 -0.2980621   1.10204618
 -1.29679664  0.23610793]
[0.09908241] z:[0.09908241] t:[-0.28371243 -1.21628519 -0.96535138  0.60068769  0.63234972  0.62990407
 -1.67232363  0.5654524   2.49603738 -0.64311957  1.28687913  0.30956282
 -0.85130637 -0.85140006 -1.73873906 -0.17604054  1.91847685 -1.22514294
  0.30526127  2.20872164  1.34426533 -0.95786187 -1.1141414   1.35654325
 -0.28586578 -0.2761813   0.81230436  0.81918248 -0.27664908  1.11669357
 -1.27368983  0.27480594]
[0.09946725] z:[0.09946725] t:[-0.29047533 -1.20597022 -0.97365784  0.60372066  0.63283015  0.63039851
 -1.67493919  0.57074197  2.49403563 -0.6449804   1.2800852   0.32473537
 -0.83921043 -0.83930748 -1.74030542 -0.18256935  1.91125733 -1.23289162
  0.3064046   2.20741559  1.34381226 -0.96831487 -1.12496753  1.35262144
 -0.27633624 -0.26088632  0.82475526  0.82980188 -0.27523894  1.11575801
 -1.27800384  0.2802186 ]
[0.09862434] z:[0.09862434] t:[-0.28457908 -1.19461278 -0.97256188  0.60339657  0.63610309  0.63255139
 -1.66468606  0.57846749  2.49473551 -0.64435824  1.28024167  0.3204323
 -0.83570543 -0.83578678 -1.73362698 -0.17660914  1.92367587 -1.22026096
  0.29517594  2.20537211  1.34498758 -0.96022114 -1.12379108  1.35987072
 -0.27725238 -0.26176665  0.82257452  0.82486262 -0.27394326  1.11112779
 -1.28150958  0.26907496]
[0.09882553] z:[0.09882553] t:[-0.27855575 -1.19698954 -0.96817217  0.61360511  0.63440501  0.63054524
 -1.67386502  0.57178466  2.49918784 -0.63987177  1.2735347   0.32161856
 -0.83071194 -0.83079566 -1.7311202  -0.18234963  1.92362881 -1.22024947
  0.30565983  2.21576893  1.3480825  -0.96648308 -1.12403568  1.35692129
 -0.28254707 -0.26684377  0.82545474  0.82706429 -0.27834838  1.11418488
 -1.29003739  0.27144034]
[0.09874036] z:[0.09874036] t:[-0.28398387 -1.20162405 -0.981194    0.61754027  0.64407193  0.64361659
 -1.66920949  0.5852048   2.4952716  -0.64372754  1.28537151  0.33072566
 -0.83251974 -0.83261274 -1.71786228 -0.18024319  1.92229825 -1.22227627
  0.28762473  2.22343293  1.35423794 -0.97783352 -1.1341595   1.37391217
 -0.27068138 -0.25020193  0.8430884   0.84332193 -0.27151065  1.10589237
 -1.29212062  0.2649928 ]
[0.09789039] z:[0.09789039] t:[-0.27372559 -1.22068908 -0.96159828  0.61575889  0.63298854  0.62839453
 -1.67327969  0.55882565  2.50272978 -0.63604904  1.26194551  0.31889521
 -0.81899662 -0.81908095 -1.7224314  -0.17826848  1.93467618 -1.20894817
  0.31819025  2.22935475  1.36189689 -0.95686263 -1.10413176  1.37674436
 -0.26631784 -0.25431838  0.82403816  0.82358845 -0.29155391  1.11316588
 -1.31058814  0.26605978]
[0.0976551] z:[0.0976551] t:[-0.28850112 -1.20271965 -0.97584723  0.60589086  0.6382106   0.63587881
 -1.66463914  0.5789161   2.49677566 -0.64213677  1.26657915  0.3282127
 -0.81465734 -0.81472661 -1.71873127 -0.17974855  1.93232775 -1.2121341
  0.33629766  2.22362037  1.34147288 -0.94625736 -1.11657597  1.39898903
 -0.27115868 -0.25694232  0.81888013  0.81657276 -0.29338875  1.09381394
 -1.31983372  0.26162701]
[0.09817751] z:[0.09817751] t:[-0.28291142 -1.20787669 -0.96717768  0.62231406  0.64019116  0.63141974
 -1.67514149  0.57614039  2.50801154 -0.63120192  1.26248902  0.33667711
 -0.80819615 -0.80826968 -1.70822806 -0.17577815  1.93777993 -1.20632302
  0.37710019  2.22434447  1.34804075 -0.93522487 -1.10445317  1.42754825
 -0.29473564 -0.2614673   0.7854733   0.78230276 -0.32272958  1.08106914
 -1.33943577  0.24379827]
[0.09764756] z:[0.09764756] t:[-0.28473488 -1.19579476 -0.97369054  0.59908099  0.62602345  0.62284621
 -1.66358948  0.56749575  2.50174657 -0.63812869  1.26405939  0.32798034
 -0.80895426 -0.80901886 -1.71527295 -0.17217859  1.93893679 -1.20483795
  0.4402939   2.2340401   1.34049635 -0.90294223 -1.08292663  1.45496522
 -0.28588245 -0.2754689   0.77646856  0.77127007 -0.34371267  1.08284112
 -1.35522435  0.24508312]
[0.09788012] z:[0.09788012] t:[-0.27874785 -1.19727204 -0.96300091  0.60339949  0.63324232  0.62645469
 -1.6646185   0.5634042   2.50251395 -0.6367986   1.26369564  0.3272561
 -0.80806559 -0.80811871 -1.71129499 -0.18269646  1.94756    -1.19637242
  0.48945969  2.22093917  1.33311225 -0.89277211 -1.07657352  1.45734612
 -0.28633379 -0.27609186  0.75765604  0.75204159 -0.35264485  1.07919387
 -1.37013386  0.23587229]
[0.09802502] z:[0.09802502] t:[-0.28959634 -1.19878191 -0.97741984  0.59906741  0.63023676  0.6296778
 -1.65985802  0.56166118  2.49243297 -0.6473873   1.27575032  0.33289592
 -0.80855264 -0.80863138 -1.71270724 -0.19648093  1.93713855 -1.20659574
  0.51257717  2.24468726  1.32514987 -0.88260285 -1.07414827  1.47577598
 -0.29783203 -0.280803    0.75190549  0.74423837 -0.34768519  1.07350244
 -1.37289619  0.23935331]
[0.09827848] z:[0.09827848] t:[-0.27975123 -1.1982323  -0.9717491   0.60598369  0.62383597  0.62466475
 -1.6713567   0.56364747  2.50415535 -0.63568642  1.27249277  0.33079031
 -0.80423744 -0.8043174  -1.70676325 -0.22286132  1.93439072 -1.20951739
  0.51630446  2.23509411  1.33673446 -0.89061194 -1.07814899  1.47815042
 -0.28145949 -0.26845654  0.74463372  0.73692681 -0.35310609  1.06946221
 -1.3879393   0.21783665]
[0.09781208] z:[0.09781208] t:[-0.27936601 -1.18778184 -0.9696298   0.60935931  0.63688603  0.6338042
 -1.65944297  0.5707497   2.49677391 -0.64276145  1.26245224  0.32771654
 -0.81061028 -0.81067872 -1.70407446 -0.28722294  1.94430153 -1.19984129
  0.51704696  2.23558142  1.33336802 -0.88831195 -1.07193471  1.48097232
 -0.27991591 -0.26591941  0.75689622  0.74942534 -0.33816415  1.07991547
 -1.3825379   0.22741447]
[0.09849457] z:[0.09849457] t:[-0.2959606  -1.20591908 -0.9755626   0.6029712   0.62969002  0.62836365
 -1.67492302  0.56948432  2.50430791 -0.6353129   1.27058156  0.33940161
 -0.80595016 -0.80603355 -1.68417719 -0.33411108  1.93238166 -1.21182122
  0.50007411  2.23821086  1.34127077 -0.89223286 -1.08653576  1.49742202
 -0.27723032 -0.26935078  0.75079278  0.74338312 -0.33601574  1.07398275
 -1.3870994   0.22381379]
[0.09762681] z:[0.09762681] t:[-0.29989018 -1.18653525 -0.99427229  0.6116761   0.63088626  0.6318959
 -1.65881971  0.57026213  2.49470034 -0.64498021  1.26843684  0.34741168
 -0.80795106 -0.80802884 -1.70208957 -0.34209574  1.92729981 -1.21651626
  0.49202682  2.26002984  1.31883891 -0.8995667  -1.09537059  1.47924036
 -0.3005631  -0.27721556  0.7543877   0.74669343 -0.3442088   1.06813399
 -1.38788125  0.22189794]
[0.09758674] z:[0.09758674] t:[-0.27143075 -1.20393012 -0.96579233  0.62429139  0.64330679  0.63738196
 -1.66979626  0.55662095  2.50129923 -0.63855535  1.26722011  0.31943991
 -0.8152887  -0.81535304 -1.68770049 -0.34661434  1.95351591 -1.19039584
  0.49742656  2.23943088  1.3395441  -0.90298928 -1.07261658  1.4759617
 -0.28784592 -0.26795749  0.75762204  0.75007369 -0.3509158   1.07915616
 -1.40087973  0.21749511]
[0.09813576] z:[0.09813576] t:[-0.26716424 -1.18941216 -0.96789271  0.6139092   0.64189435  0.63899481
 -1.66381204  0.56981138  2.49949597 -0.64042738  1.25320734  0.32371452
 -0.8051893  -0.80525871 -1.69455002 -0.37172654  1.94615623 -1.19796737
  0.49165939  2.23389153  1.35179955 -0.89404061 -1.07990184  1.46979574
 -0.27418722 -0.25245577  0.7686372   0.76205602 -0.33613574  1.08525192
 -1.39325466  0.21733201]
[0.09783285] z:[0.09783285] t:[-0.27844769 -1.18825712 -0.97439767  0.60370874  0.62488398  0.62135595
 -1.66543824  0.55220313  2.50220294 -0.63756912  1.27122018  0.33184472
 -0.79946479 -0.79953406 -1.70504698 -0.37247962  1.94253838 -1.20111851
  0.47261009  2.24995206  1.32429578 -0.90618919 -1.07634854  1.46841949
 -0.28671885 -0.27068273  0.76104996  0.7536045  -0.34649556  1.0724844
 -1.41008121  0.20792415]
[0.097751] z:[0.097751] t:[-0.26448426 -1.19961772 -0.95935762  0.60741901  0.63420836  0.62876997
 -1.66650443  0.5576484   2.50447506 -0.63482911  1.26128362  0.32635126
 -0.79677941 -0.79684159 -1.69701345 -0.37265909  1.95192847 -1.19203271
  0.46086529  2.23281442  1.34291046 -0.90776061 -1.07259599  1.46329734
 -0.27109047 -0.25776806  0.77689893  0.77091651 -0.34351547  1.08966368
 -1.4066841   0.20953916]
[0.09795817] z:[0.09795817] t:[-0.2767048  -1.18589742 -0.97480231  0.61225873  0.62875712  0.62745919
 -1.66420429  0.55652955  2.49528717 -0.64459235  1.26255092  0.33763654
 -0.79368905 -0.79374717 -1.70773353 -0.37492479  1.93568064 -1.20833041
  0.43298901  2.25306477  1.32395331 -0.89695869 -1.08870456  1.47285523
 -0.28780795 -0.27065898  0.77381885  0.76767892 -0.34181439  1.08015335
 -1.40660447  0.20686515]
[0.09756273] z:[0.09756273] t:[-0.27579078 -1.19527963 -0.9680384   0.60846089  0.63266674  0.62774627
 -1.66780264  0.56007477  2.49289298 -0.64615628  1.25798296  0.32553911
 -0.79958478 -0.79965166 -1.69942084 -0.38149848  1.94956577 -1.19445424
  0.39539828  2.2517197   1.33800177 -0.89502385 -1.08512484  1.49079621
 -0.2874155  -0.26843956  0.77603162  0.76840195 -0.33409628  1.08527467
 -1.39489809  0.2189359 ]
[0.09792629] z:[0.09792629] t:[-0.26708353 -1.1803032  -0.96675141  0.61449209  0.64439426  0.63974669
 -1.65978051  0.57103789  2.49524859 -0.6440016   1.26436662  0.34092055
 -0.80212448 -0.80217972 -1.69567817 -0.37586273  1.95233356 -1.19219087
  0.35505193  2.24682316  1.34571436 -0.89399399 -1.0855461   1.49597555
 -0.26911165 -0.24908265  0.7938692   0.78790194 -0.32295133  1.08515817
 -1.3980584   0.22119971]
[0.09734092] z:[0.09734092] t:[-0.26876818 -1.18457205 -0.97392673  0.61227453  0.6370466   0.63573441
 -1.65517242  0.56445955  2.49093199 -0.64912964  1.26350241  0.32683063
 -0.80273127 -0.80280013 -1.69749195 -0.3849689   1.95443763 -1.18976054
  0.31677821  2.26490661  1.34199643 -0.89291876 -1.0935092   1.51027246
 -0.27326475 -0.25337898  0.7873257   0.78109115 -0.31886167  1.08369352
 -1.39685432  0.21831353]
[0.09800268] z:[0.09800268] t:[-0.27306577 -1.19174668 -0.98064979  0.60853597  0.62676729  0.62487596
 -1.66705214  0.56039211  2.50441519 -0.63553849  1.27231236  0.33769516
 -0.79600758 -0.79607884 -1.67950799 -0.39568619  1.93803541 -1.20590011
  0.27892964  2.28031221  1.34305188 -0.89513081 -1.09578506  1.51995428
 -0.26694655 -0.24960964  0.78816309  0.78162412 -0.32128178  1.08304743
 -1.39317349  0.22555641]
[0.09699492] z:[0.09699492] t:[-0.27635814 -1.17826482 -0.97459676  0.61224769  0.63255402  0.62949135
 -1.6647362   0.57064312  2.4962695  -0.64349107  1.2518963   0.32908881
 -0.80370315 -0.80376429 -1.68431543 -0.40669765  1.94634885 -1.1981273
  0.23111416  2.28075534  1.33513667 -0.8871444  -1.10931935  1.55199561
 -0.27756266 -0.25753591  0.78509516  0.77877895 -0.31393664  1.07651685
 -1.39142235  0.22501627]
[0.09752045] z:[0.09752045] t:[-0.27598391 -1.18216485 -0.97492579  0.62937668  0.64512531  0.63774609
 -1.66669169  0.56746004  2.50273628 -0.63653541  1.26916978  0.34706982
 -0.80498132 -0.80505156 -1.66804994 -0.40017757  1.95051765 -1.19330618
  0.19105916  2.30382601  1.34026316 -0.87659455 -1.09392191  1.57234294
 -0.27081393 -0.24552246  0.79497731  0.78807075 -0.31773208  1.08265521
 -1.39274119  0.22210936]
[0.09684605] z:[0.09684605] t:[-0.26051557 -1.17570449 -0.97032734  0.61085694  0.63102229  0.62696235
 -1.66415935  0.55393701  2.49530871 -0.64475848  1.25679212  0.33122981
 -0.80328179 -0.80334662 -1.68416005 -0.39594078  1.95271346 -1.19131813
  0.15113304  2.32716348  1.32967812 -0.87905838 -1.08197428  1.59521335
 -0.27140571 -0.25129873  0.78947419  0.78278666 -0.3353491   1.09211106
 -1.42602143  0.19940499]
[0.09710355] z:[0.09710355] t:[-0.28222863 -1.18415832 -0.98631424  0.61312207  0.62931491  0.62840645
 -1.66077244  0.55239989  2.49548834 -0.64496291  1.26622733  0.34165846
 -0.80604915 -0.80612408 -1.68949158 -0.38510008  1.94341541 -1.20059528
  0.14275427  2.33637772  1.32355118 -0.87785442 -1.0837273   1.63754996
 -0.27126238 -0.25133463  0.79295832  0.78611315 -0.32586187  1.08482802
 -1.45092211  0.21664024]
[0.09686491] z:[0.09686491] t:[-0.27063491 -1.18607233 -0.97268755  0.61583637  0.64024259  0.63646174
 -1.66559048  0.56968893  2.49085285 -0.64880545  1.26643278  0.34018089
 -0.82259729 -0.82267197 -1.66892765 -0.38568968  1.95068959 -1.19385546
  0.12554972  2.34448568  1.34342844 -0.8654094  -1.08238734  1.7168403
 -0.27750637 -0.24700426  0.79724223  0.79007014 -0.31701483  1.08167901
 -1.4589755   0.24485294]
[0.09700997] z:[0.09700997] t:[-0.26690074 -1.16900098 -0.97455628  0.62030567  0.63961263  0.63754315
 -1.65465493  0.56463804  2.48761691 -0.65266335  1.25278007  0.33076994
 -0.83148033 -0.83154929 -1.6843228  -0.3805103   1.95738353 -1.18672537
  0.10538802  2.33742471  1.32936325 -0.85917774 -1.07069252  1.81500339
 -0.27501376 -0.25087991  0.79936511  0.79225789 -0.31811236  1.09649201
 -1.46942461  0.26705376]
[0.09726033] z:[0.09726033] t:[-0.24721261 -1.18948704 -0.95868177  0.61135382  0.63234057  0.62811005
 -1.66728579  0.55300049  2.50395574 -0.63620806  1.25349377  0.32175696
 -0.82888588 -0.82895426 -1.66572525 -0.38608058  1.96278487 -1.18096964
  0.09987985  2.34992802  1.34482058 -0.86643101 -1.04297618  1.91588546
 -0.25637254 -0.23704121  0.78610612  0.77966532 -0.32205535  1.09243169
 -1.48348029  0.29829131]
[0.09696509] z:[0.09696509] t:[-0.25693498 -1.16765433 -0.97306766  0.61476183  0.64414884  0.63896443
 -1.65611285  0.56665702  2.48855147 -0.65165504  1.26648929  0.331196
 -0.84478842 -0.84485606 -1.67398318 -0.36727914  1.95644824 -1.18797644
  0.08486243  2.33974637  1.31689867 -0.84830147 -1.05955327  1.9873931
 -0.25951959 -0.24206607  0.79035056  0.78240954 -0.30797616  1.08916958
 -1.51121214  0.3162187 ]
[0.09716455] z:[0.09716455] t:[-0.27058055 -1.17731719 -0.98527911  0.6170088   0.63247043  0.62970935
 -1.65762887  0.55444899  2.49295753 -0.6479743   1.2655782   0.3378544
 -0.84611781 -0.84618968 -1.67674246 -0.36682041  1.94296397 -1.20109256
  0.10320221  2.34228589  1.30104816 -0.85329485 -1.05752487  2.04048558
 -0.26928101 -0.24812169  0.78607441  0.77680662 -0.31536924  1.06813886
 -1.53131338  0.34510896]
[0.09755279] z:[0.09755279] t:[-0.26506418 -1.1768387  -0.97527534  0.62717806  0.64302641  0.6331496
 -1.67006673  0.56944758  2.50173545 -0.63784415  1.27561908  0.35658633
 -0.85434844 -0.85441745 -1.65785256 -0.36569172  1.95326986 -1.19058095
  0.08096332  2.35067026  1.34007303 -0.83371362 -1.03152669  2.07901367
 -0.25726059 -0.22938538  0.79593054  0.78776311 -0.31277325  1.08195178
 -1.55508168  0.36044438]
[0.1059429] z:[0.1059429] t:[-0.26194142 -1.16109494 -0.98113634  0.60994016  0.62707557  0.62677084
 -1.66400104  0.55666888  2.49469755 -0.64605622  1.26987257  0.33345664
 -0.82298415 -0.82305385 -1.71650373 -0.36156936  1.94455778 -1.19959609
  0.10042468  2.3448537   1.31779136 -0.85245909 -1.03562416  2.09210136
 -0.2651358  -0.24635779  0.80077202  0.79243454 -0.31897999  1.10543489
 -1.6158893   0.35165504]
[0.10076516] z:[0.10076516] t:[-0.26763948 -1.16233915 -0.98297429  0.6252007   0.63976323  0.64139528
 -1.6584911   0.56108173  2.48711712 -0.6530784   1.26391786  0.34181823
 -0.77779756 -0.77785175 -1.73696206 -0.38604314  1.94633828 -1.19765025
  0.10348218  2.35059396  1.33261548 -0.81719251 -1.03232539  2.09332281
 -0.26995311 -0.24003291  0.80292575  0.79530317 -0.30504085  1.09731063
 -1.6969872   0.32795521]
[0.09723351] z:[0.09723351] t:[-0.25279157 -1.1486021  -0.9696453   0.61466179  0.63794576  0.63163311
 -1.65716285  0.55683375  2.49635336 -0.64314998  1.24190642  0.31795684
 -0.74880003 -0.74882338 -1.74559084 -0.40987279  1.96257824 -1.18159064
  0.08709789  2.36458432  1.33175828 -0.79419388 -1.0274417   2.09309505
 -0.2706611  -0.25142966  0.79875296  0.79279085 -0.30504888  1.11813959
 -1.78765328  0.29853077]
[0.09750686] z:[0.09750686] t:[-0.2547035  -1.14716755 -0.97690347  0.60407677  0.62405126  0.61936865
 -1.66655842  0.55513563  2.50109541 -0.63845137  1.2644343   0.3401048
 -0.72672119 -0.72673901 -1.72945616 -0.42096851  1.95646096 -1.18752993
  0.08160774  2.36698622  1.33897647 -0.77691882 -1.02565407  2.09621869
 -0.263917   -0.23400898  0.80888192  0.80489906 -0.28423688  1.13386382
 -1.83224626  0.26262813]
[0.09693467] z:[0.09693467] t:[-0.25971692 -1.13983477 -0.98442189  0.61357113  0.62963515  0.62898747
 -1.65199352  0.54963766  2.49304463 -0.64721898  1.26101904  0.33224119
 -0.73389638 -0.73392312 -1.74905287 -0.42833099  1.95137145 -1.19254361
  0.09679685  2.35858371  1.32335931 -0.75172942 -1.03494327  2.08097644
 -0.27482761 -0.25233296  0.81467975  0.81016815 -0.29638608  1.135412
 -1.86053092  0.23928322]
[0.09743456] z:[0.09743456] t:[-0.25177421 -1.14993857 -0.97110451  0.6033193   0.62130337  0.61912495
 -1.66987811  0.55029684  2.50351966 -0.63658446  1.26396365  0.3284336
 -0.72753912 -0.72755882 -1.73255488 -0.42374966  1.95161021 -1.19259941
  0.08036273  2.36668833  1.3360255  -0.75996131 -1.02465561  2.086706
 -0.26042267 -0.24673597  0.80045451  0.79637401 -0.2744481   1.16749886
 -1.8862895   0.20851698]
[0.09700252] z:[0.09700252] t:[-0.25280913 -1.14861608 -0.97354825  0.60664486  0.62480282  0.6192838
 -1.66345057  0.54328689  2.49827375 -0.6413705   1.26155995  0.32287335
 -0.73137143 -0.73138264 -1.74088874 -0.42533834  1.95598633 -1.18773458
  0.07858525  2.36760768  1.33616987 -0.75170892 -1.01586582  2.0932453
 -0.26411682 -0.2519514   0.81144885  0.80878629 -0.27992391  1.17342806
 -1.90315341  0.20741368]
[0.09780814] z:[0.09780814] t:[-0.25199345 -1.13172487 -0.97487111  0.62439621  0.64363875  0.64107988
 -1.66063206  0.57130066  2.50189057 -0.63785133  1.25831773  0.33122654
 -0.74172314 -0.74173412 -1.7374152  -0.43210225  1.95454752 -1.18984495
  0.06886448  2.35903329  1.35436368 -0.75517699 -1.02722317  2.07832319
 -0.26376324 -0.24241047  0.81639352  0.81275845 -0.26233029  1.17542386
 -1.93386393  0.21032684]
[0.09764185] z:[0.09764185] t:[-0.25721961 -1.13583482 -0.98818296  0.61189863  0.62815874  0.62615439
 -1.65129385  0.5521419   2.49287175 -0.64732897  1.26759035  0.33742009
 -0.73903335 -0.73904666 -1.7441412  -0.42699522  1.94820463 -1.19563576
  0.05830473  2.35931978  1.3397259  -0.75306582 -1.03059125  2.07467695
 -0.26307973 -0.24595725  0.81862647  0.81514198 -0.27084157  1.17631925
 -1.95190244  0.19818195]
[0.09747026] z:[0.09747026] t:[-0.2463152  -1.14011912 -0.9743074   0.62195069  0.64442137  0.6332023
 -1.66065039  0.55203262  2.50074368 -0.63902331  1.25834895  0.32815083
 -0.73594289 -0.73595722 -1.73469596 -0.4174981   1.96137259 -1.18280204
  0.05850039  2.3681637   1.35487297 -0.76070391 -1.02209144  2.08099522
 -0.25376873 -0.23073203  0.82336029  0.82154698 -0.25180429  1.19279302
 -1.96755618  0.18556047]
[0.09736175] z:[0.09736175] t:[-0.23799344 -1.12486249 -0.9686563   0.60616536  0.62877624  0.62342484
 -1.66316275  0.55432838  2.4950624  -0.6444897   1.25535996  0.32459661
 -0.72678988 -0.7268009  -1.74351814 -0.41893296  1.95965238 -1.18490658
  0.04897252  2.38533076  1.34198992 -0.77644034 -1.03045059  2.08781183
 -0.25799984 -0.24049796  0.82404798  0.82225167 -0.2697454   1.20868929
 -1.98205265  0.18599871]
[0.09751263] z:[0.09751263] t:[-0.24522795 -1.11868208 -0.9791742   0.60793787  0.62580825  0.62189531
 -1.65207213  0.55222679  2.48865084 -0.65127029  1.24653816  0.31366828
 -0.74054819 -0.74056015 -1.7523181  -0.41938576  1.95781862 -1.18644133
  0.05862043  2.38037058  1.32969165 -0.75640406 -1.04703333  2.08725551
 -0.27079484 -0.25498137  0.81154205  0.80835902 -0.27571049  1.1987099
 -1.99907972  0.20006337]
[0.09778949] z:[0.09778949] t:[-0.2405373  -1.12421064 -0.97793666  0.62313568  0.63887407  0.63389095
 -1.65301289  0.54596223  2.49671995 -0.64306034  1.2513818   0.32172932
 -0.7409591  -0.74097347 -1.75412274 -0.41767315  1.9627727  -1.18125248
  0.0588869   2.37677508  1.34571262 -0.76215324 -1.13461636  2.09685056
 -0.25921289 -0.24001695  0.8349011   0.83158486 -0.27696297  1.21227789
 -2.00139664  0.17878276]
[0.09770726] z:[0.09770726] t:[-0.23519545 -1.13559644 -0.97384653  0.61187808  0.62474408  0.61834264
 -1.66752968  0.54456136  2.50184185 -0.63777744  1.25446579  0.32443108
 -0.73135773 -0.73136853 -1.73681547 -0.40822494  1.95458877 -1.18955687
  0.06186471  2.37117514  1.35295352 -0.77714167 -1.17597507  2.13540654
 -0.25466073 -0.23312568  0.83255276  0.83013389 -0.25983968  1.221223
 -1.99741067  0.18166039]
[0.09725438] z:[0.09725438] t:[-0.25380422 -1.11660572 -0.99233768  0.61345326  0.62755005  0.62691003
 -1.64380961  0.55150538  2.48173623 -0.65853121  1.24880588  0.32153462
 -0.74180499 -0.74180953 -1.75320362 -0.40553053  1.94196802 -1.20213781
  0.08411053  2.3655117   1.34518607 -0.76219728 -1.20622896  2.19308751
 -0.2619124  -0.25120692  0.83886234  0.83667087 -0.27134322  1.21444315
 -1.9962099   0.18468051]
[0.09760789] z:[0.09760789] t:[-0.24683111 -1.12559977 -0.99567282  0.60820704  0.62327885  0.62488914
 -1.65282982  0.55333343  2.487929   -0.65262903  1.26717506  0.32682703
 -0.74086319 -0.74088138 -1.75226274 -0.41623321  1.93907239 -1.20476081
  0.12483629  2.35948312  1.34255372 -0.77207475 -1.22994181  2.23912508
 -0.25740168 -0.24352804  0.82608785  0.82310151 -0.25484044  1.21916027
 -2.01068555  0.18041952]
[0.09773008] z:[0.09773008] t:[-0.23386457 -1.12808528 -0.98457085  0.60678657  0.62504952  0.62256394
 -1.65876717  0.54421893  2.49809484 -0.64218507  1.24381643  0.31453846
 -0.73300186 -0.73301826 -1.73760296 -0.41104978  1.94913791 -1.19476711
  0.16039479  2.36297127  1.35751726 -0.77223748 -1.2583635   2.27633869
 -0.25326679 -0.23928924  0.82895086  0.82608554 -0.2579713   1.22836788
 -2.01323542  0.18492932]
[0.09745761] z:[0.09745761] t:[-0.23811656 -1.12183893 -0.98835942  0.60583176  0.62028277  0.61888047
 -1.65679256  0.54374965  2.49446833 -0.64593911  1.24772449  0.32095929
 -0.73047601 -0.73048902 -1.75427056 -0.41139492  1.94508492 -1.19899627
  0.10604285  2.36077585  1.33143065 -0.77501492 -1.27876355  2.3129132
 -0.25930151 -0.24366374  0.83321375  0.83052411 -0.27002929  1.23279768
 -2.01045607  0.17747362]
[0.09726163] z:[0.09726163] t:[-0.23044017 -1.11977804 -0.97815874  0.60939386  0.62527974  0.62233776
 -1.66017282  0.54321007  2.49641642 -0.64362165  1.25249407  0.31618425
 -0.7305068  -0.73051298 -1.74658466 -0.40872556  1.95876753 -1.18520369
  0.14308858  2.37864923  1.3488807  -0.76964475 -1.29285025  2.32324502
 -0.25005008 -0.23220336  0.83166431  0.83017793 -0.25618174  1.24036515
 -2.00428615  0.18401195]
[0.09777309] z:[0.09777309] t:[-0.23631614 -1.12349369 -0.99552426  0.61733693  0.62729701  0.629052
 -1.65849303  0.55191555  2.48997623 -0.65044575  1.25951521  0.33837817
 -0.73438388 -0.73440043 -1.74478009 -0.4205209   1.93888342 -1.20494113
  0.18383806  2.3653384   1.35856335 -0.77114452 -1.29499041  2.31858285
 -0.25682132 -0.23584406  0.84073176  0.8380748  -0.25564621  1.23772605
 -2.01750461  0.19519604]
[0.09737224] z:[0.09737224] t:[-0.22824126 -1.12107898 -0.99654904  0.61239318  0.62674207  0.62554035
 -1.65267594  0.54529323  2.49242855 -0.64827908  1.24548605  0.31124667
 -0.73290013 -0.73291898 -1.74609402 -0.40469812  1.94995112 -1.19382227
  0.21140666  2.36887246  1.34663511 -0.77400081 -1.29388623  2.31716276
 -0.25073644 -0.23446691  0.83825854  0.83472014 -0.26083676  1.23433049
 -2.01189337  0.18064404]
[0.09731938] z:[0.09731938] t:[-0.2314047  -1.11528599 -0.99839491  0.6180302   0.63226979  0.62830709
 -1.64972781  0.54368178  2.48712241 -0.65306567  1.23476112  0.30971102
 -0.7370065  -0.73702032 -1.75503611 -0.4166299   1.95150136 -1.19268531
  0.22272452  2.36467663  1.34765564 -0.77066164 -1.28638015  2.3082718
 -0.25764866 -0.22992708  0.82876001  0.82481692 -0.2580015   1.23003584
 -2.01273169  0.18389156]
[0.09805468] z:[0.09805468] t:[-0.23195979 -1.12068576 -1.00577349  0.61876069  0.62958467  0.62706826
 -1.65359223  0.54166832  2.49128941 -0.64907849  1.23402212  0.31749509
 -0.73403137 -0.73405082 -1.75461306 -0.40950468  1.94898692 -1.19494541
  0.22685017  2.36847958  1.35796308 -0.76857795 -1.26904771  2.30161122
 -0.2590463  -0.23267408  0.84162191  0.83762736 -0.26085103  1.2363923
 -2.02315518  0.18434561]
[0.09764519] z:[0.09764519] t:[-0.23510883 -1.1201131  -1.00661195  0.63201346  0.63663927  0.6306804
 -1.65280577  0.54892794  2.48223931 -0.65754353  1.23254448  0.3276679
 -0.74291403 -0.74292897 -1.75401022 -0.41022268  1.94336169 -1.20100854
  0.2447181   2.36800642  1.37022138 -0.77008643 -1.27387424  2.30866473
 -0.26435193 -0.2250492   0.85340338  0.85021002 -0.25356262  1.23916892
 -2.014538    0.20294594]
[0.09712605] z:[0.09712605] t:[-0.23494596 -1.10722528 -1.01918802  0.62390629  0.63196042  0.6337037
 -1.64570325  0.55429721  2.48431054 -0.65617719  1.24224306  0.32235759
 -0.74072084 -0.74073763 -1.75265583 -0.41586018  1.94292287 -1.20129332
  0.24046177  2.35943993  1.35541218 -0.77718942 -1.27416199  2.29960683
 -0.25891828 -0.22653158  0.84294329  0.83832026 -0.25808021  1.2335641
 -2.00843718  0.20550196]
[0.09780946] z:[0.09780946] t:[-0.22324304 -1.11839293 -1.0104342   0.61851512  0.62905485  0.62391902
 -1.6614541   0.54411618  2.49572394 -0.64429194  1.22197862  0.30989573
 -0.73107213 -0.73108698 -1.7403353  -0.41080564  1.95088785 -1.19317467
  0.24258332  2.37253398  1.36024956 -0.78557482 -1.27153578  2.29787692
 -0.24898602 -0.22725093  0.83137759  0.82713857 -0.24400313  1.24810874
 -2.00793773  0.19321262]
[0.09763277] z:[0.09763277] t:[-0.22806185 -1.12293894 -1.02778177  0.62534299  0.63120495  0.62790675
 -1.65564116  0.54177166  2.48991403 -0.65003984  1.22861864  0.31278606
 -0.73138914 -0.73140457 -1.74990192 -0.40997922  1.94483928 -1.19914472
  0.24087473  2.3697633   1.35304845 -0.7893006  -1.26591063  2.28690215
 -0.25421897 -0.22251248  0.83886752  0.83448432 -0.25621989  1.23826394
 -2.02152948  0.19325825]
[0.09777255] z:[0.09777255] t:[-0.20549856 -1.09091874 -1.0354061   0.61647036  0.63105112  0.62643506
 -1.65052603  0.53712217  2.48934317 -0.65111262  1.19680137  0.29108178
 -0.73295195 -0.73295959 -1.76121373 -0.40350404  1.96030496 -1.18355405
  0.23374439  2.38663107  1.35008615 -0.78460104 -1.27270728  2.30165283
 -0.25411574 -0.23498819  0.83459344  0.83077721 -0.27566936  1.2389142
 -2.01695584  0.1891296 ]
[0.0980962] z:[0.0980962] t:[-0.22718912 -1.10148207 -1.08291429  0.62439533  0.62836121  0.62630892
 -1.64300663  0.54161982  2.48775576 -0.65300716  1.226539    0.31078327
 -0.73502028 -0.73504056 -1.75345244 -0.409481    1.9445689  -1.19923086
  0.23450629  2.37461758  1.34853729 -0.77842054 -1.27069857  2.31448953
 -0.25450739 -0.22558107  0.84359665  0.83922453 -0.26097336  1.23070033
 -2.00958388  0.19465401]
[0.09746645] z:[0.09746645] t:[-0.23186356 -1.07831412 -1.15356816  0.64687644  0.63954405  0.63689829
 -1.6336268   0.5510318   2.47884786 -0.66136318  1.21114334  0.30562864
 -0.74982133 -0.74983501 -1.76122945 -0.4062559   1.95897999 -1.18506474
  0.235518    2.37200217  1.36067242 -0.76483318 -1.27551609  2.31616279
 -0.24452566 -0.21750636  0.84782645  0.84277479 -0.25070356  1.23680376
 -2.00998796  0.2028725 ]
[0.09744542] z:[0.09744542] t:[-0.23023974 -1.08986393 -1.20390945  0.63759924  0.62734295  0.6246806
 -1.64590464  0.54272506  2.47864989 -0.6620749   1.19503829  0.29534025
 -0.74124684 -0.74126454 -1.7570157  -0.40971946  1.94636393 -1.19774384
  0.24409933  2.36747367  1.36884796 -0.77122106 -1.27208805  2.32437707
 -0.25139329 -0.21737914  0.84905538  0.84520953 -0.25232457  1.24330842
 -2.01680715  0.20796647]
[0.097313] z:[0.097313] t:[-0.22286498 -1.08564733 -1.21256127  0.64286723  0.63433302  0.62779196
 -1.64559531  0.54791049  2.48539891 -0.65504416  1.18838396  0.29309288
 -0.73964647 -0.73965462 -1.75420374 -0.4142913   1.9488312  -1.19512602
  0.24557543  2.37300029  1.36001654 -0.77845067 -1.273354    2.32181082
 -0.25271117 -0.22192889  0.84271139  0.83856145 -0.25503994  1.23910781
 -1.99661072  0.20710698]
[0.09764138] z:[0.09764138] t:[-0.22943179 -1.0920908  -1.21334035  0.64086861  0.62482096  0.62152902
 -1.65023977  0.54934161  2.48648253 -0.654302    1.18854751  0.29592646
 -0.74475304 -0.74477473 -1.75585814 -0.415534    1.94404376 -1.19995216
  0.23426551  2.36683838  1.36419345 -0.76967794 -1.27842489  2.33506643
 -0.2498708  -0.21694665  0.83333434  0.82824195 -0.25524693  1.23026324
 -2.0098575   0.19544697]
[0.097572] z:[0.097572] t:[-0.23343998 -1.08942986 -1.21960729  0.64696011  0.63125433  0.62359826
 -1.65319378  0.54759592  2.49397631 -0.6455982   1.1904547   0.29687197
 -0.7335571  -0.73356484 -1.74979754 -0.42434606  1.95185    -1.19237228
  0.23122174  2.37197289  1.35002458 -0.76854922 -1.28799243  2.32568794
 -0.24917128 -0.209597    0.81980333  0.81633163 -0.24570687  1.23589228
 -2.01143727  0.21337017]
[0.09713476] z:[0.09713476] t:[-0.21125161 -1.09321019 -1.21882006  0.64073809  0.63043289  0.62563037
 -1.65270854  0.53679425  2.48838786 -0.6520883   1.16796436  0.28040322
 -0.73645206 -0.73646466 -1.75459591 -0.42100233  1.95164426 -1.19209958
  0.24098996  2.37471191  1.36576054 -0.77484585 -1.28294792  2.32385967
 -0.2460221  -0.21307546  0.8447259   0.83945357 -0.26081278  1.23373745
 -2.00795321  0.2169537 ]
[0.09705192] z:[0.09705192] t:[-0.21584878 -1.09270834 -1.21790273  0.64074827  0.62750139  0.62175322
 -1.6511529   0.53090461  2.48556194 -0.65470216  1.15494894  0.27180475
 -0.73482424 -0.73483397 -1.76372265 -0.41454693  1.95249947 -1.19150008
  0.2483873   2.37803264  1.35462783 -0.77970193 -1.28540175  2.32914147
 -0.26178963 -0.21077007  0.82941743  0.82486988 -0.26291881  1.23323083
 -2.0046936   0.20517182]
[0.097392] z:[0.097392] t:[-0.21196104 -1.10136874 -1.21783145  0.63913189  0.62784202  0.6236154
 -1.64979567  0.51855251  2.49285005 -0.64761853  1.15382859  0.26412431
 -0.72998969 -0.73001281 -1.76529947 -0.40752031  1.95434193 -1.18944776
  0.22847689  2.37225887  1.36054564 -0.78253709 -1.29184327  2.31241103
 -0.2430809  -0.2165833   0.83385476  0.83008526 -0.26342416  1.24262047
 -2.0059972   0.17887124]
[0.09706855] z:[0.09706855] t:[-0.21705996 -1.09687275 -1.20998796  0.64584844  0.63101873  0.62466079
 -1.64846825  0.54223546  2.48477661 -0.65531663  1.139211    0.26720868
 -0.73296537 -0.73297666 -1.75823571 -0.41627279  1.95182374 -1.1923325
  0.23754029  2.37111988  1.36730581 -0.77958341 -1.28939292  2.32746018
 -0.25195612 -0.19530892  0.8408855   0.83640548 -0.24884903  1.23595122
 -2.00614575  0.20488373]
[0.09692197] z:[0.09692197] t:[-0.22164506 -1.10613291 -1.21680795  0.64139686  0.6224169   0.61813935
 -1.64171686  0.5297469   2.48055928 -0.66009294  1.12468487  0.25079046
 -0.73900398 -0.73901812 -1.76747954 -0.41952567  1.94380807 -1.19996716
  0.23838436  2.36683516  1.35463508 -0.78060177 -1.28703165  2.31990705
 -0.25830346 -0.2165202   0.8481872   0.84350241 -0.27189559  1.22344459
 -2.01139553  0.21561223]
[0.09716486] z:[0.09716486] t:[-0.21528609 -1.10559058 -1.21956556  0.63795618  0.62546506  0.62129667
 -1.64305748  0.528949    2.48659308 -0.65402845  1.11908859  0.25409938
 -0.73721741 -0.73723363 -1.76519296 -0.42098392  1.94495628 -1.19881538
  0.24008982  2.36649028  1.35492657 -0.78400064 -1.29324119  2.32757118
 -0.25691234 -0.20744853  0.84411284  0.83838839 -0.27503155  1.21655763
 -2.01757373  0.2021569 ]
[0.09693028] z:[0.09693028] t:[-0.21912501 -1.10157598 -1.21900686  0.62775278  0.63048826  0.62647613
 -1.65478799  0.53949614  2.49317348 -0.64732896  1.11384022  0.24579808
 -0.73691391 -0.73692549 -1.76084055 -0.422263    1.95104596 -1.19272767
  0.23187045  2.36666583  1.36238342 -0.78943524 -1.28896589  2.30468432
 -0.24705911 -0.20778788  0.83016816  0.82633194 -0.26113284  1.20965271
 -2.01397736  0.19795022]
[0.09744933] z:[0.09744933] t:[-0.21180271 -1.1063619  -1.22867722  0.6403468   0.62843395  0.62196557
 -1.65495186  0.52382972  2.48884634 -0.65102139  1.09727691  0.23390138
 -0.73425622 -0.73426685 -1.76530416 -0.43462829  1.95649612 -1.18737124
  0.24127322  2.37634163  1.36632965 -0.78798392 -1.28796276  2.31566247
 -0.24940527 -0.21263436  0.83673346  0.83262216 -0.27323421  1.21685284
 -2.01238558  0.20310122]
[0.09726679] z:[0.09726679] t:[-0.21391097 -1.13313925 -1.22203048  0.65379321  0.63224384  0.62392198
 -1.6630008   0.5315736   2.49277249 -0.64739325  1.11103421  0.25645103
 -0.7273656  -0.72737674 -1.75143018 -0.43177819  1.94363897 -1.20008175
  0.24116023  2.39020293  1.36104187 -0.78090497 -1.29538918  2.31283394
 -0.26783947 -0.1976473   0.83179181  0.82663127 -0.26167964  1.19755016
 -2.01177506  0.20871815]
[0.09655334] z:[0.09655334] t:[-0.21202543 -1.12128444 -1.22158619  0.65631269  0.62982087  0.62581306
 -1.64103995  0.52305309  2.48774281 -0.6526349   1.09852066  0.23714933
 -0.73179589 -0.73180832 -1.75968077 -0.4311902   1.94722451 -1.1962725
  0.24426591  2.37957048  1.36127332 -0.78371466 -1.28867161  2.31389837
 -0.24961083 -0.19266781  0.84389413  0.83941518 -0.28002317  1.17137799
 -1.99792224  0.20046334]
[0.09677487] z:[0.09677487] t:[-0.21455104 -1.12209145 -1.21715376  0.66494036  0.63523201  0.62853904
 -1.64749208  0.5203236   2.48981418 -0.65031779  1.08894178  0.23442858
 -0.73206233 -0.73207461 -1.76730698 -0.41995719  1.94931364 -1.19433523
  0.23885433  2.37555556  1.37066682 -0.78466165 -1.28985454  2.31927471
 -0.24385377 -0.1966911   0.84859475  0.84373359 -0.30282112  1.16095599
 -1.98287695  0.1849319 ]
[0.09645242] z:[0.09645242] t:[-0.21710347 -1.11198373 -1.21550031  0.65583953  0.6244311   0.61911815
 -1.64953162  0.53853805  2.48526693 -0.65485328  1.08037163  0.21767213
 -0.73580092 -0.73580854 -1.76719904 -0.43268222  1.95238574 -1.19187236
  0.24193541  2.37827317  1.36985753 -0.77387913 -1.29428645  2.33257361
 -0.25066765 -0.19925205  0.83209204  0.82739262 -0.31647126  1.11380633
 -1.96304609  0.17871701]
[0.09608772] z:[0.09608772] t:[-0.19407306 -1.11189998 -1.23410437  0.64985798  0.6294403   0.62257098
 -1.64968956  0.51315085  2.49232795 -0.64783007  1.06828166  0.20813123
 -0.72440751 -0.72441418 -1.77011728 -0.42496621  1.95908339 -1.18465764
  0.23545456  2.38443198  1.35540461 -0.79733015 -1.3060567   2.32043715
 -0.25356681 -0.20735743  0.81740407  0.81097955 -0.35922341  1.04400621
 -1.94025331  0.15481504]
[0.09626804] z:[0.09626804] t:[-0.20410748 -1.11703243 -1.21490306  0.6533834   0.63545808  0.62894234
 -1.64900879  0.53270891  2.48340972 -0.65658764  1.06750676  0.20806238
 -0.73269972 -0.73269924 -1.77410079 -0.43879237  1.95455824 -1.1895864
  0.23617824  2.38517391  1.35861186 -0.79360193 -1.31039092  2.31876706
 -0.26702889 -0.20195621  0.81090406  0.80378949 -0.36243089  1.00210099
 -1.94355945  0.12896134]
[0.09642338] z:[0.09642338] t:[-0.19767865 -1.12351968 -1.24193067  0.67130306  0.62346813  0.61613476
 -1.65325975  0.50757284  2.49786972 -0.64295593  1.06751178  0.21254375
 -0.72039862 -0.72040967 -1.76487544 -0.42506419  1.94847077 -1.19515791
  0.23406235  2.3839162   1.34579988 -0.81275238 -1.32288812  2.31850184
 -0.25078395 -0.21087267  0.81380164  0.80824946 -0.38977065  0.95308961
 -1.92420934  0.08574414]
[0.09614016] z:[0.09614016] t:[-0.20462477 -1.13890147 -1.22201375  0.65507023  0.62955332  0.62715298
 -1.63829295  0.50377779  2.48712217 -0.65347148  1.06501566  0.19970923
 -0.72300238 -0.72302075 -1.77687845 -0.42560197  1.95111269 -1.19234616
  0.22589838  2.37875573  1.35703596 -0.80651519 -1.32610261  2.31261708
 -0.27455482 -0.22389231  0.81627329  0.80998153 -0.35570722  0.91590556
 -1.93996022  0.0446541 ]
[0.09616021] z:[0.09616021] t:[-0.20382929 -1.13371625 -1.217046    0.66132921  0.6263811   0.61638717
 -1.65911303  0.50927025  2.49969738 -0.6403261   1.06313806  0.20804738
 -0.71945269 -0.71946889 -1.77090432 -0.43719451  1.94994298 -1.19389095
  0.23063701  2.38018985  1.35660925 -0.82219207 -1.33835992  2.30073329
 -0.26019926 -0.20318334  0.80215317  0.79720247 -0.31677683  0.87155648
 -1.94337973  0.01414137]
[0.095612] z:[0.095612] t:[-0.20380598 -1.13252642 -1.23511549  0.66137721  0.62790378  0.62224062
 -1.63618974  0.49932996  2.4897589  -0.65086812  1.06190733  0.18845727
 -0.72458581 -0.72459714 -1.78066517 -0.44166297  1.9506447  -1.19285929
  0.22341635  2.38521467  1.35470139 -0.82708189 -1.35614946  2.30385742
 -0.28571116 -0.22048111  0.83177678  0.82655675 -0.30550762  0.78285836
 -1.92963988 -0.02560732]
[0.09563537] z:[0.09563537] t:[-0.19662171 -1.12322756 -1.22195098  0.67186352  0.62809948  0.61830085
 -1.65328694  0.51417177  2.4939319  -0.64648044  1.0554639   0.19683575
 -0.72274015 -0.72274633 -1.77016968 -0.43442821  1.95596341 -1.18805887
  0.23435771  2.38923015  1.35122103 -0.83949564 -1.37120344  2.30472705
 -0.29726198 -0.21382038  0.84036693  0.83569756 -0.27686051  0.69436995
 -1.91370843 -0.04818001]
[0.09621058] z:[0.09621058] t:[-0.20062914 -1.14093518 -1.22022887  0.66724013  0.62968912  0.62322728
 -1.64077801  0.50682357  2.48950414 -0.65067906  1.05395703  0.19190474
 -0.72911618 -0.72912709 -1.78633465 -0.43307414  1.95026045 -1.19352586
  0.22730936  2.38671202  1.35214755 -0.83003492 -1.38100258  2.28700951
 -0.30567422 -0.19762795  0.86444265  0.85927948 -0.28453061  0.6440948
 -1.92178843 -0.09419449]
[0.09588489] z:[0.09588489] t:[-0.20539366 -1.15011471 -1.21604902  0.66909393  0.6260925   0.62245806
 -1.64492188  0.51345048  2.48858881 -0.65209219  1.05560748  0.1884521
 -0.73175272 -0.73176969 -1.78627801 -0.44553468  1.94323234 -1.20089612
  0.23281491  2.38421259  1.3418399  -0.82843446 -1.39422579  2.28087761
 -0.30789414 -0.18557865  0.88762468  0.88213893 -0.28593271  0.61135189
 -1.91535668 -0.09966506]
[0.09553804] z:[0.09553804] t:[-0.21154324 -1.15972916 -1.20198976  0.67916655  0.64395677  0.63972645
 -1.64373146  0.52499129  2.48714863 -0.65332866  1.05240603  0.19089083
 -0.73862436 -0.73864178 -1.80058846 -0.44527178  1.95000356 -1.19386283
  0.23755478  2.38458317  1.35918198 -0.83887058 -1.39996652  2.27305051
 -0.30455353 -0.16349954  0.89769815  0.89135435 -0.27534231  0.60173641
 -1.91470778 -0.09982058]
[0.09535948] z:[0.09535948] t:[-0.21755912 -1.17323858 -1.19561312  0.68779069  0.64301151  0.6389648
 -1.63516188  0.52904852  2.4786383  -0.66186747  1.06535     0.18357584
 -0.74350762 -0.74352141 -1.80271429 -0.44998104  1.9449419  -1.19894905
  0.24681268  2.38243072  1.35464059 -0.84511736 -1.39796748  2.26722906
 -0.29569215 -0.14661557  0.91855802  0.91136848 -0.26478007  0.61266926
 -1.90323443 -0.11455633]
[0.09661196] z:[0.09661196] t:[-0.21037993 -1.15877859 -1.20503747  0.67563761  0.63474659  0.63288625
 -1.64614722  0.51616014  2.48826014 -0.65244523  1.05166966  0.17604497
 -0.73547185 -0.73549221 -1.80392545 -0.44796161  1.94596165 -1.19795152
  0.24189711  2.38423684  1.34705606 -0.85292837 -1.37191432  2.2521646
 -0.28329604 -0.12690886  0.91879005  0.91143476 -0.27319484  0.60293778
 -1.91700011 -0.12570836]
[0.09562342] z:[0.09562342] t:[-0.22128096 -1.17458167 -1.20465783  0.67191972  0.62768073  0.62335894
 -1.64027063  0.51916803  2.48237151 -0.65815464  1.05714278  0.16833614
 -0.74617633 -0.74619827 -1.73104089 -0.42383648  1.94539231 -1.1984959
  0.2294212   2.38187321  1.35746301 -0.83991064 -1.36772994  2.24696489
 -0.274312   -0.1192188   0.9299191   0.92222155 -0.25634504  0.61942924
 -1.90284702 -0.11373381]
[0.09548289] z:[0.09548289] t:[-0.22877919 -1.16804053 -1.21521564  0.67627356  0.63157969  0.62632915
 -1.63977849  0.50842783  2.48746498 -0.653115    1.04440294  0.16816662
 -0.74653024 -0.74655142 -1.62607621 -0.38018709  1.95541565 -1.18836968
  0.22516281  2.38870968  1.34630368 -0.83817406 -1.3754397   2.24396245
 -0.26880941 -0.11025606  0.92689737  0.9201382  -0.26757405  0.60797751
 -1.9100797  -0.12042315]
[0.09549467] z:[0.09549467] t:[-0.24258643 -1.18554319 -1.21966383  0.68847996  0.63461478  0.62802199
 -1.6344078   0.50702687  2.49086468 -0.6500728   1.04476039  0.1663427
 -0.74875188 -0.74877447 -1.54879016 -0.32576283  1.94701529 -1.19651061
  0.23013731  2.3890639   1.34729835 -0.83191145 -1.38548503  2.25539963
 -0.25445075 -0.08893206  0.93884949  0.93042872 -0.2698702   0.61383366
 -1.8997247  -0.11930039]
[0.09556679] z:[0.09556679] t:[-0.26530889 -1.19036574 -1.23029063  0.68610793  0.63809158  0.62985552
 -1.6436903   0.49649284  2.4914216  -0.6488709   1.02841267  0.163052
 -0.74301996 -0.74304859 -1.4807829  -0.28657655  1.96895435 -1.17479688
  0.2310105   2.40613329  1.37506029 -0.84402294 -1.38505415  2.26222407
 -0.24988632 -0.08446558  0.94308571  0.93430349 -0.26671259  0.6043014
 -1.90590211 -0.11839539]
[0.09490045] z:[0.09490045] t:[-0.30340539 -1.23322646 -1.22324774  0.69227538  0.62974611  0.62466727
 -1.64693019  0.51889073  2.48503231 -0.65616829  1.05592822  0.16845852
 -0.74404018 -0.74406072 -1.41875433 -0.26184967  1.94198363 -1.20154547
  0.23776397  2.39624623  1.34610957 -0.83095397 -1.41770861  2.26436134
 -0.23208321 -0.05016902  0.95422396  0.94543567 -0.27937501  0.60321726
 -1.895491   -0.1181674 ]
[0.0953294] z:[0.0953294] t:[-0.34132538 -1.25397375 -1.23088556  0.67108205  0.62628392  0.61751958
 -1.66500163  0.51021504  2.50227659 -0.63829942  1.03760691  0.1587607
 -0.74361003 -0.74362063 -1.36360292 -0.24852692  1.95169632 -1.1918913
  0.23447369  2.39295452  1.34929101 -0.8718082  -1.40181009  2.23180219
 -0.22799107 -0.0431631   0.94277711  0.93442124 -0.26265197  0.60776696
 -1.90563308 -0.12957585]
[0.09528416] z:[0.09528416] t:[-0.39362705 -1.26998891 -1.22034018  0.68571492  0.63566659  0.63086596
 -1.65505289  0.51162757  2.49681007 -0.64370544  1.03530866  0.17001485
 -0.74453084 -0.74455269 -1.31627066 -0.23598431  1.94839281 -1.19520579
  0.23763434  2.38871221  1.3598805  -0.86071835 -1.4021981   2.22204174
 -0.22941492 -0.02827823  0.95359     0.94392223 -0.27480803  0.59371897
 -1.91017038 -0.12577535]
[0.09522321] z:[0.09522321] t:[-0.45371795 -1.27356441 -1.22470972  0.68843928  0.63967683  0.63100317
 -1.64801839  0.51901985  2.48673281 -0.65375     1.04011174  0.15182375
 -0.75515123 -0.75517425 -1.27474301 -0.21810913  1.95387959 -1.19008625
  0.2396196   2.39149061  1.35243664 -0.85054453 -1.39177009  2.21834073
 -0.23664945 -0.03518303  0.95277078  0.94188924 -0.25827956  0.59571159
 -1.89590657 -0.12500492]
[0.0953789] z:[0.0953789] t:[-0.51123994 -1.28023293 -1.22646952  0.67942005  0.63091397  0.62432684
 -1.65905186  0.51840838  2.4977712  -0.64281038  1.04399355  0.16061424
 -0.74391957 -0.74394803 -1.23260823 -0.22413647  1.94268661 -1.20115033
  0.23380456  2.38728629  1.35465056 -0.86573065 -1.39385268  2.19865962
 -0.23140085 -0.01388905  0.95453908  0.94485899 -0.26171635  0.59582469
 -1.90200454 -0.14483697]
[0.09484342] z:[0.09484342] t:[-0.56387323 -1.27551442 -1.22563304  0.68260599  0.63060757  0.62447356
 -1.64463267  0.50951828  2.49301467 -0.64777348  1.03011322  0.14501392
 -0.74579334 -0.74582081 -1.1892317  -0.21510961  1.95399793 -1.1895346
  0.22573622  2.3955616   1.35019937 -0.87137552 -1.36036907  2.19975013
 -0.25369618 -0.00391627  0.95779501  0.94659303 -0.26675727  0.59387448
 -1.91065965 -0.13436392]
[0.09502078] z:[0.09502078] t:[-0.60817765 -1.28032971 -1.22071118  0.68817226  0.63733349  0.63020102
 -1.64980495  0.51836572  2.48935721 -0.65122512  1.03845176  0.1503856
 -0.74101132 -0.74103894 -1.14833018 -0.21334995  1.94301447 -1.20059035
  0.24454424  2.39520453  1.35913186 -0.87637402 -1.34546568  2.20690057
 -0.27739657  0.02677526  0.96831085  0.95749451 -0.27744408  0.58659923
 -1.91144435 -0.1425026 ]
[0.09467811] z:[0.09467811] t:[-0.6448607  -1.27402299 -1.22835057  0.68351352  0.63944143  0.63180652
 -1.64121345  0.50789416  2.49079595 -0.64954066  1.02256269  0.12777886
 -0.74333773 -0.74336221 -1.12113905 -0.20286653  1.96190527 -1.18171917
  0.23573164  2.39906466  1.36675499 -0.88367055 -1.33858836  2.21591942
 -0.3135227   0.01606582  0.96689095  0.95610556 -0.26493068  0.59130328
 -1.90223853 -0.14239441]
[0.09491166] z:[0.09491166] t:[-0.66992326 -1.2742951  -1.23609959  0.69650843  0.63435556  0.62582292
 -1.64891817  0.50631569  2.49426772 -0.64651633  1.02211131  0.13511196
 -0.74573018 -0.74575436 -1.10164255 -0.19250662  1.9604338  -1.18311025
  0.23423913  2.39410775  1.36263778 -0.87755924 -1.34170397  2.22759577
 -0.36194978  0.01112855  0.96095144  0.94984171 -0.26147742  0.5921245
 -1.89166349 -0.14339943]
[0.09496076] z:[0.09496076] t:[-0.69250205 -1.28192113 -1.22082671  0.70085297  0.63563556  0.63155686
 -1.6461717   0.51975343  2.49248072 -0.64857351  1.03282577  0.12789394
 -0.75336777 -0.75340194 -1.08726308 -0.1873514   1.95166331 -1.19181064
  0.22984095  2.39088285  1.36550231 -0.85919622 -1.34321277  2.24508315
 -0.39629884  0.01093468  0.97681731  0.96539861 -0.26070772  0.59751648
 -1.89525514 -0.14813885]
[0.09415438] z:[0.09415438] t:[-0.70278694 -1.28107427 -1.21964843  0.6945309   0.64199393  0.63663451
 -1.64004218  0.51574317  2.48850855 -0.65204729  1.01938952  0.12236679
 -0.74977885 -0.74980126 -1.07567527 -0.18395676  1.95949067 -1.18396615
  0.23297146  2.3934889   1.3590631  -0.86734232 -1.35219916  2.25829645
 -0.43910134  0.02793034  0.97247072  0.96117252 -0.27040931  0.59277112
 -1.89822583 -0.14665575]
[0.0945023] z:[0.0945023] t:[-0.70188342 -1.28416175 -1.22128875  0.69901463  0.64160976  0.6367315
 -1.64410872  0.52012134  2.49082075 -0.64972731  1.02780995  0.11286099
 -0.74771998 -0.74774757 -1.06996009 -0.17927152  1.95403248 -1.18965879
  0.23827019  2.38918312  1.36105327 -0.87081016 -1.35501347  2.27061302
 -0.47892431  0.02294287  0.9721293   0.96019489 -0.27299019  0.57550062
 -1.90594675 -0.15137632]
[0.09402947] z:[0.09402947] t:[-0.70797308 -1.28137611 -1.22187591  0.68806813  0.63146338  0.62502618
 -1.65447036  0.51634626  2.49221909 -0.64825696  1.02133658  0.12460749
 -0.74038713 -0.74041252 -1.05772579 -0.17555148  1.95509022 -1.1887081
  0.2366542   2.39064932  1.3526621  -0.8921625  -1.35709598  2.26763229
 -0.49935754  0.03343049  0.96505387  0.95396553 -0.27015057  0.57397932
 -1.90648919 -0.1431519 ]
[0.09399631] z:[0.09399631] t:[-0.71152488 -1.27693232 -1.22874938  0.68505289  0.63045999  0.62517077
 -1.64176723  0.5096487   2.49284491 -0.64765116  1.01643701  0.11536653
 -0.74152655 -0.74154615 -1.07127133 -0.16609259  1.96052558 -1.18285904
  0.23602369  2.39542198  1.35490013 -0.88905826 -1.35558952  2.27355381
 -0.5032145   0.02767005  0.97632177  0.96579412 -0.2606715   0.5895265
 -1.89006699 -0.13864567]
[0.09398609] z:[0.09398609] t:[-0.70854575 -1.27901897 -1.22487197  0.68991129  0.62712205  0.6212961
 -1.65060138  0.51818513  2.49490837 -0.64597289  1.02298194  0.11115174
 -0.73385985 -0.73388547 -1.07730639 -0.17323695  1.9528661  -1.19079765
  0.23014183  2.39682237  1.35295964 -0.87756743 -1.35828593  2.27553302
 -0.51708124  0.02936013  0.97142348  0.96050547 -0.26375201  0.58835814
 -1.89545027 -0.14589072]
[0.09392957] z:[0.09392957] t:[-0.71506133 -1.28066557 -1.21812879  0.69806885  0.64052824  0.63347927
 -1.6427817   0.52215244  2.48861416 -0.65185579  1.01761309  0.11916634
 -0.74463994 -0.74466398 -1.06699805 -0.16813036  1.96282553 -1.18080614
  0.22178042  2.39779193  1.36289348 -0.8792169  -1.35186724  2.27245269
 -0.50957399  0.02690027  0.97222973  0.96090442 -0.26177885  0.5819844
 -1.89955144 -0.13530087]
[0.09402925] z:[0.09402925] t:[-0.71642622 -1.28211284 -1.23156618  0.69988363  0.63024783  0.6233541
 -1.63450926  0.51129574  2.48972901 -0.65078466  1.01979701  0.15099248
 -0.7471197  -0.74713804 -1.07454837 -0.17214993  1.9574678  -1.18591071
  0.23391369  2.39195576  1.35584406 -0.87922256 -1.36227978  2.26831552
 -0.51216909  0.01661617  0.98803135  0.97663306 -0.27025128  0.5843373
 -1.89816007 -0.14627245]
[0.09401021] z:[0.09401021] t:[-0.71813777 -1.28704313 -1.213315    0.69557889  0.63622061  0.63290471
 -1.64586116  0.52590609  2.488734   -0.65186932  1.02063277  0.2207362
 -0.74264835 -0.74267559 -1.06825476 -0.17996688  1.95391579 -1.18996097
  0.23269061  2.38810727  1.36250587 -0.87432979 -1.34978001  2.27039065
 -0.50670363  0.00729352  0.98161083  0.97066735 -0.2627021   0.59035061
 -1.89584016 -0.14877424]
[0.09323603] z:[0.09323603] t:[-0.70925645 -1.29666435 -1.20435749  0.7085504   0.63112946  0.62780484
 -1.63767992  0.54018581  2.48220679 -0.65874808  1.0363697   0.30146594
 -0.74935344 -0.74938225 -1.07590046 -0.17883804  1.94165601 -1.20182907
  0.24010071  2.38460577  1.34235264 -0.87042947 -1.35568996  2.26518091
 -0.52813523  0.03257225  0.98681155  0.9754683  -0.27297501  0.58860901
 -1.89334104 -0.15003779]
[0.09365183] z:[0.09365183] t:[-0.70969926 -1.2918515  -1.21739791  0.70003188  0.63562484  0.63011104
 -1.65357909  0.52429346  2.49511533 -0.64569403  1.03416256  0.34679376
 -0.73773946 -0.73777077 -1.06428137 -0.17487174  1.94947063 -1.19421995
  0.23732483  2.38571808  1.35579133 -0.89739786 -1.34888762  2.26336786
 -0.5169153   0.17429968  0.98883688  0.97668524 -0.25799076  0.58852896
 -1.89425023 -0.14748861]
[0.09281928] z:[0.09281928] t:[-0.71064453 -1.2898825  -1.2292274   0.69995409  0.63008986  0.62447618
 -1.65053152  0.52114267  2.4960218  -0.64474916  1.02582704  0.37815134
 -0.73437476 -0.7344015  -1.07196763 -0.17135222  1.9426525  -1.20070069
  0.23516561  2.3831921   1.33952146 -0.89769164 -1.35529038  2.27038897
 -0.49860191  0.29580453  1.00489549  0.99268073 -0.27262599  0.58290701
 -1.90235845 -0.15065421]
[0.09254954] z:[0.09254954] t:[-0.70086613 -1.29793871 -1.2124077   0.72063866  0.64088938  0.63470012
 -1.64409807  0.53581542  2.48480168 -0.6559109   1.03576324  0.40423442
 -0.74931081 -0.74933552 -1.07479187 -0.18015126  1.94674949 -1.1964027
  0.24722422  2.37972407  1.35448797 -0.88833747 -1.35160591  2.2720211
 -0.52452281  0.37635354  1.02726509  1.01519519 -0.27169133  0.5773911
 -1.88536952 -0.15422156]
[0.09283242] z:[0.09283242] t:[-0.71589169 -1.284537   -1.21323685  0.71468645  0.64618957  0.63830901
 -1.63043292  0.52129886  2.47849028 -0.66200399  1.01940659  0.40651639
 -0.75459446 -0.75462568 -1.08372832 -0.16391028  1.97606483 -1.16779989
  0.24051711  2.4022387   1.37666061 -0.8816681  -1.31123813  2.27047645
 -0.57690405  0.42664246  1.04222258  1.02936644 -0.24891082  0.59132137
 -1.88687817 -0.15775158]
[0.09209475] z:[0.09209475] t:[-0.71197382 -1.28194039 -1.20493018  0.7199159   0.65260505  0.64682061
 -1.63703366  0.53062838  2.48284297 -0.65777585  1.01551324  0.4159433
 -0.75118628 -0.75121462 -1.07089957 -0.17031523  1.97130843 -1.1723818
  0.24381511  2.40149311  1.37125025 -0.86987734 -1.31562693  2.27831246
 -0.64304588  0.4589135   1.06563668  1.05368551 -0.25389038  0.57928608
 -1.89339949 -0.16075264]
[0.09243517] z:[0.09243517] t:[-0.70738792 -1.28529384 -1.23316255  0.72306441  0.62684538  0.62080038
 -1.65190362  0.51279545  2.50049489 -0.64040606  1.02175291  0.43062255
 -0.73423007 -0.73425677 -1.08140251 -0.16270528  1.95014238 -1.1930737
  0.25284235  2.39282926  1.34910171 -0.89004356 -1.32605409  2.2606946
 -0.67902567  0.48971426  1.08729843  1.07692279 -0.2701455   0.57947699
 -1.89036827 -0.15109795]
[0.09180797] z:[0.09180797] t:[-0.6992284  -1.28659439 -1.21521998  0.72415439  0.64226863  0.63626532
 -1.64499109  0.52108625  2.49493438 -0.64551818  1.02213195  0.43586221
 -0.74145952 -0.74148359 -1.07253124 -0.16165211  1.9674143  -1.17575521
  0.26265783  2.39725608  1.36853316 -0.89421608 -1.31875207  2.2645189
 -0.7049328   0.51460015  1.10371333  1.09432038 -0.27215952  0.57956508
 -1.900724   -0.15137692]
[0.09196504] z:[0.09196504] t:[-0.70982593 -1.29013193 -1.22194918  0.71262932  0.62495773  0.62310845
 -1.64236053  0.52216584  2.49386028 -0.64725379  1.03006154  0.43174098
 -0.73681084 -0.73684351 -1.0972099  -0.15713952  1.95700467 -1.18614126
  0.257512    2.39559569  1.34830553 -0.87301471 -1.3179371   2.26737538
 -0.68915773  0.54350812  1.11454195  1.10610999 -0.26285581  0.57514176
 -1.89605364 -0.14768476]
[0.09187177] z:[0.09187177] t:[-0.712312   -1.29588275 -1.2127114   0.72602234  0.63175583  0.62795175
 -1.64169784  0.52742613  2.48872435 -0.65212692  1.029721    0.43102531
 -0.74216072 -0.74219398 -1.07860498 -0.16024905  1.95646358 -1.18712095
  0.25540172  2.39488088  1.36350819 -0.85089999 -1.31617466  2.28229574
 -0.70117857  0.57481303  1.11713919  1.10965405 -0.26935854  0.57815338
 -1.88524451 -0.15147789]
[0.09238548] z:[0.09238548] t:[-0.70933798 -1.27838084 -1.21896085  0.72019011  0.63450234  0.62953186
 -1.64770223  0.51951506  2.50553088 -0.63530664  1.0267384   0.4361726
 -0.73526567 -0.73529417 -1.06499688 -0.14987926  1.96344553 -1.17975376
  0.25051781  2.4091467   1.35722366 -0.86591908 -1.31729724  2.26990621
 -0.70497789  0.60310239  1.10665187  1.09985749 -0.27140452  0.56216999
 -1.90254755 -0.15280953]
[0.09179833] z:[0.09179833] t:[-0.71407984 -1.29018366 -1.20867172  0.73512442  0.63733689  0.63354429
 -1.62341087  0.53044627  2.47933336 -0.66193254  1.03585474  0.4438141
 -0.74839137 -0.74842445 -1.08580703 -0.15535255  1.94688298 -1.19654479
  0.25241839  2.41261611  1.35655943 -0.82869317 -1.32262426  2.29779871
 -0.70234518  0.62305547  1.11589226  1.10700679 -0.28232604  0.56747095
 -1.88624374 -0.15701874]
[0.09189808] z:[0.09189808] t:[-0.71119723 -1.29480495 -1.20852646  0.73757083  0.63534766  0.63131898
 -1.64039991  0.53717475  2.4904665  -0.6506054   1.02948705  0.45249871
 -0.7483962  -0.74842877 -1.0751726  -0.16528985  1.95031171 -1.19328651
  0.2506221   2.40846058  1.35079451 -0.84081988 -1.32289671  2.29154032
 -0.69542623  0.64262842  1.11521223  1.10754372 -0.26360431  0.58036545
 -1.88879303 -0.15636911]
[0.09225007] z:[0.09225007] t:[-0.70968499 -1.30147196 -1.20054781  0.73178046  0.63319869  0.6278781
 -1.65360983  0.54255528  2.49340546 -0.64680935  1.03058411  0.45699702
 -0.75570192 -0.75572061 -1.06722096 -0.17502508  1.95363063 -1.19011887
  0.2474255   2.40516292  1.35276371 -0.83558626 -1.32300358  2.2861719
 -0.69850795  0.65243476  1.11820883  1.11063841 -0.26593202  0.57941266
 -1.89493405 -0.16136812]
[0.09244418] z:[0.09244418] t:[-0.71479365 -1.29556654 -1.20842104  0.73560167  0.64069954  0.63058812
 -1.64075964  0.53332944  2.49945687 -0.64132956  1.03154106  0.4555751
 -0.74136751 -0.74139232 -1.08448447 -0.17327306  1.95633503 -1.18719135
  0.25574439  2.4010475   1.34809956 -0.83998811 -1.31698746  2.26925026
 -0.70101898  0.6624754   1.11769479  1.11033204 -0.25432238  0.58149833
 -1.88812066 -0.16577711]
[0.09192943] z:[0.09192943] t:[-0.70763304 -1.29689112 -1.20860204  0.74021644  0.62717323  0.62477526
 -1.6343673   0.53029055  2.48511004 -0.65577696  1.02995652  0.45233049
 -0.74479565 -0.74482214 -1.08439293 -0.17149697  1.95091415 -1.19261657
  0.25823026  2.39824739  1.35174735 -0.8317375  -1.3124828   2.27372588
 -0.69861907  0.67224283  1.12079181  1.11314253 -0.26933311  0.58234599
 -1.88855021 -0.16506391]
[0.0920242] z:[0.0920242] t:[-0.71237363 -1.29098929 -1.21092644  0.72578924  0.63267351  0.62779577
 -1.64224629  0.52306749  2.48928463 -0.65112479  1.02551959  0.45172272
 -0.74602156 -0.74604805 -1.077624   -0.16750606  1.96280219 -1.1807621
  0.25187774  2.40438104  1.35963614 -0.84928979 -1.31145936  2.26111715
 -0.69050551  0.6796804   1.1236315   1.11619004 -0.26381475  0.56441248
 -1.91057847 -0.16457333]
[0.09216407] z:[0.09216407] t:[-0.71709343 -1.29045229 -1.2116944   0.73185825  0.64484111  0.63966455
 -1.64226005  0.5259647   2.48735323 -0.65290231  1.01534281  0.44241866
 -0.74809902 -0.74812716 -1.06700487 -0.1673841   1.96850795 -1.17547255
  0.25064666  2.40674913  1.37609164 -0.83178773 -1.30665961  2.27626915
 -0.70187825  0.67659035  1.1190845   1.1118839  -0.26347997  0.56553088
 -1.90881661 -0.16247031]
[0.09165695] z:[0.09165695] t:[-0.710358   -1.29306632 -1.21184747  0.73264869  0.63254194  0.62775968
 -1.64713134  0.52670625  2.4898501  -0.65067718  1.03174181  0.45467517
 -0.73610579 -0.73612893 -1.06890499 -0.17656573  1.95645127 -1.18689114
  0.26362864  2.4029906   1.36527869 -0.84103006 -1.31406757  2.27362152
 -0.70168967  0.68767003  1.14129669  1.13450781 -0.26900013  0.57891031
 -1.88335357 -0.16635816]
[0.09152685] z:[0.09152685] t:[-0.70566029 -1.2898504  -1.22063428  0.73502028  0.63204519  0.62494096
 -1.63920927  0.52306813  2.49177169 -0.64924874  1.02442171  0.46122274
 -0.73248866 -0.7325155  -1.07741399 -0.16084409  1.95308482 -1.1904432
  0.26279543  2.40192075  1.34822179 -0.83852293 -1.31065492  2.27889829
 -0.70996516  0.69063346  1.13848146  1.13219838 -0.27371985  0.56747836
 -1.87862247 -0.14468647]
[0.09215723] z:[0.09215723] t:[-0.71757294 -1.30108593 -1.21624667  0.73792871  0.63490319  0.62798314
 -1.64885526  0.52957998  2.49464794 -0.64591455  1.03094612  0.47450643
 -0.73463448 -0.73465759 -1.05805432 -0.16928202  1.94740169 -1.19617124
  0.25667125  2.39573693  1.35013913 -0.83415802 -1.31362081  2.27167349
 -0.68406313  0.69599605  1.15799514  1.15158898 -0.27568895  0.56829029
 -1.90305586 -0.16703316]
[0.09176565] z:[0.09176565] t:[-0.71810503 -1.29468615 -1.21948672  0.74052053  0.63496647  0.63010377
 -1.64271098  0.53044297  2.48997139 -0.65103894  1.02549546  0.46877018
 -0.73828873 -0.7383179  -1.08755203 -0.16509756  1.96099802 -1.18243868
  0.26416398  2.40379025  1.35751384 -0.83926426 -1.30453239  2.27639584
 -0.69314432  0.69876209  1.16568472  1.16004854 -0.26339299  0.58298492
 -1.8811757  -0.15853062]
[0.09224865] z:[0.09224865] t:[-0.72097516 -1.30031484 -1.19918765  0.73830923  0.64137029  0.63616188
 -1.63659135  0.53791085  2.48488064 -0.6556866   1.02286383  0.47450739
 -0.75312239 -0.75314883 -1.07966333 -0.17626244  1.96559707 -1.17802272
  0.26452948  2.40374394  1.3632338  -0.82336206 -1.29477245  2.2780664
 -0.67632763  0.70546393  1.17022701  1.16442707 -0.26507739  0.56289352
 -1.89360806 -0.15587991]
[0.09240654] z:[0.09240654] t:[-0.72521611 -1.29000306 -1.21434145  0.73772905  0.64604373  0.63965383
 -1.62942687  0.52791309  2.48825925 -0.65198243  1.01097337  0.47336855
 -0.74911374 -0.74912808 -1.07087545 -0.16640216  1.9815686  -1.16178907
  0.25971099  2.41815903  1.37528738 -0.82147514 -1.29153707  2.28344795
 -0.68959131  0.70321733  1.16434441  1.15895951 -0.25088439  0.58204437
 -1.88923868 -0.16170408]
[0.09243018] z:[0.09243018] t:[-0.70757554 -1.29009371 -1.21373727  0.7441219   0.6366952   0.62994546
 -1.63904054  0.53133012  2.48876854 -0.65186844  1.01851491  0.48550375
 -0.73809694 -0.73811886 -1.06473417 -0.1731031   1.96529923 -1.1783319
  0.27056869  2.41986656  1.36161358 -0.82909318 -1.29187044  2.28931378
 -0.70526658  0.70466709  1.17950511  1.17417195 -0.27252057  0.56579392
 -1.89385401 -0.16423124]
[0.0916706] z:[0.0916706] t:[-0.71166697 -1.29831482 -1.20801477  0.75156108  0.63983912  0.63503659
 -1.6436483   0.53119846  2.48771271 -0.65295123  1.02571134  0.48685896
 -0.7447456  -0.74476809 -1.06738778 -0.17339123  1.96152889 -1.18184161
  0.26850176  2.41212357  1.36021387 -0.8254018  -1.2953777   2.2958733
 -0.6905155   0.71301715  1.21042958  1.20533106 -0.27650491  0.56185804
 -1.89633185 -0.16512437]
[0.09214056] z:[0.09214056] t:[-0.70778121 -1.29794399 -1.20845827  0.75907542  0.63694165  0.63172857
 -1.63026911  0.53130335  2.48113027 -0.65962886  1.02735324  0.48695007
 -0.74518922 -0.74521287 -1.07844329 -0.16901533  1.9588917  -1.1845593
  0.26896237  2.40989561  1.35395888 -0.81985863 -1.29902737  2.28988597
 -0.69208897  0.71683846  1.22327944  1.21857231 -0.26521245  0.57307436
 -1.88200478 -0.16784815]
[0.09226797] z:[0.09226797] t:[-0.70452418 -1.29316862 -1.20943192  0.75501867  0.64016251  0.63248402
 -1.64479345  0.53142431  2.49191043 -0.64835662  1.01457677  0.48971359
 -0.73937974 -0.73939951 -1.06527103 -0.17115843  1.97784452 -1.16563477
  0.27551524  2.41703789  1.37569052 -0.81768075 -1.30080035  2.29400088
 -0.69161645  0.72225148  1.24367647  1.23916522 -0.26690779  0.56329879
 -1.89886796 -0.16466533]
[0.09244146] z:[0.09244146] t:[-0.71718433 -1.30065892 -1.20325839  0.750609    0.63398198  0.62958212
 -1.64409812  0.54220271  2.49083708 -0.65009789  1.03129688  0.49040219
 -0.73298498 -0.73301503 -1.07530728 -0.1716703   1.95939724 -1.18405256
  0.26636385  2.41617535  1.36360349 -0.8284664  -1.29109757  2.29596945
 -0.66811404  0.72927625  1.27995032  1.27557784 -0.26345369  0.57063661
 -1.88507194 -0.1547885 ]
[0.09208746] z:[0.09208746] t:[-0.71497071 -1.30215824 -1.20399605  0.75072509  0.63070124  0.62702917
 -1.64372833  0.53114119  2.49427263 -0.64694731  1.01967948  0.49324819
 -0.73378129 -0.73381533 -1.06656358 -0.1740112   1.9583599  -1.18473611
  0.26220844  2.41340193  1.36396173 -0.84351377 -1.2890124   2.28524571
 -0.66296585  0.73997984  1.30785771  1.30275645 -0.28112397  0.56663835
 -1.89986784 -0.15014225]
[0.09156652] z:[0.09156652] t:[-0.70720537 -1.30303887 -1.19654678  0.75274146  0.63734668  0.63055971
 -1.64813261  0.5351705   2.49361081 -0.64688504  1.02619496  0.49755321
 -0.74019766 -0.74021932 -1.0675884  -0.18421521  1.9673742  -1.17605635
  0.2630303   2.41782571  1.37217514 -0.85529178 -1.27908609  2.27864029
 -0.65513165  0.73703633  1.32279325  1.31727869 -0.26267557  0.57279089
 -1.88864244 -0.15365576]
