[0.09112186] z:[0.40734398 0.35541036 0.55331346 0.50469106 0.40830065 0.42881801
 0.3106294  0.26647884 0.4692092  0.34239535 0.36582936 0.737208
 0.63388917 0.42288713 0.5665881  0.60428121 0.7239148  0.46404223
 0.31278588 0.30221613 0.72279095 0.63874669 0.79248295 0.71409178
 0.69512976 0.48559034 0.21712082 0.54463149 0.24498978 0.33662145
 0.69501473 0.60500604 0.67301776 0.33619659 0.54610009 0.70227248
 0.24896686 0.6557796  0.70308881 0.72746356 0.50645652 0.23742348
 0.60869496 0.40818046 0.7874735  0.64593181 0.63864603 0.2920771
 0.77766358 0.42161094 0.74651189 0.42417059 0.52119548 0.37357917
 0.28943967 0.62468589 0.38302799 0.75763654 0.56447259 0.28777935
 0.25875146 0.35327023 0.64356039 0.20174367] t:[ 1.08218722 -0.42197817 -0.10629225  1.53293395 -1.04230425  0.30077151
 -0.61937091  1.08469801 -0.8707962  -1.12528976  0.04587057 -0.82963065
  1.38089838 -1.0535447  -1.01535404 -0.23090001  0.26190471  0.82235796
  1.24760995  1.03646169 -0.00570543 -0.75534666 -0.13049812  1.3670792
 -0.3203491  -0.4001485  -1.40929422 -1.22882479  0.42251269  0.13527044
 -0.6574439   1.51922664]
[0.08745793] z:[0.40624832 0.35424052 0.55168499 0.50353496 0.40787476 0.4280322
 0.3092921  0.26581636 0.46830973 0.34074279 0.3655806  0.73645212
 0.6325159  0.42169729 0.56462686 0.60369665 0.72274962 0.46287705
 0.31183651 0.30126677 0.72149658 0.63745232 0.79189866 0.71350749
 0.69408481 0.4845454  0.2162812  0.54379187 0.24524611 0.33687778
 0.69387719 0.6038685  0.67147844 0.33465727 0.54507388 0.70124626
 0.24781507 0.6546278  0.70176716 0.72614192 0.50541621 0.23638317
 0.60735606 0.40684156 0.78612062 0.64457893 0.63785449 0.29128556
 0.77669223 0.42063959 0.74552796 0.42318666 0.52024396 0.37262765
 0.28854077 0.62378698 0.3821535  0.75676206 0.56352597 0.28683273
 0.25909564 0.35361441 0.64228853 0.20047181] t:[ 1.08217493 -0.42356905 -0.10571921  1.53267909 -1.04163083  0.30307417
 -0.61943341  1.08382863 -0.87225601 -1.12489673  0.04473933 -0.83010591
  1.3809749  -1.0539185  -1.01537318 -0.23090572  0.26325922  0.82270775
  1.24745121  1.03742344 -0.00570967 -0.75455509 -0.13267049  1.36682988
 -0.32095574 -0.40034171 -1.40860698 -1.22810134  0.42228713  0.13754599
 -0.65992944  1.52016726]
[0.08503931] z:[0.40522342 0.35313279 0.5500494  0.50245768 0.40768226 0.42738906
 0.30797945 0.26533274 0.46754658 0.33908585 0.36559047 0.73585631
 0.63116539 0.42056314 0.56260119 0.60330022 0.72164309 0.46177052
 0.3109858  0.30041605 0.72022847 0.63618421 0.79149375 0.71310258
 0.69312701 0.48358759 0.21557771 0.54308837 0.245843   0.33747467
 0.69280745 0.60279876 0.66994208 0.33312091 0.54414669 0.70031907
 0.24674476 0.6535575  0.70049558 0.72487033 0.50446783 0.23543479
 0.60605518 0.40554068 0.78479594 0.64325425 0.63720123 0.29063229
 0.77582275 0.4197701  0.74464456 0.42230326 0.51939852 0.37178222
 0.28776269 0.62300891 0.38140852 0.75601708 0.56268826 0.28599502
 0.25979141 0.35431018 0.64106527 0.19924855] t:[ 1.08217192 -0.42535401 -0.10501614  1.532398   -1.04086544  0.30557078
 -0.61950535  1.08284053 -0.87395896 -1.12444302  0.04332418 -0.83068943
  1.38108019 -1.05437095 -1.0153959  -0.23089823  0.26482119  0.82315738
  1.24728218  1.03856744 -0.00573023 -0.75363614 -0.13500051  1.36654133
 -0.32162939 -0.40053593 -1.40781783 -1.22729564  0.4220034   0.14003583
 -0.66262175  1.52128562]
[0.08369333] z:[0.40430496 0.35211448 0.54839983 0.50148593 0.40782181 0.42696124
 0.30673585 0.26512563 0.46700426 0.33746598 0.36599541 0.73552016
 0.62986518 0.41952777 0.56050771 0.6031911  0.72062404 0.46075147
 0.31027322 0.29970347 0.71899982 0.63495556 0.79134351 0.71295234
 0.6922957  0.48275629 0.21506047 0.54257114 0.24687999 0.33851166
 0.69183183 0.60182314 0.66841424 0.33159308 0.54336216 0.69953454
 0.24578312 0.65259586 0.69929365 0.7236684  0.5036519  0.23461886
 0.60480868 0.40429418 0.78351794 0.64197625 0.6367494  0.29018046
 0.77510365 0.41905101 0.74390883 0.42156753 0.51871293 0.37109663
 0.28716463 0.62241085 0.38085258 0.75546114 0.56201057 0.28531732
 0.26095573 0.3554745  0.63991471 0.198098  ] t:[ 1.08218124 -0.42738052 -0.10415667  1.53205881 -1.03993207  0.3084271
 -0.61958497  1.08165512 -0.87598226 -1.12389313  0.04154845 -0.83141221
  1.38120812 -1.05492846 -1.01542435 -0.23088238  0.26667415  0.82371768
  1.2470719   1.03995776 -0.00577049 -0.75252433 -0.13750808  1.36619225
 -0.32242308 -0.40075985 -1.40684939 -1.22635976  0.42165361  0.14282466
 -0.66554201  1.52267792]
[0.08316197] z:[0.40351352 0.35120915 0.54673795 0.50063184 0.40837399 0.42679036
 0.30558632 0.2652556  0.4667119  0.33589792 0.36683017 0.73548097
 0.62863119 0.41861425 0.55836704 0.60343649 0.71969825 0.45982568
 0.30970195 0.2991322  0.71781805 0.63377379 0.79147906 0.71308789
 0.69161545 0.48207604 0.21474898 0.54225965 0.24836863 0.3400003
 0.69095943 0.60095074 0.66691772 0.33009656 0.54275673 0.69892911
 0.24498318 0.65179592 0.69819296 0.72256771 0.50300266 0.23396962
 0.60363463 0.40312013 0.78231514 0.64077345 0.63654243 0.28997349
 0.77456877 0.41851612 0.74335357 0.42101227 0.51822276 0.37060645
 0.28679454 0.62204075 0.38053096 0.75513951 0.561529   0.28483575
 0.26257824 0.35709701 0.63886344 0.19704672] t:[ 1.08221109 -0.42963857 -0.10311143  1.53166938 -1.03883958  0.31148293
 -0.61965602  1.08026769 -0.87830691 -1.12323393  0.03936591 -0.83230423
  1.38136118 -1.05560922 -1.01545687 -0.2308506   0.26879053  0.82439528
  1.2468107   1.0415961  -0.00583049 -0.75121804 -0.1402688   1.3657635
 -0.32335295 -0.40101386 -1.40569648 -1.22530654  0.42122831  0.14584626
 -0.66867496  1.52434654]
[0.08313831] z:[0.4028261  0.35034354 0.54499024 0.49985659 0.40948107 0.42698931
 0.30462289 0.26586144 0.46671469 0.33444733 0.36817213 0.73583002
 0.62748382 0.41784984 0.55615064 0.60405383 0.7188756  0.45900303
 0.30927408 0.29870434 0.71666824 0.63262398 0.79189795 0.71350678
 0.69106194 0.48152252 0.21464971 0.54216038 0.25028471 0.34191638
 0.69017985 0.60017116 0.66540552 0.32858435 0.54231692 0.69848931
 0.24430894 0.65112168 0.69716607 0.72154082 0.50249685 0.23346381
 0.60249667 0.40198217 0.78114374 0.63960205 0.63660314 0.2900342
 0.7742036  0.41815096 0.74296666 0.42062536 0.51792544 0.37030913
 0.28663838 0.6218846  0.38042354 0.7550321  0.56122978 0.28453653
 0.26466585 0.35918462 0.63786792 0.1960512 ] t:[ 1.08228355 -0.43201483 -0.10195138  1.53117363 -1.03751019  0.31483795
 -0.61968164  1.07859116 -0.88091514 -1.12240244  0.03653542 -0.83326793
  1.38147137 -1.05637794 -1.01548239 -0.23081201  0.27117039  0.82522972
  1.24636316  1.04355643 -0.00579795 -0.74964134 -0.14323024  1.36522036
 -0.3244228  -0.40130236 -1.40423194 -1.22402079  0.42065565  0.14913607
 -0.67188182  1.52631606]
[0.08332096] z:[0.40222936 0.34954452 0.54325225 0.49925966 0.41106621 0.42740301
 0.30363606 0.26686511 0.46695438 0.33308295 0.36998906 0.73660022
 0.6263684  0.41716868 0.55392741 0.60510171 0.7181182  0.45824563
 0.30896851 0.29839876 0.71550821 0.63146395 0.79260696 0.71421579
 0.69064549 0.48110608 0.21479348 0.54230414 0.25250555 0.34413722
 0.68946558 0.59945689 0.66390769 0.32708652 0.54205453 0.69822691
 0.24378662 0.65059935 0.69624217 0.72061692 0.50215068 0.23311764
 0.60141703 0.40090253 0.78000945 0.63846776 0.63692654 0.29035761
 0.77400937 0.41795673 0.74275053 0.42040923 0.51781583 0.37019953
 0.28670597 0.62195218 0.38057549 0.75518405 0.56112558 0.28443233
 0.26712012 0.36163889 0.63695007 0.19513335] t:[ 1.08242129 -0.43450633 -0.10058965  1.53065827 -1.03606945  0.31820112
 -0.61971464  1.07679399 -0.88376074 -1.12148354  0.03329486 -0.83445788
  1.3816685  -1.0573044  -1.01551177 -0.23069275  0.27371575  0.82630237
  1.24588383  1.04577571 -0.00579152 -0.74795933 -0.14609026  1.36463221
 -0.32548421 -0.40150745 -1.40261888 -1.22269373  0.41989055  0.15245018
 -0.67515534  1.52857544]
[0.08356885] z:[0.40151399 0.34860197 0.54126731 0.49857241 0.41305517 0.42787783
 0.30250668 0.26830275 0.46730784 0.33158206 0.37241769 0.73788068
 0.62508884 0.41643325 0.55136616 0.60652852 0.71735324 0.45748067
 0.30873967 0.29816992 0.71417323 0.63012897 0.79361954 0.71522837
 0.69021032 0.48067091 0.21514352 0.54265419 0.25519766 0.34682933
 0.68867705 0.59866836 0.66219384 0.32537267 0.54182491 0.6979973
 0.24321554 0.65002828 0.69521758 0.71959234 0.50179808 0.23276504
 0.60017841 0.39966391 0.77868523 0.63714354 0.63744285 0.29087391
 0.7738417  0.41778906 0.74256347 0.42022218 0.51774101 0.37012471
 0.28682895 0.62207517 0.38087473 0.75548329 0.56108557 0.28439232
 0.27002175 0.36454053 0.63590065 0.19408393] t:[ 1.08266415 -0.4372204  -0.09885271  1.53012983 -1.03441538  0.32181674
 -0.61954855  1.07480167 -0.88685928 -1.12040834  0.02952243 -0.83597944
  1.3819479  -1.05847767 -1.01554859 -0.23044637  0.27650802  0.8276849
  1.24518452  1.04833887 -0.00572756 -0.7459344  -0.14925308  1.36385837
 -0.32675602 -0.40175528 -1.40068364 -1.22118087  0.41895191  0.15607864
 -0.67874442  1.5313448 ]
[0.08393763] z:[0.40083407 0.34760911 0.53924767 0.49800611 0.41563389 0.42854963
 0.30152812 0.27036233 0.46799001 0.33042112 0.37511054 0.73970014
 0.62394618 0.41583252 0.54902971 0.60848008 0.71653644 0.45666387
 0.30844845 0.2978787  0.71272064 0.62867638 0.79475365 0.71636248
 0.68984769 0.48030827 0.21561869 0.54312936 0.25771682 0.34934849
 0.68784633 0.59783763 0.66052738 0.32370621 0.54177304 0.69794543
 0.24282285 0.64963559 0.69432787 0.71870262 0.50157936 0.23254631
 0.59897488 0.39846038 0.77741106 0.63586937 0.63825096 0.29168202
 0.7738273  0.41777466 0.74252978 0.42018848 0.51786738 0.37025107
 0.28721018 0.62245639 0.38145416 0.75606272 0.56123106 0.28453782
 0.27284379 0.36736257 0.63490794 0.19309122] t:[ 1.08310086 -0.43959894 -0.0970919   1.52957884 -1.03269068  0.3253347
 -0.61929526  1.07263878 -0.89008722 -1.11921016  0.02543358 -0.83745314
  1.38221921 -1.05971716 -1.01555462 -0.23007888  0.27944614  0.82932955
  1.24431927  1.05114097 -0.00561597 -0.74390149 -0.1521213   1.36300988
 -0.32784527 -0.40183385 -1.3985512  -1.2196182   0.417773    0.15948353
 -0.68189126  1.53404854]
[0.08424832] z:[0.39999931 0.34641136 0.53706846 0.49742298 0.41866546 0.42924626
 0.30046493 0.27297453 0.46884388 0.32908732 0.37829903 0.7421883
 0.62267712 0.41519493 0.54646311 0.61098823 0.715632   0.45575943
 0.30809278 0.29752304 0.71103313 0.62698887 0.79612364 0.71773247
 0.68942598 0.47988656 0.21625916 0.54376982 0.26060857 0.35224025
 0.68682245 0.59681376 0.65874348 0.32192231 0.54183356 0.69800595
 0.2424818  0.64929454 0.6934342  0.71780896 0.50136421 0.23233117
 0.59765844 0.39714394 0.77599836 0.63445667 0.6392929  0.29272396
 0.77382942 0.41777678 0.74252293 0.42018163 0.51806835 0.37045204
 0.28774629 0.6229925  0.38225265 0.75686121 0.5614585  0.28476525
 0.2760111  0.37052987 0.63381395 0.19199723] t:[ 1.08376669 -0.44204925 -0.09498928  1.52908189 -1.03088302  0.32887775
 -0.61882408  1.07034783 -0.8934268  -1.11788783  0.02115537 -0.83924089
  1.38256021 -1.06116859 -1.0155651  -0.22948492  0.28255109  0.83131514
  1.24326344  1.05414464 -0.00543902 -0.74177746 -0.1550036   1.36205286
 -0.32890863 -0.40171695 -1.39622622 -1.21807572  0.41622337  0.16301383
 -0.68525464  1.53710383]
[0.08455002] z:[0.39856556 0.34454235 0.53448564 0.49649968 0.42199615 0.42971868
 0.29907734 0.27599776 0.46964641 0.32772653 0.38173604 0.7451167
 0.62104508 0.41416365 0.54358943 0.61369529 0.71437985 0.45450728
 0.30744656 0.29687682 0.70882856 0.6247843  0.79745654 0.71906536
 0.68856303 0.47902362 0.21689483 0.5444055  0.26353813 0.35516981
 0.6852704  0.59526171 0.6565608  0.31973963 0.54158901 0.6977614
 0.2418799  0.64869263 0.69224969 0.71662445 0.5007511  0.23171806
 0.59588833 0.39537383 0.77414854 0.63260685 0.64028968 0.29372074
 0.77345046 0.41739782 0.7421483  0.419807   0.51794441 0.3703281
 0.2880593  0.62330551 0.38290152 0.75751007 0.56138179 0.28468855
 0.27927608 0.37379485 0.63226507 0.19044835] t:[ 1.08482449 -0.44447517 -0.09244573  1.52872351 -1.02905164  0.33255244
 -0.61792418  1.06797882 -0.89686385 -1.11645144  0.01652885 -0.84135099
  1.38299128 -1.06277214 -1.01551933 -0.22844151  0.28565205  0.83370618
  1.24184548  1.05742559 -0.00517581 -0.73958648 -0.15785847  1.36085894
 -0.32989349 -0.40138224 -1.39368854 -1.21655243  0.41425385  0.16673756
 -0.68878546  1.54047044]
[0.08505395] z:[0.39738016 0.34279161 0.53207017 0.49592821 0.42609025 0.4305548
 0.29802861 0.27997929 0.47091355 0.32672392 0.38561991 0.74899382
 0.61984014 0.41362379 0.54102213 0.61725956 0.7131686  0.45329603
 0.30680932 0.29623957 0.70658569 0.62254143 0.79894172 0.72055054
 0.68794397 0.47840456 0.21772048 0.54523114 0.26637515 0.35800682
 0.6837442  0.59373551 0.65466632 0.31784515 0.54190831 0.6980807
 0.24173897 0.64855171 0.69149533 0.71587009 0.50056023 0.23152718
 0.59440357 0.39388907 0.77259332 0.63105163 0.6419948  0.29542586
 0.7735272  0.41747456 0.74223729 0.41989599 0.51839921 0.3707829
 0.28895046 0.62419668 0.38430009 0.75890864 0.56185155 0.28515831
 0.28236862 0.37688739 0.63104602 0.1892293 ] t:[ 1.08639102 -0.44657478 -0.08983856  1.52851367 -1.02726987  0.33608011
 -0.61669773  1.06542855 -0.90034346 -1.11487917  0.01202864 -0.84340601
  1.38331854 -1.06437221 -1.01540494 -0.22714283  0.28905383  0.8361237
  1.24023791  1.0607701  -0.00476596 -0.73739711 -0.16051557  1.35958526
 -0.33048228 -0.40053099 -1.39095642 -1.21506525  0.41190164  0.17029443
 -0.69205807  1.54387406]
[0.08542979] z:[0.3955179  0.34033838 0.52939311 0.49516179 0.43018438 0.43120929
 0.29668642 0.28384375 0.47214763 0.32541178 0.38958304 0.75315376
 0.61816593 0.41256809 0.53801692 0.62104269 0.71162992 0.45175735
 0.30582493 0.29525518 0.70394947 0.61990521 0.80046387 0.72207269
 0.6868065  0.47726708 0.21866302 0.54617369 0.26958078 0.36121245
 0.68162931 0.59162062 0.65240764 0.31558648 0.54197642 0.6981488
 0.24134702 0.64815975 0.69049398 0.71486873 0.49990957 0.23087652
 0.59250487 0.39199037 0.77057991 0.62903822 0.64368419 0.29711526
 0.77311791 0.41706527 0.74187119 0.41952989 0.51849735 0.37088105
 0.2896338  0.62488001 0.38565515 0.76026371 0.56197016 0.28527692
 0.28582923 0.38034801 0.62936502 0.1875483 ] t:[ 1.08857368 -0.44862209 -0.08673692  1.52865961 -1.02566428  0.33976874
 -0.61497481  1.06300048 -0.90386254 -1.11334683  0.00743568 -0.84584775
  1.38375749 -1.06611777 -1.0152176  -0.22515002  0.29240461  0.83893164
  1.23820624  1.06428503 -0.00404255 -0.73519208 -0.16343784  1.35811845
 -0.33087329 -0.39911736 -1.38812215 -1.21344171  0.40914286  0.17406565
 -0.69565732  1.54751735]
[0.08589493] z:[0.39344221 0.3376493  0.52672039 0.4945053  0.43446838 0.43192663
 0.29526517 0.288037   0.47381629 0.32414395 0.39380269 0.75777909
 0.61646599 0.41148744 0.53495215 0.62521781 0.7099461  0.45007354
 0.30460068 0.29403093 0.70117209 0.61712783 0.80213614 0.72374497
 0.68555315 0.47601374 0.21986496 0.54737563 0.27297662 0.36460829
 0.67930247 0.58929378 0.65012354 0.31330238 0.54231277 0.69848515
 0.24111204 0.64792477 0.68963467 0.71400942 0.49924817 0.23021513
 0.59056395 0.39004945 0.76849771 0.62695602 0.64586831 0.29929937
 0.77271583 0.41666319 0.74153567 0.41919437 0.5187367  0.3711204
 0.2905734  0.62581961 0.38752371 0.76213227 0.56226722 0.28557397
 0.28946568 0.38398446 0.62765589 0.18583917] t:[ 1.09138305 -0.45045677 -0.0833093   1.52925522 -1.02437494  0.34341709
 -0.61277329  1.06060914 -0.90736414 -1.1118469   0.00294043 -0.84848937
  1.38420039 -1.06792384 -1.01492667 -0.22264667  0.29587778  0.84200828
  1.23588694  1.06787961 -0.00293184 -0.73304192 -0.16642118  1.356478
 -0.33087963 -0.3971211  -1.38521587 -1.21179021  0.4062537   0.17783621
 -0.69932773  1.55123983]
[0.08639452] z:[0.39136829 0.33492116 0.52431187 0.49417009 0.43885117 0.43291789
 0.29380081 0.29221131 0.47625253 0.32299795 0.39814043 0.7627881
 0.61482968 0.41042456 0.53200531 0.62990678 0.70814685 0.44827428
 0.3030905  0.29252075 0.69840957 0.61436531 0.80407204 0.72568087
 0.68437246 0.47483304 0.22164054 0.5491512  0.27645296 0.36808463
 0.67687494 0.58686625 0.64800426 0.3111831  0.54313382 0.6993062
 0.24126388 0.64807662 0.68911497 0.71348973 0.49878643 0.22975339
 0.58876963 0.38825513 0.76652297 0.62498128 0.6487776  0.30220866
 0.77250878 0.41645614 0.74142695 0.41908566 0.51937468 0.37175837
 0.29208101 0.62732723 0.39025696 0.76486552 0.56297796 0.28628471
 0.29323561 0.38775439 0.62613288 0.18431617] t:[ 1.09477893e+00 -4.52045689e-01 -7.96865330e-02  1.53039006e+00
 -1.02357490e+00  3.46747304e-01 -6.10410655e-01  1.05835343e+00
 -9.10918732e-01 -1.11056027e+00 -1.24915145e-03 -8.51358894e-01
  1.38462306e+00 -1.06977511e+00 -1.01450643e+00 -2.19575221e-01
  2.99433724e-01  8.45378454e-01  1.23369414e+00  1.07155452e+00
 -1.42575000e-03 -7.31189361e-01 -1.69143415e-01  1.35489079e+00
 -3.30164305e-01 -3.94196412e-01 -1.38234718e+00 -1.21034769e+00
  4.03266227e-01  1.81443214e-01 -7.03021310e-01  1.55489733e+00]
[0.08680737] z:[0.38859964 0.33155618 0.52158716 0.49358002 0.44335399 0.43353567
 0.29200753 0.2967028  0.4790833  0.32173279 0.40242828 0.7677256
 0.61275038 0.40871684 0.52876039 0.63451506 0.70592375 0.44605118
 0.30094631 0.29037656 0.69520546 0.6111612  0.80570372 0.72731254
 0.68249261 0.47295319 0.22349971 0.55101037 0.28007085 0.37170252
 0.67384319 0.5838345  0.64558558 0.30876442 0.54366965 0.69984204
 0.24129514 0.64810788 0.68846483 0.71283958 0.49764636 0.22861332
 0.58656156 0.38604706 0.76417127 0.62262958 0.65164737 0.30507843
 0.77156862 0.41551598 0.74061233 0.41827104 0.51956761 0.3719513
 0.29348146 0.62872768 0.39279892 0.76740748 0.56313441 0.28644116
 0.29713654 0.39165531 0.62411455 0.18229783] t:[ 1.09881773e+00 -4.53097131e-01 -7.57626564e-02  1.53232207e+00
 -1.02337616e+00  3.50253443e-01 -6.07368664e-01  1.05607304e+00
 -9.14364808e-01 -1.10926846e+00 -5.67920894e-03 -8.54130524e-01
  1.38495710e+00 -1.07136963e+00 -1.01377926e+00 -2.15995395e-01
  3.03090959e-01  8.48938139e-01  1.23100661e+00  1.07516263e+00
  4.14328385e-04 -7.29293598e-01 -1.72162043e-01  1.35301037e+00
 -3.28750313e-01 -3.90585390e-01 -1.37929084e+00 -1.20875183e+00
  3.99826407e-01  1.85204163e-01 -7.06757300e-01  1.55847774e+00]
[0.0872211] z:[0.38538064 0.32786253 0.51866721 0.49290711 0.44763938 0.43378471
 0.28999374 0.30112184 0.48190882 0.32048381 0.40670422 0.77252806
 0.61022104 0.40624481 0.5253424  0.63885361 0.70328503 0.44341246
 0.29855675 0.28798701 0.69170447 0.60766021 0.80692601 0.72853484
 0.68003427 0.47049485 0.22549048 0.55300115 0.28367446 0.37530614
 0.6704351  0.58042641 0.64285662 0.30603546 0.54378133 0.69995371
 0.24111341 0.64792614 0.68758699 0.71196174 0.49586228 0.22682924
 0.58395511 0.38344062 0.76142692 0.61988523 0.65433914 0.3077702
 0.76993384 0.4138812  0.73910281 0.41676152 0.5192844  0.37166809
 0.29467871 0.62992493 0.39515421 0.76976276 0.56272997 0.28603673
 0.301066   0.39558477 0.62171254 0.17989583] t:[ 1.10314438 -0.45363378 -0.07166762  1.53496206 -1.02398866  0.35375195
 -0.60421285  1.0540351  -0.91788215 -1.10815487 -0.0100123  -0.85696216
  1.38507129 -1.07271389 -1.01276684 -0.21208432  0.30674147  0.85275594
  1.22860008  1.07875622  0.00193951 -0.72774171 -0.17504548  1.35135788
 -0.32665606 -0.38695545 -1.37651231 -1.2072792   0.396878    0.18899446
 -0.71060742  1.56209489]
[0.08770329] z:[0.3826613  0.32458244 0.51608508 0.49287964 0.45209985 0.43418189
 0.28827505 0.30566465 0.48521537 0.31960672 0.41123211 0.77758127
 0.6081152  0.40420178 0.52208705 0.64370032 0.70118777 0.4413152
 0.29639326 0.28582352 0.68861671 0.60457245 0.80872075 0.73032958
 0.67830134 0.46876193 0.22825171 0.55576238 0.28749479 0.37912646
 0.66735554 0.57734685 0.64062816 0.30380699 0.54511704 0.70128943
 0.24174062 0.64855336 0.68765307 0.71202782 0.49487628 0.22584324
 0.58193136 0.38141686 0.75918976 0.61764807 0.65902415 0.31245521
 0.76914088 0.41308824 0.73849112 0.41614982 0.52009561 0.3724793
 0.29660296 0.63184917 0.39912828 0.77373684 0.56371514 0.28702189
 0.30510916 0.39962794 0.61994054 0.17812382] t:[ 1.10747069 -0.45367504 -0.06751125  1.53816646 -1.02559043  0.3572068
 -0.60103571  1.05210731 -0.9214483  -1.10722014 -0.01425236 -0.85988151
  1.38501737 -1.07384779 -1.01157232 -0.20810033  0.31050402  0.85647903
  1.22620825  1.08233807  0.00410418 -0.72632423 -0.17790725  1.34958124
 -0.32453889 -0.38325708 -1.37381112 -1.20563211  0.39393309  0.19276419
 -0.71446499  1.56570806]
[0.08796204] z:[0.37955567 0.32100544 0.51332372 0.49264032 0.45627579 0.43462935
 0.28602688 0.30989821 0.48844878 0.31853039 0.41558782 0.78236849
 0.60545164 0.40129545 0.51868714 0.64844086 0.69863398 0.43876141
 0.29387638 0.28330663 0.6853138  0.60126954 0.81015863 0.73176746
 0.67604755 0.46650813 0.23163736 0.55914803 0.29133879 0.38297046
 0.66392521 0.57391652 0.63811161 0.30129045 0.54594565 0.70211804
 0.24217752 0.64899026 0.68743596 0.71181071 0.49317638 0.22414334
 0.57952786 0.37901336 0.75655193 0.61501024 0.6632899  0.31672096
 0.76755876 0.41150612 0.73706796 0.41472666 0.52030852 0.37269221
 0.29823158 0.63347779 0.40303709 0.77764565 0.56401419 0.28732094
 0.30925495 0.40377372 0.61776681 0.17595009] t:[ 1.11171031 -0.45341685 -0.06343408  1.54158166 -1.02825717  0.36065625
 -0.59806245  1.05056472 -0.92523286 -1.10659632 -0.01833292 -0.86309536
  1.3852517  -1.07527057 -1.01055352 -0.20398442  0.31426959  0.860552
  1.22379509  1.08610786  0.00676963 -0.72515869 -0.1807449   1.34781789
 -0.32215739 -0.3795006  -1.37107639 -1.20381655  0.3912397   0.19651281
 -0.7184861   1.56929164]
[0.08837739] z:[0.37687763 0.31772675 0.5108648  0.49296084 0.4607093  0.43508528
 0.284136   0.31428337 0.4924907  0.31795357 0.42009461 0.78734866
 0.6031475  0.39862761 0.51549132 0.65345523 0.6963768  0.43650423
 0.29140237 0.28083262 0.68229985 0.59825559 0.81233883 0.73394766
 0.6744859  0.46494649 0.23649797 0.56400864 0.2952557  0.38688738
 0.66079693 0.57078824 0.63606914 0.29924797 0.54837379 0.70454617
 0.24355891 0.65037165 0.68835109 0.71272585 0.49225889 0.22322585
 0.57765386 0.37713936 0.75440925 0.61286756 0.66995664 0.3233877
 0.7668026  0.41074996 0.7365285  0.41418721 0.52177584 0.37415953
 0.30103954 0.63628576 0.40875761 0.78336617 0.56602142 0.28932817
 0.31348129 0.40800007 0.61624974 0.17443302] t:[ 1.11592388 -0.45255953 -0.05948808  1.54512567 -1.03180761  0.36411097
 -0.595147    1.04921905 -0.92892343 -1.10608008 -0.02241149 -0.86633029
  1.38505138 -1.07638145 -1.0092896  -0.19999424  0.31815247  0.86462983
  1.22131617  1.08981972  0.00980986 -0.72422862 -0.18363841  1.3460595
 -0.31946277 -0.37546384 -1.36832658 -1.20160051  0.38853626  0.20019858
 -0.72244149  1.57269225]
[0.08865266] z:[0.37336044 0.31388091 0.507923   0.49254665 0.46480102 0.43464932
 0.2818224  0.31821325 0.4961363  0.31677124 0.42397516 0.79162319
 0.59989927 0.3947794  0.51206648 0.65759301 0.69316939 0.43329682
 0.28823084 0.27766109 0.67865833 0.59461407 0.81278713 0.73439596
 0.67153777 0.46199835 0.24028745 0.56779812 0.29882559 0.39045726
 0.65703049 0.56702179 0.63325065 0.29642948 0.54855412 0.70472651
 0.24349858 0.65031131 0.68789619 0.71227094 0.489597   0.22056396
 0.57478237 0.37426788 0.75136341 0.60982172 0.67311777 0.32654883
 0.76410462 0.40805198 0.73393811 0.41159682 0.52107656 0.37346025
 0.30195333 0.63719955 0.41158761 0.78619617 0.56515807 0.28846483
 0.31738767 0.41190645 0.61361601 0.17179929] t:[ 1.12003769 -0.45114103 -0.05574283  1.54836322 -1.03568738  0.36747
 -0.59249302  1.04806477 -0.93259366 -1.10576942 -0.02639891 -0.86944384
  1.38481478 -1.07732813 -1.00804317 -0.19633454  0.32203955  0.86875046
  1.21898441  1.09352434  0.01296557 -0.72378527 -0.18641262  1.34449941
 -0.31646951 -0.37136702 -1.36559672 -1.19945046  0.38629027  0.20380276
 -0.72630348  1.57590351]
[0.08898879] z:[0.3700095  0.31014376 0.50500462 0.49264535 0.46910827 0.43470019
 0.27968892 0.32255011 0.50013246 0.31591367 0.42805397 0.79609855
 0.59673177 0.39109747 0.50859712 0.66195863 0.69044872 0.43057615
 0.28536895 0.27479921 0.67521793 0.59117367 0.81376638 0.73537521
 0.66917544 0.45963602 0.24469283 0.5722035  0.30278473 0.3944164
 0.65353971 0.56353102 0.63067882 0.29385765 0.55016056 0.70633295
 0.24447545 0.65128818 0.6885577  0.71293245 0.4875053  0.21847226
 0.57225478 0.37174028 0.74857833 0.60703664 0.6789628  0.33239387
 0.762081   0.40602836 0.73208042 0.40973912 0.52168941 0.3740731
 0.30386676 0.63911297 0.41623275 0.7908413  0.56606351 0.28937026
 0.32153863 0.4160574  0.61144307 0.16962635] t:[ 1.12426383 -0.44922703 -0.05176458  1.5517703  -1.04006551  0.37105288
 -0.58952188  1.04727418 -0.93629538 -1.10554139 -0.03049208 -0.8726904
  1.38430249 -1.07818122 -1.00670647 -0.19268818  0.32592305  0.87290443
  1.21628982  1.09714968  0.01660621 -0.72360792 -0.18955378  1.34271196
 -0.3133112  -0.36723967 -1.36265406 -1.19668891  0.38451784  0.20755118
 -0.73026951  1.57907162]
[0.08929604] z:[0.36667871 0.30642369 0.50211027 0.49304853 0.47336972 0.43525849
 0.27769596 0.32691198 0.50380362 0.31533408 0.43212998 0.80054043
 0.59350814 0.38746168 0.50517473 0.666387   0.68808932 0.42821675
 0.28290449 0.27233474 0.67192799 0.58788373 0.81431155 0.73592038
 0.66706481 0.4575254  0.24843036 0.57594103 0.3067787  0.39841037
 0.65016334 0.56015464 0.628189   0.29136784 0.55241345 0.70858583
 0.24595665 0.65276938 0.68984331 0.71421806 0.48551316 0.21648011
 0.56980384 0.36928934 0.74581227 0.60427058 0.6862177  0.33964876
 0.76021356 0.40416092 0.73038504 0.40804374 0.52295758 0.37534128
 0.30632296 0.64156918 0.4220073  0.79661586 0.56808342 0.29139018
 0.32566296 0.42018173 0.60946894 0.16765223] t:[ 1.1284094  -0.44698513 -0.04781196  1.55521818 -1.04442658  0.37468648
 -0.58653034  1.04694013 -0.94008221 -1.10552243 -0.03453972 -0.87592802
  1.38357232 -1.07909392 -1.0056775  -0.18915508  0.32975516  0.87708424
  1.21355526  1.10086444  0.02053458 -0.72379118 -0.19287933  1.34072352
 -0.31025421 -0.36319744 -1.35954153 -1.19348593  0.38329706  0.211309
 -0.73422666  1.58220899]
[0.08956512] z:[0.36307963 0.30254436 0.49897455 0.49319297 0.47752659 0.43535756
 0.27547998 0.33117255 0.50713897 0.31442606 0.43591398 0.80464024
 0.59003714 0.38356606 0.50167416 0.670572   0.68544205 0.42556948
 0.28031591 0.26974616 0.66834983 0.58430557 0.8144258  0.73603462
 0.66438525 0.45484583 0.2519816  0.57949227 0.31055094 0.40218261
 0.64650978 0.55650109 0.62531644 0.28849528 0.55363335 0.70980573
 0.24683418 0.65364692 0.69061602 0.71499077 0.482844   0.21381096
 0.56693094 0.36641644 0.74269616 0.60115447 0.69142368 0.34485474
 0.75760019 0.40154755 0.72787292 0.40553162 0.52338272 0.37576641
 0.30809642 0.64334263 0.42638559 0.80099415 0.56881046 0.29211722
 0.32953254 0.42405132 0.60705348 0.16523676] t:[ 1.13251041 -0.4442745  -0.04386245  1.55877785 -1.0489516   0.3782098
 -0.58354718  1.04695685 -0.943799   -1.10568377 -0.03854088 -0.87916211
  1.38261223 -1.07967189 -1.00444231 -0.18580925  0.33354239  0.88108233
  1.21119547  1.10429413  0.0244673  -0.72455705 -0.19605487  1.33900045
 -0.30762959 -0.3593967  -1.35640995 -1.19047455  0.38248893  0.21502381
 -0.73807391  1.58521477]
[0.08990137] z:[0.3596233  0.29879044 0.49602008 0.4937295  0.48176042 0.43571761
 0.27352643 0.33538417 0.51106237 0.31377291 0.43965294 0.80872722
 0.58671877 0.37993591 0.49835429 0.67462644 0.68269649 0.42282392
 0.27749289 0.26692315 0.66482214 0.58077788 0.81432506 0.73593389
 0.66187708 0.45233766 0.25525353 0.58276419 0.3141166  0.40574827
 0.64296521 0.55295652 0.62256558 0.28574441 0.55521497 0.71138736
 0.24814884 0.65496157 0.69195502 0.71632977 0.48033767 0.21130463
 0.56420016 0.36368566 0.73969666 0.59815497 0.69687992 0.35031099
 0.75517803 0.39912539 0.72554434 0.40320304 0.52442664 0.37681033
 0.31035799 0.64560421 0.43117529 0.80578385 0.57018945 0.29349621
 0.33309353 0.42761231 0.60487492 0.1630582 ] t:[ 1.13662523 -0.44130856 -0.04004155  1.56205679 -1.05350631  0.38154937
 -0.58060785  1.04718007 -0.94747177 -1.10602969 -0.04245717 -0.88194799
  1.38140782 -1.0798341  -1.00317096 -0.18277787  0.33734649  0.88500408
  1.2088208   1.10787169  0.02855652 -0.72617827 -0.19921771  1.3372483
 -0.30456459 -0.35528711 -1.35317769 -1.18726113  0.38189344  0.21852906
 -0.74164707  1.58768113]
[0.09008277] z:[0.35632349 0.29517365 0.49316818 0.49436994 0.48595378 0.43655236
 0.27183921 0.33957616 0.51466097 0.31334381 0.44352144 0.81292482
 0.58356734 0.37653132 0.49512211 0.67886727 0.68059379 0.42072122
 0.27536379 0.26479404 0.66150432 0.57746006 0.81458998 0.7361988
 0.6597905  0.45025108 0.25846134 0.58597201 0.31771052 0.40934219
 0.63955484 0.54954614 0.62001338 0.28319221 0.55743925 0.71361163
 0.24996394 0.65677668 0.69392247 0.71829723 0.47815166 0.20911862
 0.56168689 0.36117239 0.73685217 0.59531048 0.70433118 0.35776225
 0.75312794 0.3970753  0.72361016 0.40126886 0.52645554 0.37883923
 0.31315928 0.64840549 0.43750585 0.81211441 0.5733393  0.29664606
 0.33657233 0.4310911  0.60306623 0.16124951] t:[ 1.1405663  -0.43857117 -0.03628571  1.56546028 -1.05794671  0.38481968
 -0.57780079  1.04777369 -0.95125099 -1.10594955 -0.04631637 -0.88490876
  1.38001447 -1.08026506 -1.00239735 -0.18000057  0.34118397  0.8888201
  1.20642147  1.11141808  0.03265425 -0.72814668 -0.20240023  1.3354333
 -0.30154035 -0.35130938 -1.34996512 -1.18405917  0.38184267  0.22205289
 -0.74524867  1.59023421]
[0.09024048] z:[0.35278221 0.29134113 0.49014496 0.49486606 0.48999502 0.43729029
 0.2701186  0.34352537 0.51805576 0.31270822 0.44723651 0.81700156
 0.58001914 0.37267989 0.49176712 0.68311787 0.67829167 0.4184191
 0.27304956 0.26247981 0.65812681 0.57408255 0.81425424 0.73586307
 0.6573815  0.44784209 0.2620172  0.58952787 0.32140826 0.41303993
 0.6360015  0.54599281 0.61737088 0.28054971 0.55894047 0.71511285
 0.25150866 0.65832139 0.69556189 0.71993664 0.47544426 0.20641122
 0.55889493 0.35838043 0.73376578 0.59222409 0.70990051 0.36333157
 0.75049976 0.39444712 0.72107709 0.39873579 0.52802935 0.38041304
 0.31599331 0.65123953 0.44322718 0.81783574 0.57581649 0.29912325
 0.34031095 0.43482973 0.60086899 0.15905227] t:[ 1.14439032 -0.43575192 -0.03268557  1.5687639  -1.06229949  0.38821773
 -0.57555214  1.0482792  -0.95515185 -1.10622293 -0.05015856 -0.88804437
  1.37870651 -1.080852   -1.0021105  -0.17727548  0.34503982  0.89280998
  1.20411389  1.11495755  0.03693971 -0.73024187 -0.20554258  1.33402607
 -0.29860789 -0.34733674 -1.34650589 -1.18077958  0.38264576  0.22568535
 -0.74905051  1.59292383]
[0.09051805] z:[0.34908646 0.2874192  0.48704599 0.49591758 0.49398525 0.43774677
 0.26862533 0.34763691 0.52108851 0.31233395 0.45117823 0.82123746
 0.57637688 0.36874065 0.48827579 0.68737978 0.67614467 0.4162721
 0.27098826 0.26041851 0.65462085 0.57057659 0.81355945 0.73516828
 0.65485843 0.44531902 0.26526021 0.59277088 0.32509726 0.41672893
 0.63236715 0.54235845 0.61447008 0.27764891 0.56017142 0.71634381
 0.25301788 0.65983062 0.69732171 0.72169646 0.47249087 0.20345782
 0.55587793 0.35536344 0.73051122 0.58896953 0.71423184 0.3676629
 0.74758868 0.39153604 0.71822338 0.39588208 0.52968756 0.38207126
 0.31893456 0.65418077 0.44800698 0.82261553 0.57803106 0.30133782
 0.34393833 0.43845711 0.5984983  0.15668159] t:[ 1.14830207 -0.43283978 -0.02881296  1.5720889  -1.06675211  0.39172048
 -0.57313118  1.04907775 -0.95880568 -1.10703389 -0.05404176 -0.8909872
  1.37761512 -1.08106104 -1.00152388 -0.17507367  0.34887242  0.89657299
  1.20190479  1.11811531  0.04135094 -0.73293368 -0.2089198   1.33266856
 -0.29557763 -0.34326194 -1.34289009 -1.17743977  0.38412552  0.22943328
 -0.75282086  1.59523419]
[0.0907382] z:[0.34575918 0.2837225  0.48438879 0.49656464 0.49806739 0.43860736
 0.26719872 0.35163862 0.52382542 0.31215306 0.45500348 0.82542675
 0.57326971 0.36522944 0.48514979 0.69163131 0.67419284 0.41432027
 0.26918903 0.25861928 0.65120465 0.56716039 0.81304532 0.73465415
 0.65256032 0.4430209  0.26824189 0.59575255 0.32829176 0.41992343
 0.62878273 0.53877403 0.6117097  0.27488854 0.56216473 0.71833711
 0.25504706 0.6618598  0.69991496 0.72428971 0.470009   0.20097596
 0.55303338 0.35251888 0.72748911 0.58594742 0.71896354 0.37239461
 0.74520883 0.38915619 0.7158896  0.3935483  0.53238677 0.38477046
 0.32236193 0.65760815 0.45257027 0.82717883 0.5815852  0.30489196
 0.3470667  0.44158547 0.59654139 0.15472467] t:[ 1.15219337 -0.42991736 -0.02530207  1.575312   -1.07100559  0.39468948
 -0.57105101  1.05014983 -0.96260411 -1.10733786 -0.05786761 -0.89376675
  1.37612601 -1.08135826 -1.00100253 -0.17301071  0.35274523  0.90030832
  1.20027931  1.12125515  0.04542948 -0.73568762 -0.21156017  1.331934
 -0.29308091 -0.33941608 -1.33982784 -1.17477573  0.38502894  0.23283032
 -0.75631694  1.5972201 ]
[0.09093355] z:[0.34218113 0.2798863  0.48144736 0.4971591  0.50206578 0.43901045
 0.26542557 0.35563475 0.526566   0.3115302  0.45884522 0.82958727
 0.56970315 0.36131348 0.48177631 0.69579875 0.6719519  0.41207934
 0.2671789  0.25660916 0.64764918 0.56360492 0.81224491 0.73385374
 0.65000196 0.44046255 0.27165798 0.59916865 0.3317393  0.42337098
 0.62504985 0.53504116 0.60874291 0.27192174 0.56370569 0.71987807
 0.25644318 0.66325592 0.70207505 0.7264498  0.46707245 0.19803941
 0.54991187 0.34939737 0.72421216 0.58267047 0.72120773 0.3746388
 0.7423308  0.38627816 0.71303443 0.39069313 0.53398693 0.38637062
 0.32504663 0.66029284 0.45649117 0.83109973 0.58447913 0.30778588
 0.35045127 0.44497005 0.59422206 0.15240535] t:[ 1.15604913 -0.42686411 -0.02164359  1.57864186 -1.07524644  0.39787249
 -0.56886766  1.0514814  -0.96643766 -1.10774381 -0.06171545 -0.89686072
  1.37454929 -1.08167879 -1.00079632 -0.17088588  0.35663523  0.9042512
  1.19839293  1.12446853  0.04949895 -0.73875086 -0.21448931  1.33093301
 -0.29088212 -0.33564065 -1.3366563  -1.1716962   0.38655114  0.23638117
 -0.76002243  1.59921981]
[0.09112586] z:[0.3386269  0.27613046 0.47859508 0.49813422 0.50599756 0.4393603
 0.26365296 0.35962321 0.52947117 0.31100798 0.46275014 0.83374828
 0.56624796 0.35757275 0.47845769 0.69982678 0.66980882 0.40993626
 0.26523686 0.25466711 0.64410357 0.56005931 0.81131547 0.73292429
 0.64752977 0.43799036 0.27515938 0.60267005 0.33520316 0.42683483
 0.62144322 0.53143453 0.60583244 0.26901127 0.56594698 0.72211937
 0.25815885 0.66497158 0.70467069 0.72904544 0.46422616 0.19519312
 0.54689826 0.34638377 0.72099576 0.57945407 0.7237201  0.37715117
 0.73956859 0.38351595 0.71030594 0.38796464 0.53609085 0.38847455
 0.32788918 0.66313539 0.46072514 0.83533369 0.58887942 0.31218618
 0.35381393 0.44833271 0.5921218  0.15030508] t:[ 1.15991643 -0.4235424  -0.01791446  1.58211654 -1.07948632  0.40091863
 -0.56644202  1.05353462 -0.97012165 -1.10842069 -0.06546901 -0.8999311
  1.37266453 -1.08188022 -1.00046963 -0.16896147  0.36046236  0.90814882
  1.19668304  1.12769886  0.05356507 -0.74194279 -0.21742584  1.32999176
 -0.28842053 -0.33175051 -1.33356741 -1.16890656  0.38837831  0.23989345
 -0.76364821  1.60085439]
[0.09136934] z:[0.3348414  0.27217708 0.47540101 0.49909928 0.50990445 0.43974515
 0.26204387 0.36372809 0.53219124 0.31051923 0.4665688  0.83783757
 0.56238348 0.35348897 0.47490368 0.70367773 0.66765332 0.40778075
 0.26332649 0.25275674 0.64049918 0.55645492 0.81015116 0.73175999
 0.64493796 0.43539855 0.27894862 0.60645929 0.33892271 0.43055438
 0.61782803 0.52781934 0.60281056 0.2659894  0.5680434  0.72421579
 0.25941908 0.66623181 0.70686286 0.73123761 0.46090947 0.19187643
 0.54367027 0.34315577 0.71764861 0.57610692 0.72526602 0.37869709
 0.73637045 0.38031781 0.70713846 0.38479717 0.53726577 0.38964946
 0.32959654 0.66484275 0.46479892 0.83940748 0.59278825 0.31609501
 0.35745013 0.45196891 0.58973386 0.14791714] t:[ 1.16372459 -0.42048271 -0.01405933  1.58545821 -1.08361191  0.40426256
 -0.56387828  1.05478573 -0.9738495  -1.10894163 -0.06930222 -0.9028577
  1.37059089 -1.08187177 -1.00006406 -0.16763808  0.3642199   0.91209667
  1.19472354  1.13049454  0.05782016 -0.74537528 -0.22077647  1.32901514
 -0.28616562 -0.3281089  -1.33012982 -1.16569268  0.39052556  0.24365831
 -0.76741828  1.60231489]
[0.09162285] z:[0.33129782 0.26837909 0.47253542 0.50090919 0.51392134 0.4404731
 0.26078979 0.36780099 0.53505537 0.31002927 0.47048006 0.84203069
 0.55869006 0.34955115 0.47148041 0.70769935 0.66585769 0.40598512
 0.26169729 0.25112754 0.63717064 0.55312638 0.80951302 0.73112185
 0.64316496 0.43362554 0.28298944 0.6105001  0.34277934 0.43441101
 0.61447491 0.52446622 0.60036021 0.26353904 0.57098867 0.72716106
 0.26161456 0.66842729 0.71034584 0.73472059 0.45811305 0.18908001
 0.540954   0.3404395  0.71468399 0.5731423  0.72911025 0.38254132
 0.73378436 0.37773172 0.704646   0.38230471 0.54009475 0.39247844
 0.33251502 0.66776123 0.47050378 0.84511233 0.59991599 0.32322274
 0.36114283 0.4556616  0.58825401 0.14643729] t:[ 1.16751291 -0.41733088 -0.01021813  1.58886096 -1.08765598  0.40759763
 -0.56150102  1.05645634 -0.97761914 -1.10959926 -0.07309462 -0.90584901
  1.36861596 -1.08207389 -0.99997158 -0.166523    0.36802303  0.9160882
  1.19269175  1.1330924   0.061983   -0.74899629 -0.22410638  1.32804632
 -0.28399404 -0.32455314 -1.3267004  -1.16260545  0.39277603  0.24738802
 -0.77121684  1.6035438 ]
[0.09181317] z:[0.3278377  0.26471531 0.4696555  0.50307005 0.51787057 0.44098019
 0.25936815 0.37174602 0.53802621 0.30963843 0.47435911 0.84617677
 0.55519066 0.34575626 0.46809977 0.7116754  0.66394031 0.40406774
 0.25994789 0.24937815 0.63379836 0.5497541  0.80842921 0.73003804
 0.64121574 0.43167633 0.28659798 0.61410865 0.34636488 0.43799655
 0.6110105  0.52100181 0.59786382 0.26104265 0.57376079 0.72993318
 0.26344451 0.67025724 0.71355149 0.73792624 0.45511322 0.18608018
 0.53814282 0.33762832 0.7117025  0.57016081 0.73069198 0.38412304
 0.73099495 0.3749423  0.70191205 0.37957076 0.54253313 0.39491682
 0.33500852 0.67025474 0.47558132 0.85018987 0.60584291 0.32914966
 0.36441796 0.45893674 0.58649003 0.14467332] t:[ 1.17131739 -0.41396568 -0.00645707  1.59206923 -1.0917219   0.41071321
 -0.55896254  1.05812875 -0.98127129 -1.11033766 -0.07681596 -0.90863085
  1.3664286  -1.08220368 -0.99960458 -0.16553395  0.37186811  0.91993195
  1.19072207  1.13601944  0.06597426 -0.7531146  -0.22732177  1.32721421
 -0.28172896 -0.32079061 -1.3234464  -1.1594251   0.39486171  0.25095557
 -0.77478318  1.60406279]
[0.09194006] z:[0.32428322 0.26102411 0.46665696 0.5048491  0.52171473 0.44068965
 0.25798112 0.37567898 0.54043495 0.3092529  0.47819737 0.85027747
 0.55178221 0.34201467 0.4647084  0.71552973 0.66190301 0.40203044
 0.25841416 0.24784441 0.6301587  0.54611444 0.80712386 0.72873269
 0.63865879 0.42911937 0.2899191  0.61742977 0.34961719 0.44124887
 0.60730149 0.5172928  0.59501902 0.25819786 0.57584373 0.73201612
 0.26476569 0.67157843 0.7160473  0.74042206 0.4519229  0.18288986
 0.53496974 0.33445524 0.70869229 0.5671506  0.72919816 0.38262922
 0.72790962 0.37185698 0.69883354 0.37649224 0.54396727 0.39635096
 0.33699081 0.67223703 0.47961007 0.85421862 0.61001548 0.33332224
 0.36742469 0.46194347 0.58418441 0.14236769] t:[ 1.17513206 -0.41070263 -0.00274349  1.59531359 -1.09571287  0.41348885
 -0.55655888  1.05976415 -0.98477535 -1.11139886 -0.08054639 -0.91116336
  1.36496308 -1.08208422 -0.99894993 -0.16503697  0.37574232  0.92351042
  1.18862189  1.13877083  0.06992682 -0.7570931  -0.23044552  1.3263536
 -0.27986309 -0.31722778 -1.32026151 -1.15609375  0.3968598   0.25446664
 -0.77817024  1.60425656]
[0.09222754] z:[0.32058164 0.25724644 0.46371593 0.50689407 0.52547945 0.44045612
 0.25677397 0.37954304 0.54271415 0.30866069 0.48173752 0.8541318
 0.54811345 0.33814052 0.46123222 0.71915748 0.66023333 0.40036076
 0.25709772 0.24652797 0.62666909 0.54262483 0.8058077  0.72741652
 0.63642139 0.42688198 0.29351194 0.62102261 0.35312073 0.4447524
 0.60382173 0.51381304 0.59221834 0.25539717 0.57874819 0.73492058
 0.26656786 0.6733806  0.71931347 0.74368822 0.44858697 0.17955393
 0.53183324 0.33131874 0.70555642 0.56401473 0.727976   0.38140706
 0.72480738 0.36875474 0.69575206 0.37341076 0.54619654 0.39858023
 0.33945789 0.6747041  0.48350576 0.85811432 0.61487239 0.33817914
 0.3706983  0.46521708 0.58202755 0.14021083] t:[ 1.17890745e+00 -4.07586632e-01  1.02479515e-03  1.59830924e+00
 -1.09944309e+00  4.16474192e-01 -5.54292936e-01  1.06144423e+00
 -9.88185970e-01 -1.11228801e+00 -8.42338300e-02 -9.13526946e-01
  1.36305725e+00 -1.08196299e+00 -9.98400329e-01 -1.65034351e-01
  3.79401621e-01  9.27220637e-01  1.18675764e+00  1.14093471e+00
  7.39393473e-02 -7.60822940e-01 -2.33807623e-01  1.32568130e+00
 -2.77908155e-01 -3.13744962e-01 -1.31681489e+00 -1.15305257e+00
  3.99126167e-01  2.58044251e-01 -7.81648842e-01  1.60410084e+00]
[0.09225001] z:[0.31706358 0.2534575  0.46089903 0.50913815 0.52941575 0.44087704
 0.25617432 0.38349521 0.54516698 0.3082035  0.4855998  0.85825901
 0.54449594 0.33430754 0.45785875 0.72323764 0.65896456 0.39909199
 0.25601724 0.24544749 0.62349483 0.53945057 0.80489133 0.72650015
 0.63539163 0.42585222 0.29752217 0.62503284 0.35692139 0.44855307
 0.60049027 0.51048158 0.59002952 0.25320836 0.58341039 0.73958277
 0.26939786 0.6762106  0.72368829 0.74806304 0.44573226 0.17669922
 0.5291721  0.3286576  0.70271715 0.56117546 0.72970393 0.38313499
 0.72226195 0.36620931 0.69330034 0.37095904 0.55004782 0.40243151
 0.34276564 0.67801186 0.48933655 0.86394511 0.6223605  0.34566726
 0.37425918 0.46877796 0.58101753 0.13920082] t:[ 1.18248748 -0.40487226  0.00475547  1.60126781 -1.10318447  0.41973231
 -0.55230981  1.06317673 -0.99188693 -1.11267972 -0.08795095 -0.9164099
  1.36125978 -1.08236158 -0.99858099 -0.16521464  0.38314541  0.93118545
  1.18480536  1.14313326  0.07797    -0.7647104  -0.23733984  1.32459903
 -0.27600422 -0.31035476 -1.31325684 -1.15002119  0.40204872  0.26179947
 -0.78539167  1.60424619]
[0.09238094] z:[0.31323691 0.24946384 0.45808982 0.51047603 0.53316307 0.44055561
 0.25477975 0.38713401 0.54746263 0.30727632 0.48902776 0.86209737
 0.54086781 0.33049543 0.45444718 0.72696044 0.65690303 0.39703046
 0.25446927 0.24389953 0.6198285  0.53578424 0.80279625 0.72440508
 0.63235122 0.42281181 0.30093247 0.62844314 0.36023603 0.4518677
 0.59663821 0.50662952 0.58689245 0.25007129 0.58553304 0.74170543
 0.27077764 0.67759038 0.7259567  0.75033145 0.44197921 0.17294617
 0.52543847 0.32492397 0.69919877 0.55765708 0.72557984 0.3790109
 0.71868264 0.36263    0.68970167 0.36736037 0.55092019 0.40330388
 0.34438223 0.67962845 0.49225327 0.86686183 0.62517869 0.34848544
 0.37744815 0.47196692 0.57777741 0.13596069] t:[ 1.18604785 -0.40177751  0.00815842  1.60386971 -1.10696378  0.42279257
 -0.55081575  1.06472311 -0.99559005 -1.11313543 -0.09166533 -0.91900221
  1.35933929 -1.08251075 -0.99829875 -0.16563333  0.38696824  0.93503218
  1.18297174  1.14462183  0.08203939 -0.7683314  -0.2406346   1.32381006
 -0.27405303 -0.30686115 -1.30984807 -1.14735217  0.40491515  0.26541747
 -0.78894372  1.60407296]
[0.09249777] z:[0.30939164 0.24551627 0.45521712 0.51222323 0.53699397 0.44013662
 0.25425254 0.39114339 0.54998831 0.30640651 0.49275777 0.86612718
 0.53696742 0.32649651 0.45091102 0.73095471 0.6553653  0.39549273
 0.25328494 0.24271519 0.61638204 0.53233778 0.80131296 0.72292178
 0.63084241 0.42130299 0.30480976 0.63232042 0.36405961 0.45569128
 0.59299258 0.50298389 0.58436615 0.24754499 0.58843999 0.74461238
 0.27274797 0.67956071 0.72914565 0.75352041 0.43857488 0.16954184
 0.5223068  0.3217923  0.69597459 0.5544329  0.72462671 0.37805777
 0.71555011 0.35949747 0.686622   0.3642807  0.55364718 0.40603087
 0.34690669 0.68215291 0.49683822 0.87144678 0.63114675 0.35445351
 0.38111269 0.47563147 0.57613171 0.13431499] t:[ 1.18957752 -0.39876069  0.0118785   1.60655268 -1.11074723  0.42617013
 -0.54907172  1.06608238 -0.99905567 -1.11349131 -0.09542411 -0.92156467
  1.35730973 -1.08264737 -0.99797924 -0.16648179  0.39075021  0.9387966
  1.18109265  1.14555435  0.08605858 -0.77179878 -0.24430439  1.32311097
 -0.2721325  -0.30344492 -1.30622109 -1.14443838  0.40802695  0.26933223
 -0.79268309  1.6037913 ]
[0.09259095] z:[0.30551276 0.24153375 0.4524678  0.51439599 0.54079111 0.43951853
 0.2534734  0.39504139 0.55272513 0.30533823 0.49659094 0.87024544
 0.53304234 0.32253634 0.44739332 0.73486343 0.65379878 0.39392621
 0.2520495  0.24147975 0.61291484 0.52887058 0.79945991 0.72106873
 0.62920846 0.41966905 0.30859146 0.63610213 0.36785738 0.45948905
 0.58934501 0.49933632 0.58194608 0.24512491 0.59111201 0.74728439
 0.27424395 0.68105669 0.73192524 0.75629999 0.43510183 0.16606879
 0.51907096 0.31855646 0.69264213 0.55110044 0.72290205 0.37633312
 0.71241185 0.35635921 0.68351404 0.36117274 0.555677   0.40806069
 0.34869094 0.68393715 0.50154235 0.87615091 0.63577917 0.35908593
 0.38465031 0.47916909 0.57425626 0.13243954] t:[ 1.19322422 -0.39552306  0.01563455  1.60929453 -1.11457641  0.42962914
 -0.54732063  1.06810739 -1.00265266 -1.11409077 -0.09911275 -0.9242422
  1.35522509 -1.08295115 -0.99771956 -0.16731993  0.39456215  0.94276
  1.17927308  1.14675655  0.09005319 -0.77549056 -0.24796401  1.32261296
 -0.27002752 -0.29994468 -1.30255807 -1.14148061  0.41114055  0.27309504
 -0.79645997  1.60316857]
[0.09264864] z:[0.30188668 0.23766157 0.4501267  0.51724979 0.54470556 0.4389127
 0.25306397 0.39901057 0.55549065 0.30461043 0.5005718  0.87452286
 0.5293115  0.31867167 0.44413157 0.73918576 0.65296382 0.39309125
 0.25147327 0.24090352 0.60985091 0.52580665 0.79833088 0.71993971
 0.62912393 0.41958452 0.31281186 0.64032253 0.37182247 0.46345414
 0.58598923 0.49598054 0.58047211 0.24365095 0.59512645 0.75129884
 0.27666698 0.68347971 0.73613202 0.76050678 0.43222    0.16318696
 0.51664833 0.31613383 0.68994477 0.54840308 0.72403178 0.37746284
 0.70996483 0.35391219 0.68118725 0.35884595 0.55989127 0.41227496
 0.35158877 0.68683499 0.5085413  0.88314986 0.64254168 0.36584843
 0.38849966 0.48301844 0.57420608 0.13238937] t:[ 1.19673644 -0.39239302  0.01916327  1.61201323 -1.1184056   0.43316877
 -0.54573427  1.07005602 -1.00634264 -1.11480213 -0.1028198  -0.92700336
  1.35327634 -1.08362436 -0.9981019  -0.16808824  0.39844062  0.94682067
  1.17754063  1.14806709  0.09393825 -0.77936083 -0.25162342  1.32204206
 -0.26803815 -0.29647633 -1.29881159 -1.13856067  0.4141676   0.27687963
 -0.80030955  1.60264352]
[0.09267844] z:[0.29784618 0.23359678 0.44712336 0.51948723 0.5483099  0.43783303
 0.25184866 0.40284619 0.55803085 0.30325552 0.50421277 0.87851914
 0.52529241 0.31463115 0.4404661  0.74306575 0.65133475 0.39146218
 0.25029376 0.23972401 0.60611986 0.5220756  0.79575541 0.71736424
 0.62648165 0.41694224 0.31644554 0.6439562  0.37555095 0.46718262
 0.58204342 0.49203473 0.57779395 0.24097279 0.59716677 0.75333916
 0.27765605 0.68446878 0.73829492 0.76266967 0.4282162  0.15918316
 0.51299063 0.31247613 0.68639565 0.54485396 0.71991488 0.37334594
 0.70621721 0.35016457 0.67741762 0.35507632 0.56099221 0.4133759
 0.35278775 0.68803397 0.51169803 0.88630659 0.64627406 0.36958082
 0.39196355 0.48648232 0.57100998 0.12919327] t:[ 1.20026316 -0.3890591   0.02276385  1.61436449 -1.12216204  0.43662338
 -0.54436516  1.07166091 -1.00993627 -1.11570096 -0.10651299 -0.92942409
  1.35092904 -1.08406197 -0.99806671 -0.16930996  0.40232653  0.95065367
  1.17527025  1.14893072  0.09789458 -0.78315601 -0.25552833  1.32127164
 -0.26600989 -0.29302119 -1.29487419 -1.1353493   0.41768758  0.2807626
 -0.80406122  1.60200945]
[0.09269211] z:[0.29413719 0.22981145 0.44457871 0.52263244 0.5521236  0.43663644
 0.2516059  0.40688053 0.56078042 0.30241946 0.5082002  0.88271356
 0.52151661 0.31084045 0.43711046 0.74725227 0.65054541 0.39067284
 0.24975237 0.23918262 0.6028139  0.51876964 0.79403324 0.71564207
 0.6262668  0.41672738 0.32028165 0.64779232 0.3794052  0.47103687
 0.57842261 0.48841392 0.57615329 0.23933213 0.60076436 0.75693674
 0.27959307 0.68640581 0.74171739 0.76609214 0.42495701 0.15592397
 0.51012266 0.30960816 0.68347385 0.54193216 0.71930798 0.37273904
 0.7034602  0.34740756 0.67473711 0.35239581 0.56419459 0.41657828
 0.35488229 0.6901285  0.51717008 0.89177864 0.65269441 0.37600117
 0.39551932 0.49003809 0.5705529  0.12873618] t:[ 1.2036829  -0.38595131  0.02635412  1.61668121 -1.12589732  0.43999966
 -0.5427281   1.0730172  -1.01328182 -1.11655382 -0.11014919 -0.93161501
  1.3485866  -1.08468916 -0.99806051 -0.17056953  0.4061305   0.95429609
  1.17305875  1.14931751  0.10182724 -0.78686108 -0.25948363  1.32024895
 -0.26366882 -0.28944612 -1.29107441 -1.13224076  0.4215487   0.28467394
 -0.80767659  1.60133721]
[0.09275534] z:[0.29028284 0.22584307 0.44234908 0.52529156 0.55591149 0.43508458
 0.25091311 0.41073134 0.56350538 0.3013258  0.51187429 0.88682409
 0.51770301 0.3069438  0.43374919 0.75141105 0.64955215 0.38967958
 0.24917881 0.23860907 0.59947753 0.51543327 0.79179675 0.71340557
 0.62522418 0.41568476 0.32420672 0.65171738 0.3831998  0.47483147
 0.57472401 0.48471532 0.57455246 0.2377313  0.6040469  0.76021928
 0.28130108 0.68811382 0.74505155 0.7694263  0.42151297 0.15247993
 0.50715096 0.30663646 0.68048012 0.53893843 0.71759621 0.37102727
 0.70039573 0.34434309 0.67172871 0.34938741 0.56713013 0.41951382
 0.35681725 0.69206346 0.52225419 0.89686275 0.65767857 0.38098533
 0.39922854 0.49374731 0.56929119 0.12747447] t:[ 1.20719804 -0.38253949  0.02978978  1.61911024 -1.12951687  0.4434679
 -0.54122036  1.07508472 -1.01692549 -1.11716714 -0.1138519  -0.93391865
  1.34657927 -1.08534342 -0.99832807 -0.17141304  0.41012566  0.95819434
  1.17114758  1.14964485  0.10567496 -0.79076316 -0.26332789  1.31935575
 -0.26168359 -0.28597132 -1.28729316 -1.12934432  0.42487048  0.28850163
 -0.81145087  1.60080243]
[0.09272407] z:[0.28653883 0.22204277 0.44016923 0.52798273 0.55952627 0.43353707
 0.25006252 0.41456733 0.56523663 0.30074606 0.5156741  0.89094487
 0.51405136 0.30319938 0.43050591 0.75554771 0.64896562 0.38909305
 0.24890769 0.23833794 0.59603854 0.51199428 0.78987812 0.71148695
 0.6239553  0.41441588 0.32785411 0.65536478 0.38677499 0.47840667
 0.57098942 0.48098072 0.57274754 0.23592637 0.60719648 0.76336887
 0.28302728 0.68984002 0.74812151 0.77249626 0.41815103 0.14911799
 0.50387781 0.30336331 0.67725562 0.53571393 0.71546033 0.36889139
 0.69740685 0.34135421 0.66877563 0.34643433 0.56937035 0.42175404
 0.3585748  0.69382101 0.52688229 0.90149085 0.66234863 0.38565539
 0.4025198  0.49703857 0.56761952 0.1258028 ] t:[ 1.21061289 -0.37957007  0.03326093  1.62114874 -1.13328707  0.44652385
 -0.53972153  1.0769495  -1.02039594 -1.11806457 -0.11740928 -0.93618314
  1.34422588 -1.08636116 -0.99888859 -0.17282604  0.41385562  0.96198728
  1.16917086  1.14967685  0.10958138 -0.79450937 -0.26704786  1.31830915
 -0.26005499 -0.28266538 -1.2838156  -1.12652688  0.4281579   0.29221291
 -0.81501975  1.60001142]
[0.09264542] z:[0.28269911 0.21817928 0.43794509 0.53078462 0.56302815 0.43144534
 0.24887067 0.41826542 0.56699306 0.29969449 0.51943724 0.89501862
 0.51036238 0.29947001 0.42723477 0.75958531 0.6482744  0.38840183
 0.24867773 0.23810798 0.59239634 0.50835208 0.78731872 0.70892754
 0.62172343 0.41218401 0.33135197 0.65886264 0.39023715 0.48186882
 0.5670539  0.47704521 0.5705058  0.23368464 0.61004049 0.76621288
 0.28453332 0.69134605 0.7507633  0.77513805 0.41453468 0.14550164
 0.50018293 0.29966843 0.67369516 0.53215347 0.71195547 0.36538653
 0.69408225 0.33802961 0.66544369 0.34310239 0.57075574 0.42313944
 0.35995521 0.69520143 0.53066387 0.90527243 0.66630002 0.38960678
 0.40576957 0.50028835 0.5648489  0.12303218] t:[ 1.21411693 -0.37626019  0.03678645  1.62350965 -1.1369464   0.44958746
 -0.53801639  1.07927005 -1.02395933 -1.11926105 -0.12090791 -0.93849162
  1.34176557 -1.08753716 -0.99950062 -0.17415537  0.41771183  0.96578822
  1.16724674  1.14976085  0.11346281 -0.79834413 -0.27074495  1.31715897
 -0.25906742 -0.27962854 -1.28024467 -1.12370196  0.43145755  0.29587503
 -0.81855193  1.59970714]
[0.09267332] z:[0.2789847  0.21446724 0.43601202 0.5342601  0.56661993 0.42892061
 0.24783494 0.42201848 0.56903555 0.29884643 0.52324021 0.89907325
 0.50669283 0.29577995 0.42405619 0.76360172 0.64788949 0.38801692
 0.24876415 0.2381944  0.58896304 0.50491878 0.78495508 0.7065639
 0.62106041 0.411521   0.3349933  0.66250397 0.39384613 0.4854778
 0.56338055 0.47337186 0.56899451 0.23217334 0.61340432 0.76957671
 0.28606653 0.69287927 0.75381309 0.77818784 0.41124663 0.14221359
 0.49702627 0.29651177 0.67057464 0.52903295 0.7096603  0.36309136
 0.69111831 0.33506566 0.66251731 0.34017601 0.57278368 0.42516737
 0.36139276 0.69663898 0.535715   0.91032356 0.67098957 0.39429633
 0.4091927  0.50371148 0.56379485 0.12197814] t:[ 1.21760046 -0.37285001  0.04041522  1.62575456 -1.14054363  0.45274471
 -0.53598045  1.0818231  -1.02745576 -1.12082262 -0.12431565 -0.94059142
  1.3389852  -1.0883884  -0.99961376 -0.1757813   0.42154052  0.96949875
  1.16515704  1.14962672  0.11724667 -0.80220987 -0.27448861  1.31586449
 -0.25777571 -0.27644924 -1.2765769  -1.12070016  0.43467195  0.29955807
 -0.82208275  1.59905924]
[0.09265342] z:[0.27505252 0.21055268 0.43404091 0.53824527 0.57011616 0.42584728
 0.24667226 0.42583138 0.57087854 0.29776724 0.52714443 0.90322512
 0.50283046 0.29192161 0.42073878 0.76773747 0.64769139 0.38781882
 0.24916121 0.23859146 0.58548869 0.50144443 0.78247466 0.70408349
 0.62036491 0.4108255  0.33881898 0.66632965 0.39766403 0.4892957
 0.55962976 0.46962107 0.56767994 0.23085877 0.61682596 0.77299834
 0.28753502 0.69434776 0.75682804 0.7812028  0.40767226 0.13863922
 0.49385333 0.29333883 0.66742973 0.52588804 0.70729565 0.36072672
 0.68798822 0.33193558 0.65942033 0.33707903 0.57457645 0.42696015
 0.36265042 0.69789664 0.54079553 0.91540409 0.67586323 0.39916998
 0.41287585 0.50739462 0.56262429 0.12080758] t:[ 1.22117564 -0.36933823  0.04424899  1.62828089 -1.1441656   0.45617093
 -0.53365772  1.08406679 -1.03108109 -1.12221699 -0.12776912 -0.9426292
  1.33637152 -1.08949365 -1.00013189 -0.17708529  0.42545237  0.97330856
  1.16320422  1.1493634   0.12113691 -0.80613903 -0.27845176  1.31421854
 -0.25678081 -0.27344769 -1.27278915 -1.1178681   0.43834649  0.30343672
 -0.82578495  1.59852792]
[0.0924879] z:[0.27108048 0.20665    0.43216174 0.54177083 0.57353042 0.42283007
 0.24587723 0.4297698  0.57274171 0.29690282 0.53114385 0.90740626
 0.4989566  0.28809102 0.41738397 0.77195043 0.64765987 0.3877873
 0.24977086 0.23920111 0.58199946 0.4979552  0.77985191 0.70146074
 0.62008426 0.41054485 0.34266001 0.67017068 0.4015529  0.49318457
 0.55581462 0.46580593 0.56662593 0.22980476 0.62024405 0.77641643
 0.28887243 0.69568517 0.75973912 0.78411387 0.4039911  0.13495806
 0.49058183 0.29006734 0.66432303 0.52278134 0.7047684  0.35819946
 0.68483035 0.32877771 0.65629977 0.33395848 0.57601517 0.42839887
 0.36380942 0.69905563 0.54571225 0.9203208  0.68076364 0.4040704
 0.41655279 0.51107157 0.56150668 0.11968996] t:[ 1.22452719 -0.36624313  0.04811938  1.63076361 -1.14771337  0.45964219
 -0.53163     1.08653694 -1.03444359 -1.12363668 -0.13117492 -0.94449665
  1.33369383 -1.09052699 -1.00023325 -0.17890408  0.42929618  0.97679216
  1.16102985  1.14856523  0.12500445 -0.80981345 -0.28255516  1.312805
 -0.25590682 -0.27058409 -1.26886843 -1.11502607  0.44224245  0.30746634
 -0.82945756  1.59795199]
[0.09243655] z:[0.26723967 0.20276974 0.43104646 0.5459756  0.57700453 0.41980649
 0.24529677 0.4337159  0.57479989 0.29654209 0.53527593 0.91167108
 0.49523324 0.28435992 0.41430514 0.77631348 0.6478575  0.38798493
 0.25048381 0.23991407 0.57886324 0.49481898 0.77784075 0.69944958
 0.62140836 0.41186895 0.34673889 0.67424956 0.40557803 0.4972097
 0.55231141 0.46230272 0.56634411 0.22952294 0.62429443 0.78046682
 0.29035885 0.69717159 0.76317688 0.78755163 0.40071841 0.13168537
 0.48799217 0.28747767 0.66170915 0.52016746 0.70345961 0.35689067
 0.68233557 0.32628293 0.65389956 0.33155827 0.57810211 0.4304858
 0.36484914 0.70009536 0.55235626 0.92696481 0.68618929 0.40949604
 0.42043216 0.51495094 0.56268579 0.12086908] t:[ 1.22797051 -0.36317626  0.05199771  1.63326436 -1.15118677  0.46321187
 -0.52936556  1.08937942 -1.03800893 -1.12549787 -0.13455687 -0.94633626
  1.33141705 -1.0918919  -1.00095773 -0.18028835  0.43314719  0.98050096
  1.15915746  1.14804184  0.12880487 -0.81359442 -0.28659564  1.31102256
 -0.25546404 -0.26799518 -1.26494616 -1.11223266  0.44594857  0.31139743
 -0.83319957  1.59767566]
